sample_id,video_path,selection_reason,duration_seconds,decoded_frame_count,sampled_frame_count,embedding_0000,embedding_0001,embedding_0002,embedding_0003,embedding_0004,embedding_0005,embedding_0006,embedding_0007,embedding_0008,embedding_0009,embedding_0010,embedding_0011,embedding_0012,embedding_0013,embedding_0014,embedding_0015,embedding_0016,embedding_0017,embedding_0018,embedding_0019,embedding_0020,embedding_0021,embedding_0022,embedding_0023,embedding_0024,embedding_0025,embedding_0026,embedding_0027,embedding_0028,embedding_0029,embedding_0030,embedding_0031,embedding_0032,embedding_0033,embedding_0034,embedding_0035,embedding_0036,embedding_0037,embedding_0038,embedding_0039,embedding_0040,embedding_0041,embedding_0042,embedding_0043,embedding_0044,embedding_0045,embedding_0046,embedding_0047,embedding_0048,embedding_0049,embedding_0050,embedding_0051,embedding_0052,embedding_0053,embedding_0054,embedding_0055,embedding_0056,embedding_0057,embedding_0058,embedding_0059,embedding_0060,embedding_0061,embedding_0062,embedding_0063,embedding_0064,embedding_0065,embedding_0066,embedding_0067,embedding_0068,embedding_0069,embedding_0070,embedding_0071,embedding_0072,embedding_0073,embedding_0074,embedding_0075,embedding_0076,embedding_0077,embedding_0078,embedding_0079,embedding_0080,embedding_0081,embedding_0082,embedding_0083,embedding_0084,embedding_0085,embedding_0086,embedding_0087,embedding_0088,embedding_0089,embedding_0090,embedding_0091,embedding_0092,embedding_0093,embedding_0094,embedding_0095,embedding_0096,embedding_0097,embedding_0098,embedding_0099,embedding_0100,embedding_0101,embedding_0102,embedding_0103,embedding_0104,embedding_0105,embedding_0106,embedding_0107,embedding_0108,embedding_0109,embedding_0110,embedding_0111,embedding_0112,embedding_0113,embedding_0114,embedding_0115,embedding_0116,embedding_0117,embedding_0118,embedding_0119,embedding_0120,embedding_0121,embedding_0122,embedding_0123,embedding_0124,embedding_0125,embedding_0126,embedding_0127,embedding_0128,embedding_0129,embedding_0130,embedding_0131,embedding_0132,embedding_0133,embedding_0134,embedding_0135,embedding_0136,embedding_0137,embedding_0138,embedding_0139,embedding_0140,embedding_0141,embedding_0142,embedding_0143,embedding_0144,embedding_0145,embedding_0146,embedding_0147,embedding_0148,embedding_0149,embedding_0150,embedding_0151,embedding_0152,embedding_0153,embedding_0154,embedding_0155,embedding_0156,embedding_0157,embedding_0158,embedding_0159,embedding_0160,embedding_0161,embedding_0162,embedding_0163,embedding_0164,embedding_0165,embedding_0166,embedding_0167,embedding_0168,embedding_0169,embedding_0170,embedding_0171,embedding_0172,embedding_0173,embedding_0174,embedding_0175,embedding_0176,embedding_0177,embedding_0178,embedding_0179,embedding_0180,embedding_0181,embedding_0182,embedding_0183,embedding_0184,embedding_0185,embedding_0186,embedding_0187,embedding_0188,embedding_0189,embedding_0190,embedding_0191,embedding_0192,embedding_0193,embedding_0194,embedding_0195,embedding_0196,embedding_0197,embedding_0198,embedding_0199,embedding_0200,embedding_0201,embedding_0202,embedding_0203,embedding_0204,embedding_0205,embedding_0206,embedding_0207,embedding_0208,embedding_0209,embedding_0210,embedding_0211,embedding_0212,embedding_0213,embedding_0214,embedding_0215,embedding_0216,embedding_0217,embedding_0218,embedding_0219,embedding_0220,embedding_0221,embedding_0222,embedding_0223,embedding_0224,embedding_0225,embedding_0226,embedding_0227,embedding_0228,embedding_0229,embedding_0230,embedding_0231,embedding_0232,embedding_0233,embedding_0234,embedding_0235,embedding_0236,embedding_0237,embedding_0238,embedding_0239,embedding_0240,embedding_0241,embedding_0242,embedding_0243,embedding_0244,embedding_0245,embedding_0246,embedding_0247,embedding_0248,embedding_0249,embedding_0250,embedding_0251,embedding_0252,embedding_0253,embedding_0254,embedding_0255,embedding_0256,embedding_0257,embedding_0258,embedding_0259,embedding_0260,embedding_0261,embedding_0262,embedding_0263,embedding_0264,embedding_0265,embedding_0266,embedding_0267,embedding_0268,embedding_0269,embedding_0270,embedding_0271,embedding_0272,embedding_0273,embedding_0274,embedding_0275,embedding_0276,embedding_0277,embedding_0278,embedding_0279,embedding_0280,embedding_0281,embedding_0282,embedding_0283,embedding_0284,embedding_0285,embedding_0286,embedding_0287,embedding_0288,embedding_0289,embedding_0290,embedding_0291,embedding_0292,embedding_0293,embedding_0294,embedding_0295,embedding_0296,embedding_0297,embedding_0298,embedding_0299,embedding_0300,embedding_0301,embedding_0302,embedding_0303,embedding_0304,embedding_0305,embedding_0306,embedding_0307,embedding_0308,embedding_0309,embedding_0310,embedding_0311,embedding_0312,embedding_0313,embedding_0314,embedding_0315,embedding_0316,embedding_0317,embedding_0318,embedding_0319,embedding_0320,embedding_0321,embedding_0322,embedding_0323,embedding_0324,embedding_0325,embedding_0326,embedding_0327,embedding_0328,embedding_0329,embedding_0330,embedding_0331,embedding_0332,embedding_0333,embedding_0334,embedding_0335,embedding_0336,embedding_0337,embedding_0338,embedding_0339,embedding_0340,embedding_0341,embedding_0342,embedding_0343,embedding_0344,embedding_0345,embedding_0346,embedding_0347,embedding_0348,embedding_0349,embedding_0350,embedding_0351,embedding_0352,embedding_0353,embedding_0354,embedding_0355,embedding_0356,embedding_0357,embedding_0358,embedding_0359,embedding_0360,embedding_0361,embedding_0362,embedding_0363,embedding_0364,embedding_0365,embedding_0366,embedding_0367,embedding_0368,embedding_0369,embedding_0370,embedding_0371,embedding_0372,embedding_0373,embedding_0374,embedding_0375,embedding_0376,embedding_0377,embedding_0378,embedding_0379,embedding_0380,embedding_0381,embedding_0382,embedding_0383,embedding_0384,embedding_0385,embedding_0386,embedding_0387,embedding_0388,embedding_0389,embedding_0390,embedding_0391,embedding_0392,embedding_0393,embedding_0394,embedding_0395,embedding_0396,embedding_0397,embedding_0398,embedding_0399,embedding_0400,embedding_0401,embedding_0402,embedding_0403,embedding_0404,embedding_0405,embedding_0406,embedding_0407,embedding_0408,embedding_0409,embedding_0410,embedding_0411,embedding_0412,embedding_0413,embedding_0414,embedding_0415,embedding_0416,embedding_0417,embedding_0418,embedding_0419,embedding_0420,embedding_0421,embedding_0422,embedding_0423,embedding_0424,embedding_0425,embedding_0426,embedding_0427,embedding_0428,embedding_0429,embedding_0430,embedding_0431,embedding_0432,embedding_0433,embedding_0434,embedding_0435,embedding_0436,embedding_0437,embedding_0438,embedding_0439,embedding_0440,embedding_0441,embedding_0442,embedding_0443,embedding_0444,embedding_0445,embedding_0446,embedding_0447,embedding_0448,embedding_0449,embedding_0450,embedding_0451,embedding_0452,embedding_0453,embedding_0454,embedding_0455,embedding_0456,embedding_0457,embedding_0458,embedding_0459,embedding_0460,embedding_0461,embedding_0462,embedding_0463,embedding_0464,embedding_0465,embedding_0466,embedding_0467,embedding_0468,embedding_0469,embedding_0470,embedding_0471,embedding_0472,embedding_0473,embedding_0474,embedding_0475,embedding_0476,embedding_0477,embedding_0478,embedding_0479,embedding_0480,embedding_0481,embedding_0482,embedding_0483,embedding_0484,embedding_0485,embedding_0486,embedding_0487,embedding_0488,embedding_0489,embedding_0490,embedding_0491,embedding_0492,embedding_0493,embedding_0494,embedding_0495,embedding_0496,embedding_0497,embedding_0498,embedding_0499,embedding_0500,embedding_0501,embedding_0502,embedding_0503,embedding_0504,embedding_0505,embedding_0506,embedding_0507,embedding_0508,embedding_0509,embedding_0510,embedding_0511,embedding_0512,embedding_0513,embedding_0514,embedding_0515,embedding_0516,embedding_0517,embedding_0518,embedding_0519,embedding_0520,embedding_0521,embedding_0522,embedding_0523,embedding_0524,embedding_0525,embedding_0526,embedding_0527,embedding_0528,embedding_0529,embedding_0530,embedding_0531,embedding_0532,embedding_0533,embedding_0534,embedding_0535,embedding_0536,embedding_0537,embedding_0538,embedding_0539,embedding_0540,embedding_0541,embedding_0542,embedding_0543,embedding_0544,embedding_0545,embedding_0546,embedding_0547,embedding_0548,embedding_0549,embedding_0550,embedding_0551,embedding_0552,embedding_0553,embedding_0554,embedding_0555,embedding_0556,embedding_0557,embedding_0558,embedding_0559,embedding_0560,embedding_0561,embedding_0562,embedding_0563,embedding_0564,embedding_0565,embedding_0566,embedding_0567,embedding_0568,embedding_0569,embedding_0570,embedding_0571,embedding_0572,embedding_0573,embedding_0574,embedding_0575,embedding_0576,embedding_0577,embedding_0578,embedding_0579,embedding_0580,embedding_0581,embedding_0582,embedding_0583,embedding_0584,embedding_0585,embedding_0586,embedding_0587,embedding_0588,embedding_0589,embedding_0590,embedding_0591,embedding_0592,embedding_0593,embedding_0594,embedding_0595,embedding_0596,embedding_0597,embedding_0598,embedding_0599,embedding_0600,embedding_0601,embedding_0602,embedding_0603,embedding_0604,embedding_0605,embedding_0606,embedding_0607,embedding_0608,embedding_0609,embedding_0610,embedding_0611,embedding_0612,embedding_0613,embedding_0614,embedding_0615,embedding_0616,embedding_0617,embedding_0618,embedding_0619,embedding_0620,embedding_0621,embedding_0622,embedding_0623,embedding_0624,embedding_0625,embedding_0626,embedding_0627,embedding_0628,embedding_0629,embedding_0630,embedding_0631,embedding_0632,embedding_0633,embedding_0634,embedding_0635,embedding_0636,embedding_0637,embedding_0638,embedding_0639,embedding_0640,embedding_0641,embedding_0642,embedding_0643,embedding_0644,embedding_0645,embedding_0646,embedding_0647,embedding_0648,embedding_0649,embedding_0650,embedding_0651,embedding_0652,embedding_0653,embedding_0654,embedding_0655,embedding_0656,embedding_0657,embedding_0658,embedding_0659,embedding_0660,embedding_0661,embedding_0662,embedding_0663,embedding_0664,embedding_0665,embedding_0666,embedding_0667,embedding_0668,embedding_0669,embedding_0670,embedding_0671,embedding_0672,embedding_0673,embedding_0674,embedding_0675,embedding_0676,embedding_0677,embedding_0678,embedding_0679,embedding_0680,embedding_0681,embedding_0682,embedding_0683,embedding_0684,embedding_0685,embedding_0686,embedding_0687,embedding_0688,embedding_0689,embedding_0690,embedding_0691,embedding_0692,embedding_0693,embedding_0694,embedding_0695,embedding_0696,embedding_0697,embedding_0698,embedding_0699,embedding_0700,embedding_0701,embedding_0702,embedding_0703,embedding_0704,embedding_0705,embedding_0706,embedding_0707,embedding_0708,embedding_0709,embedding_0710,embedding_0711,embedding_0712,embedding_0713,embedding_0714,embedding_0715,embedding_0716,embedding_0717,embedding_0718,embedding_0719,embedding_0720,embedding_0721,embedding_0722,embedding_0723,embedding_0724,embedding_0725,embedding_0726,embedding_0727,embedding_0728,embedding_0729,embedding_0730,embedding_0731,embedding_0732,embedding_0733,embedding_0734,embedding_0735,embedding_0736,embedding_0737,embedding_0738,embedding_0739,embedding_0740,embedding_0741,embedding_0742,embedding_0743,embedding_0744,embedding_0745,embedding_0746,embedding_0747,embedding_0748,embedding_0749,embedding_0750,embedding_0751,embedding_0752,embedding_0753,embedding_0754,embedding_0755,embedding_0756,embedding_0757,embedding_0758,embedding_0759,embedding_0760,embedding_0761,embedding_0762,embedding_0763,embedding_0764,embedding_0765,embedding_0766,embedding_0767,embedding_0768,embedding_0769,embedding_0770,embedding_0771,embedding_0772,embedding_0773,embedding_0774,embedding_0775,embedding_0776,embedding_0777,embedding_0778,embedding_0779,embedding_0780,embedding_0781,embedding_0782,embedding_0783,embedding_0784,embedding_0785,embedding_0786,embedding_0787,embedding_0788,embedding_0789,embedding_0790,embedding_0791,embedding_0792,embedding_0793,embedding_0794,embedding_0795,embedding_0796,embedding_0797,embedding_0798,embedding_0799,embedding_0800,embedding_0801,embedding_0802,embedding_0803,embedding_0804,embedding_0805,embedding_0806,embedding_0807,embedding_0808,embedding_0809,embedding_0810,embedding_0811,embedding_0812,embedding_0813,embedding_0814,embedding_0815,embedding_0816,embedding_0817,embedding_0818,embedding_0819,embedding_0820,embedding_0821,embedding_0822,embedding_0823,embedding_0824,embedding_0825,embedding_0826,embedding_0827,embedding_0828,embedding_0829,embedding_0830,embedding_0831,embedding_0832,embedding_0833,embedding_0834,embedding_0835,embedding_0836,embedding_0837,embedding_0838,embedding_0839,embedding_0840,embedding_0841,embedding_0842,embedding_0843,embedding_0844,embedding_0845,embedding_0846,embedding_0847,embedding_0848,embedding_0849,embedding_0850,embedding_0851,embedding_0852,embedding_0853,embedding_0854,embedding_0855,embedding_0856,embedding_0857,embedding_0858,embedding_0859,embedding_0860,embedding_0861,embedding_0862,embedding_0863,embedding_0864,embedding_0865,embedding_0866,embedding_0867,embedding_0868,embedding_0869,embedding_0870,embedding_0871,embedding_0872,embedding_0873,embedding_0874,embedding_0875,embedding_0876,embedding_0877,embedding_0878,embedding_0879,embedding_0880,embedding_0881,embedding_0882,embedding_0883,embedding_0884,embedding_0885,embedding_0886,embedding_0887,embedding_0888,embedding_0889,embedding_0890,embedding_0891,embedding_0892,embedding_0893,embedding_0894,embedding_0895,embedding_0896,embedding_0897,embedding_0898,embedding_0899,embedding_0900,embedding_0901,embedding_0902,embedding_0903,embedding_0904,embedding_0905,embedding_0906,embedding_0907,embedding_0908,embedding_0909,embedding_0910,embedding_0911,embedding_0912,embedding_0913,embedding_0914,embedding_0915,embedding_0916,embedding_0917,embedding_0918,embedding_0919,embedding_0920,embedding_0921,embedding_0922,embedding_0923,embedding_0924,embedding_0925,embedding_0926,embedding_0927,embedding_0928,embedding_0929,embedding_0930,embedding_0931,embedding_0932,embedding_0933,embedding_0934,embedding_0935,embedding_0936,embedding_0937,embedding_0938,embedding_0939,embedding_0940,embedding_0941,embedding_0942,embedding_0943,embedding_0944,embedding_0945,embedding_0946,embedding_0947,embedding_0948,embedding_0949,embedding_0950,embedding_0951,embedding_0952,embedding_0953,embedding_0954,embedding_0955,embedding_0956,embedding_0957,embedding_0958,embedding_0959,embedding_0960,embedding_0961,embedding_0962,embedding_0963,embedding_0964,embedding_0965,embedding_0966,embedding_0967,embedding_0968,embedding_0969,embedding_0970,embedding_0971,embedding_0972,embedding_0973,embedding_0974,embedding_0975,embedding_0976,embedding_0977,embedding_0978,embedding_0979,embedding_0980,embedding_0981,embedding_0982,embedding_0983,embedding_0984,embedding_0985,embedding_0986,embedding_0987,embedding_0988,embedding_0989,embedding_0990,embedding_0991,embedding_0992,embedding_0993,embedding_0994,embedding_0995,embedding_0996,embedding_0997,embedding_0998,embedding_0999,embedding_1000,embedding_1001,embedding_1002,embedding_1003,embedding_1004,embedding_1005,embedding_1006,embedding_1007,embedding_1008,embedding_1009,embedding_1010,embedding_1011,embedding_1012,embedding_1013,embedding_1014,embedding_1015,embedding_1016,embedding_1017,embedding_1018,embedding_1019,embedding_1020,embedding_1021,embedding_1022,embedding_1023,embedding_1024,embedding_1025,embedding_1026,embedding_1027,embedding_1028,embedding_1029,embedding_1030,embedding_1031,embedding_1032,embedding_1033,embedding_1034,embedding_1035,embedding_1036,embedding_1037,embedding_1038,embedding_1039,embedding_1040,embedding_1041,embedding_1042,embedding_1043,embedding_1044,embedding_1045,embedding_1046,embedding_1047,embedding_1048,embedding_1049,embedding_1050,embedding_1051,embedding_1052,embedding_1053,embedding_1054,embedding_1055,embedding_1056,embedding_1057,embedding_1058,embedding_1059,embedding_1060,embedding_1061,embedding_1062,embedding_1063,embedding_1064,embedding_1065,embedding_1066,embedding_1067,embedding_1068,embedding_1069,embedding_1070,embedding_1071,embedding_1072,embedding_1073,embedding_1074,embedding_1075,embedding_1076,embedding_1077,embedding_1078,embedding_1079,embedding_1080,embedding_1081,embedding_1082,embedding_1083,embedding_1084,embedding_1085,embedding_1086,embedding_1087,embedding_1088,embedding_1089,embedding_1090,embedding_1091,embedding_1092,embedding_1093,embedding_1094,embedding_1095,embedding_1096,embedding_1097,embedding_1098,embedding_1099,embedding_1100,embedding_1101,embedding_1102,embedding_1103,embedding_1104,embedding_1105,embedding_1106,embedding_1107,embedding_1108,embedding_1109,embedding_1110,embedding_1111,embedding_1112,embedding_1113,embedding_1114,embedding_1115,embedding_1116,embedding_1117,embedding_1118,embedding_1119,embedding_1120,embedding_1121,embedding_1122,embedding_1123,embedding_1124,embedding_1125,embedding_1126,embedding_1127,embedding_1128,embedding_1129,embedding_1130,embedding_1131,embedding_1132,embedding_1133,embedding_1134,embedding_1135,embedding_1136,embedding_1137,embedding_1138,embedding_1139,embedding_1140,embedding_1141,embedding_1142,embedding_1143,embedding_1144,embedding_1145,embedding_1146,embedding_1147,embedding_1148,embedding_1149,embedding_1150,embedding_1151,embedding_1152,embedding_1153,embedding_1154,embedding_1155,embedding_1156,embedding_1157,embedding_1158,embedding_1159,embedding_1160,embedding_1161,embedding_1162,embedding_1163,embedding_1164,embedding_1165,embedding_1166,embedding_1167,embedding_1168,embedding_1169,embedding_1170,embedding_1171,embedding_1172,embedding_1173,embedding_1174,embedding_1175,embedding_1176,embedding_1177,embedding_1178,embedding_1179,embedding_1180,embedding_1181,embedding_1182,embedding_1183,embedding_1184,embedding_1185,embedding_1186,embedding_1187,embedding_1188,embedding_1189,embedding_1190,embedding_1191,embedding_1192,embedding_1193,embedding_1194,embedding_1195,embedding_1196,embedding_1197,embedding_1198,embedding_1199,embedding_1200,embedding_1201,embedding_1202,embedding_1203,embedding_1204,embedding_1205,embedding_1206,embedding_1207,embedding_1208,embedding_1209,embedding_1210,embedding_1211,embedding_1212,embedding_1213,embedding_1214,embedding_1215,embedding_1216,embedding_1217,embedding_1218,embedding_1219,embedding_1220,embedding_1221,embedding_1222,embedding_1223,embedding_1224,embedding_1225,embedding_1226,embedding_1227,embedding_1228,embedding_1229,embedding_1230,embedding_1231,embedding_1232,embedding_1233,embedding_1234,embedding_1235,embedding_1236,embedding_1237,embedding_1238,embedding_1239,embedding_1240,embedding_1241,embedding_1242,embedding_1243,embedding_1244,embedding_1245,embedding_1246,embedding_1247,embedding_1248,embedding_1249,embedding_1250,embedding_1251,embedding_1252,embedding_1253,embedding_1254,embedding_1255,embedding_1256,embedding_1257,embedding_1258,embedding_1259,embedding_1260,embedding_1261,embedding_1262,embedding_1263,embedding_1264,embedding_1265,embedding_1266,embedding_1267,embedding_1268,embedding_1269,embedding_1270,embedding_1271,embedding_1272,embedding_1273,embedding_1274,embedding_1275,embedding_1276,embedding_1277,embedding_1278,embedding_1279,embedding_1280,embedding_1281,embedding_1282,embedding_1283,embedding_1284,embedding_1285,embedding_1286,embedding_1287,embedding_1288,embedding_1289,embedding_1290,embedding_1291,embedding_1292,embedding_1293,embedding_1294,embedding_1295,embedding_1296,embedding_1297,embedding_1298,embedding_1299,embedding_1300,embedding_1301,embedding_1302,embedding_1303,embedding_1304,embedding_1305,embedding_1306,embedding_1307,embedding_1308,embedding_1309,embedding_1310,embedding_1311,embedding_1312,embedding_1313,embedding_1314,embedding_1315,embedding_1316,embedding_1317,embedding_1318,embedding_1319,embedding_1320,embedding_1321,embedding_1322,embedding_1323,embedding_1324,embedding_1325,embedding_1326,embedding_1327,embedding_1328,embedding_1329,embedding_1330,embedding_1331,embedding_1332,embedding_1333,embedding_1334,embedding_1335,embedding_1336,embedding_1337,embedding_1338,embedding_1339,embedding_1340,embedding_1341,embedding_1342,embedding_1343,embedding_1344,embedding_1345,embedding_1346,embedding_1347,embedding_1348,embedding_1349,embedding_1350,embedding_1351,embedding_1352,embedding_1353,embedding_1354,embedding_1355,embedding_1356,embedding_1357,embedding_1358,embedding_1359,embedding_1360,embedding_1361,embedding_1362,embedding_1363,embedding_1364,embedding_1365,embedding_1366,embedding_1367,embedding_1368,embedding_1369,embedding_1370,embedding_1371,embedding_1372,embedding_1373,embedding_1374,embedding_1375,embedding_1376,embedding_1377,embedding_1378,embedding_1379,embedding_1380,embedding_1381,embedding_1382,embedding_1383,embedding_1384,embedding_1385,embedding_1386,embedding_1387,embedding_1388,embedding_1389,embedding_1390,embedding_1391,embedding_1392,embedding_1393,embedding_1394,embedding_1395,embedding_1396,embedding_1397,embedding_1398,embedding_1399,embedding_1400,embedding_1401,embedding_1402,embedding_1403,embedding_1404,embedding_1405,embedding_1406,embedding_1407,embedding_1408,embedding_1409,embedding_1410,embedding_1411,embedding_1412,embedding_1413,embedding_1414,embedding_1415,embedding_1416,embedding_1417,embedding_1418,embedding_1419,embedding_1420,embedding_1421,embedding_1422,embedding_1423,embedding_1424,embedding_1425,embedding_1426,embedding_1427,embedding_1428,embedding_1429,embedding_1430,embedding_1431,embedding_1432,embedding_1433,embedding_1434,embedding_1435,embedding_1436,embedding_1437,embedding_1438,embedding_1439,embedding_1440,embedding_1441,embedding_1442,embedding_1443,embedding_1444,embedding_1445,embedding_1446,embedding_1447,embedding_1448,embedding_1449,embedding_1450,embedding_1451,embedding_1452,embedding_1453,embedding_1454,embedding_1455,embedding_1456,embedding_1457,embedding_1458,embedding_1459,embedding_1460,embedding_1461,embedding_1462,embedding_1463,embedding_1464,embedding_1465,embedding_1466,embedding_1467,embedding_1468,embedding_1469,embedding_1470,embedding_1471,embedding_1472,embedding_1473,embedding_1474,embedding_1475,embedding_1476,embedding_1477,embedding_1478,embedding_1479,embedding_1480,embedding_1481,embedding_1482,embedding_1483,embedding_1484,embedding_1485,embedding_1486,embedding_1487,embedding_1488,embedding_1489,embedding_1490,embedding_1491,embedding_1492,embedding_1493,embedding_1494,embedding_1495,embedding_1496,embedding_1497,embedding_1498,embedding_1499,embedding_1500,embedding_1501,embedding_1502,embedding_1503,embedding_1504,embedding_1505,embedding_1506,embedding_1507,embedding_1508,embedding_1509,embedding_1510,embedding_1511,embedding_1512,embedding_1513,embedding_1514,embedding_1515,embedding_1516,embedding_1517,embedding_1518,embedding_1519,embedding_1520,embedding_1521,embedding_1522,embedding_1523,embedding_1524,embedding_1525,embedding_1526,embedding_1527,embedding_1528,embedding_1529,embedding_1530,embedding_1531,embedding_1532,embedding_1533,embedding_1534,embedding_1535,embedding_1536,embedding_1537,embedding_1538,embedding_1539,embedding_1540,embedding_1541,embedding_1542,embedding_1543,embedding_1544,embedding_1545,embedding_1546,embedding_1547,embedding_1548,embedding_1549,embedding_1550,embedding_1551,embedding_1552,embedding_1553,embedding_1554,embedding_1555,embedding_1556,embedding_1557,embedding_1558,embedding_1559,embedding_1560,embedding_1561,embedding_1562,embedding_1563,embedding_1564,embedding_1565,embedding_1566,embedding_1567,embedding_1568,embedding_1569,embedding_1570,embedding_1571,embedding_1572,embedding_1573,embedding_1574,embedding_1575,embedding_1576,embedding_1577,embedding_1578,embedding_1579,embedding_1580,embedding_1581,embedding_1582,embedding_1583,embedding_1584,embedding_1585,embedding_1586,embedding_1587,embedding_1588,embedding_1589,embedding_1590,embedding_1591,embedding_1592,embedding_1593,embedding_1594,embedding_1595,embedding_1596,embedding_1597,embedding_1598,embedding_1599,embedding_1600,embedding_1601,embedding_1602,embedding_1603,embedding_1604,embedding_1605,embedding_1606,embedding_1607,embedding_1608,embedding_1609,embedding_1610,embedding_1611,embedding_1612,embedding_1613,embedding_1614,embedding_1615,embedding_1616,embedding_1617,embedding_1618,embedding_1619,embedding_1620,embedding_1621,embedding_1622,embedding_1623,embedding_1624,embedding_1625,embedding_1626,embedding_1627,embedding_1628,embedding_1629,embedding_1630,embedding_1631,embedding_1632,embedding_1633,embedding_1634,embedding_1635,embedding_1636,embedding_1637,embedding_1638,embedding_1639,embedding_1640,embedding_1641,embedding_1642,embedding_1643,embedding_1644,embedding_1645,embedding_1646,embedding_1647,embedding_1648,embedding_1649,embedding_1650,embedding_1651,embedding_1652,embedding_1653,embedding_1654,embedding_1655,embedding_1656,embedding_1657,embedding_1658,embedding_1659,embedding_1660,embedding_1661,embedding_1662,embedding_1663,embedding_1664,embedding_1665,embedding_1666,embedding_1667,embedding_1668,embedding_1669,embedding_1670,embedding_1671,embedding_1672,embedding_1673,embedding_1674,embedding_1675,embedding_1676,embedding_1677,embedding_1678,embedding_1679,embedding_1680,embedding_1681,embedding_1682,embedding_1683,embedding_1684,embedding_1685,embedding_1686,embedding_1687,embedding_1688,embedding_1689,embedding_1690,embedding_1691,embedding_1692,embedding_1693,embedding_1694,embedding_1695,embedding_1696,embedding_1697,embedding_1698,embedding_1699,embedding_1700,embedding_1701,embedding_1702,embedding_1703,embedding_1704,embedding_1705,embedding_1706,embedding_1707,embedding_1708,embedding_1709,embedding_1710,embedding_1711,embedding_1712,embedding_1713,embedding_1714,embedding_1715,embedding_1716,embedding_1717,embedding_1718,embedding_1719,embedding_1720,embedding_1721,embedding_1722,embedding_1723,embedding_1724,embedding_1725,embedding_1726,embedding_1727,embedding_1728,embedding_1729,embedding_1730,embedding_1731,embedding_1732,embedding_1733,embedding_1734,embedding_1735,embedding_1736,embedding_1737,embedding_1738,embedding_1739,embedding_1740,embedding_1741,embedding_1742,embedding_1743,embedding_1744,embedding_1745,embedding_1746,embedding_1747,embedding_1748,embedding_1749,embedding_1750,embedding_1751,embedding_1752,embedding_1753,embedding_1754,embedding_1755,embedding_1756,embedding_1757,embedding_1758,embedding_1759,embedding_1760,embedding_1761,embedding_1762,embedding_1763,embedding_1764,embedding_1765,embedding_1766,embedding_1767,embedding_1768,embedding_1769,embedding_1770,embedding_1771,embedding_1772,embedding_1773,embedding_1774,embedding_1775,embedding_1776,embedding_1777,embedding_1778,embedding_1779,embedding_1780,embedding_1781,embedding_1782,embedding_1783,embedding_1784,embedding_1785,embedding_1786,embedding_1787,embedding_1788,embedding_1789,embedding_1790,embedding_1791,embedding_1792,embedding_1793,embedding_1794,embedding_1795,embedding_1796,embedding_1797,embedding_1798,embedding_1799,embedding_1800,embedding_1801,embedding_1802,embedding_1803,embedding_1804,embedding_1805,embedding_1806,embedding_1807,embedding_1808,embedding_1809,embedding_1810,embedding_1811,embedding_1812,embedding_1813,embedding_1814,embedding_1815,embedding_1816,embedding_1817,embedding_1818,embedding_1819,embedding_1820,embedding_1821,embedding_1822,embedding_1823,embedding_1824,embedding_1825,embedding_1826,embedding_1827,embedding_1828,embedding_1829,embedding_1830,embedding_1831,embedding_1832,embedding_1833,embedding_1834,embedding_1835,embedding_1836,embedding_1837,embedding_1838,embedding_1839,embedding_1840,embedding_1841,embedding_1842,embedding_1843,embedding_1844,embedding_1845,embedding_1846,embedding_1847,embedding_1848,embedding_1849,embedding_1850,embedding_1851,embedding_1852,embedding_1853,embedding_1854,embedding_1855,embedding_1856,embedding_1857,embedding_1858,embedding_1859,embedding_1860,embedding_1861,embedding_1862,embedding_1863,embedding_1864,embedding_1865,embedding_1866,embedding_1867,embedding_1868,embedding_1869,embedding_1870,embedding_1871,embedding_1872,embedding_1873,embedding_1874,embedding_1875,embedding_1876,embedding_1877,embedding_1878,embedding_1879,embedding_1880,embedding_1881,embedding_1882,embedding_1883,embedding_1884,embedding_1885,embedding_1886,embedding_1887,embedding_1888,embedding_1889,embedding_1890,embedding_1891,embedding_1892,embedding_1893,embedding_1894,embedding_1895,embedding_1896,embedding_1897,embedding_1898,embedding_1899,embedding_1900,embedding_1901,embedding_1902,embedding_1903,embedding_1904,embedding_1905,embedding_1906,embedding_1907,embedding_1908,embedding_1909,embedding_1910,embedding_1911,embedding_1912,embedding_1913,embedding_1914,embedding_1915,embedding_1916,embedding_1917,embedding_1918,embedding_1919,embedding_1920,embedding_1921,embedding_1922,embedding_1923,embedding_1924,embedding_1925,embedding_1926,embedding_1927,embedding_1928,embedding_1929,embedding_1930,embedding_1931,embedding_1932,embedding_1933,embedding_1934,embedding_1935,embedding_1936,embedding_1937,embedding_1938,embedding_1939,embedding_1940,embedding_1941,embedding_1942,embedding_1943,embedding_1944,embedding_1945,embedding_1946,embedding_1947,embedding_1948,embedding_1949,embedding_1950,embedding_1951,embedding_1952,embedding_1953,embedding_1954,embedding_1955,embedding_1956,embedding_1957,embedding_1958,embedding_1959,embedding_1960,embedding_1961,embedding_1962,embedding_1963,embedding_1964,embedding_1965,embedding_1966,embedding_1967,embedding_1968,embedding_1969,embedding_1970,embedding_1971,embedding_1972,embedding_1973,embedding_1974,embedding_1975,embedding_1976,embedding_1977,embedding_1978,embedding_1979,embedding_1980,embedding_1981,embedding_1982,embedding_1983,embedding_1984,embedding_1985,embedding_1986,embedding_1987,embedding_1988,embedding_1989,embedding_1990,embedding_1991,embedding_1992,embedding_1993,embedding_1994,embedding_1995,embedding_1996,embedding_1997,embedding_1998,embedding_1999,embedding_2000,embedding_2001,embedding_2002,embedding_2003,embedding_2004,embedding_2005,embedding_2006,embedding_2007,embedding_2008,embedding_2009,embedding_2010,embedding_2011,embedding_2012,embedding_2013,embedding_2014,embedding_2015,embedding_2016,embedding_2017,embedding_2018,embedding_2019,embedding_2020,embedding_2021,embedding_2022,embedding_2023,embedding_2024,embedding_2025,embedding_2026,embedding_2027,embedding_2028,embedding_2029,embedding_2030,embedding_2031,embedding_2032,embedding_2033,embedding_2034,embedding_2035,embedding_2036,embedding_2037,embedding_2038,embedding_2039,embedding_2040,embedding_2041,embedding_2042,embedding_2043,embedding_2044,embedding_2045,embedding_2046,embedding_2047,embedding_2048,embedding_2049,embedding_2050,embedding_2051,embedding_2052,embedding_2053,embedding_2054,embedding_2055,embedding_2056,embedding_2057,embedding_2058,embedding_2059,embedding_2060,embedding_2061,embedding_2062,embedding_2063,embedding_2064,embedding_2065,embedding_2066,embedding_2067,embedding_2068,embedding_2069,embedding_2070,embedding_2071,embedding_2072,embedding_2073,embedding_2074,embedding_2075,embedding_2076,embedding_2077,embedding_2078,embedding_2079,embedding_2080,embedding_2081,embedding_2082,embedding_2083,embedding_2084,embedding_2085,embedding_2086,embedding_2087,embedding_2088,embedding_2089,embedding_2090,embedding_2091,embedding_2092,embedding_2093,embedding_2094,embedding_2095,embedding_2096,embedding_2097,embedding_2098,embedding_2099,embedding_2100,embedding_2101,embedding_2102,embedding_2103,embedding_2104,embedding_2105,embedding_2106,embedding_2107,embedding_2108,embedding_2109,embedding_2110,embedding_2111,embedding_2112,embedding_2113,embedding_2114,embedding_2115,embedding_2116,embedding_2117,embedding_2118,embedding_2119,embedding_2120,embedding_2121,embedding_2122,embedding_2123,embedding_2124,embedding_2125,embedding_2126,embedding_2127,embedding_2128,embedding_2129,embedding_2130,embedding_2131,embedding_2132,embedding_2133,embedding_2134,embedding_2135,embedding_2136,embedding_2137,embedding_2138,embedding_2139,embedding_2140,embedding_2141,embedding_2142,embedding_2143,embedding_2144,embedding_2145,embedding_2146,embedding_2147,embedding_2148,embedding_2149,embedding_2150,embedding_2151,embedding_2152,embedding_2153,embedding_2154,embedding_2155,embedding_2156,embedding_2157,embedding_2158,embedding_2159,embedding_2160,embedding_2161,embedding_2162,embedding_2163,embedding_2164,embedding_2165,embedding_2166,embedding_2167,embedding_2168,embedding_2169,embedding_2170,embedding_2171,embedding_2172,embedding_2173,embedding_2174,embedding_2175,embedding_2176,embedding_2177,embedding_2178,embedding_2179,embedding_2180,embedding_2181,embedding_2182,embedding_2183,embedding_2184,embedding_2185,embedding_2186,embedding_2187,embedding_2188,embedding_2189,embedding_2190,embedding_2191,embedding_2192,embedding_2193,embedding_2194,embedding_2195,embedding_2196,embedding_2197,embedding_2198,embedding_2199,embedding_2200,embedding_2201,embedding_2202,embedding_2203,embedding_2204,embedding_2205,embedding_2206,embedding_2207,embedding_2208,embedding_2209,embedding_2210,embedding_2211,embedding_2212,embedding_2213,embedding_2214,embedding_2215,embedding_2216,embedding_2217,embedding_2218,embedding_2219,embedding_2220,embedding_2221,embedding_2222,embedding_2223,embedding_2224,embedding_2225,embedding_2226,embedding_2227,embedding_2228,embedding_2229,embedding_2230,embedding_2231,embedding_2232,embedding_2233,embedding_2234,embedding_2235,embedding_2236,embedding_2237,embedding_2238,embedding_2239,embedding_2240,embedding_2241,embedding_2242,embedding_2243,embedding_2244,embedding_2245,embedding_2246,embedding_2247,embedding_2248,embedding_2249,embedding_2250,embedding_2251,embedding_2252,embedding_2253,embedding_2254,embedding_2255,embedding_2256,embedding_2257,embedding_2258,embedding_2259,embedding_2260,embedding_2261,embedding_2262,embedding_2263,embedding_2264,embedding_2265,embedding_2266,embedding_2267,embedding_2268,embedding_2269,embedding_2270,embedding_2271,embedding_2272,embedding_2273,embedding_2274,embedding_2275,embedding_2276,embedding_2277,embedding_2278,embedding_2279,embedding_2280,embedding_2281,embedding_2282,embedding_2283,embedding_2284,embedding_2285,embedding_2286,embedding_2287,embedding_2288,embedding_2289,embedding_2290,embedding_2291,embedding_2292,embedding_2293,embedding_2294,embedding_2295,embedding_2296,embedding_2297,embedding_2298,embedding_2299,embedding_2300,embedding_2301,embedding_2302,embedding_2303,embedding_2304,embedding_2305,embedding_2306,embedding_2307,embedding_2308,embedding_2309,embedding_2310,embedding_2311,embedding_2312,embedding_2313,embedding_2314,embedding_2315,embedding_2316,embedding_2317,embedding_2318,embedding_2319,embedding_2320,embedding_2321,embedding_2322,embedding_2323,embedding_2324,embedding_2325,embedding_2326,embedding_2327,embedding_2328,embedding_2329,embedding_2330,embedding_2331,embedding_2332,embedding_2333,embedding_2334,embedding_2335,embedding_2336,embedding_2337,embedding_2338,embedding_2339,embedding_2340,embedding_2341,embedding_2342,embedding_2343,embedding_2344,embedding_2345,embedding_2346,embedding_2347,embedding_2348,embedding_2349,embedding_2350,embedding_2351,embedding_2352,embedding_2353,embedding_2354,embedding_2355,embedding_2356,embedding_2357,embedding_2358,embedding_2359,embedding_2360,embedding_2361,embedding_2362,embedding_2363,embedding_2364,embedding_2365,embedding_2366,embedding_2367,embedding_2368,embedding_2369,embedding_2370,embedding_2371,embedding_2372,embedding_2373,embedding_2374,embedding_2375,embedding_2376,embedding_2377,embedding_2378,embedding_2379,embedding_2380,embedding_2381,embedding_2382,embedding_2383,embedding_2384,embedding_2385,embedding_2386,embedding_2387,embedding_2388,embedding_2389,embedding_2390,embedding_2391,embedding_2392,embedding_2393,embedding_2394,embedding_2395,embedding_2396,embedding_2397,embedding_2398,embedding_2399,embedding_2400,embedding_2401,embedding_2402,embedding_2403,embedding_2404,embedding_2405,embedding_2406,embedding_2407,embedding_2408,embedding_2409,embedding_2410,embedding_2411,embedding_2412,embedding_2413,embedding_2414,embedding_2415,embedding_2416,embedding_2417,embedding_2418,embedding_2419,embedding_2420,embedding_2421,embedding_2422,embedding_2423,embedding_2424,embedding_2425,embedding_2426,embedding_2427,embedding_2428,embedding_2429,embedding_2430,embedding_2431,embedding_2432,embedding_2433,embedding_2434,embedding_2435,embedding_2436,embedding_2437,embedding_2438,embedding_2439,embedding_2440,embedding_2441,embedding_2442,embedding_2443,embedding_2444,embedding_2445,embedding_2446,embedding_2447,embedding_2448,embedding_2449,embedding_2450,embedding_2451,embedding_2452,embedding_2453,embedding_2454,embedding_2455,embedding_2456,embedding_2457,embedding_2458,embedding_2459,embedding_2460,embedding_2461,embedding_2462,embedding_2463,embedding_2464,embedding_2465,embedding_2466,embedding_2467,embedding_2468,embedding_2469,embedding_2470,embedding_2471,embedding_2472,embedding_2473,embedding_2474,embedding_2475,embedding_2476,embedding_2477,embedding_2478,embedding_2479,embedding_2480,embedding_2481,embedding_2482,embedding_2483,embedding_2484,embedding_2485,embedding_2486,embedding_2487,embedding_2488,embedding_2489,embedding_2490,embedding_2491,embedding_2492,embedding_2493,embedding_2494,embedding_2495,embedding_2496,embedding_2497,embedding_2498,embedding_2499,embedding_2500,embedding_2501,embedding_2502,embedding_2503,embedding_2504,embedding_2505,embedding_2506,embedding_2507,embedding_2508,embedding_2509,embedding_2510,embedding_2511,embedding_2512,embedding_2513,embedding_2514,embedding_2515,embedding_2516,embedding_2517,embedding_2518,embedding_2519,embedding_2520,embedding_2521,embedding_2522,embedding_2523,embedding_2524,embedding_2525,embedding_2526,embedding_2527,embedding_2528,embedding_2529,embedding_2530,embedding_2531,embedding_2532,embedding_2533,embedding_2534,embedding_2535,embedding_2536,embedding_2537,embedding_2538,embedding_2539,embedding_2540,embedding_2541,embedding_2542,embedding_2543,embedding_2544,embedding_2545,embedding_2546,embedding_2547,embedding_2548,embedding_2549,embedding_2550,embedding_2551,embedding_2552,embedding_2553,embedding_2554,embedding_2555,embedding_2556,embedding_2557,embedding_2558,embedding_2559,embedding_2560,embedding_2561,embedding_2562,embedding_2563,embedding_2564,embedding_2565,embedding_2566,embedding_2567,embedding_2568,embedding_2569,embedding_2570,embedding_2571,embedding_2572,embedding_2573,embedding_2574,embedding_2575,embedding_2576,embedding_2577,embedding_2578,embedding_2579,embedding_2580,embedding_2581,embedding_2582,embedding_2583,embedding_2584,embedding_2585,embedding_2586,embedding_2587,embedding_2588,embedding_2589,embedding_2590,embedding_2591,embedding_2592,embedding_2593,embedding_2594,embedding_2595,embedding_2596,embedding_2597,embedding_2598,embedding_2599,embedding_2600,embedding_2601,embedding_2602,embedding_2603,embedding_2604,embedding_2605,embedding_2606,embedding_2607,embedding_2608,embedding_2609,embedding_2610,embedding_2611,embedding_2612,embedding_2613,embedding_2614,embedding_2615,embedding_2616,embedding_2617,embedding_2618,embedding_2619,embedding_2620,embedding_2621,embedding_2622,embedding_2623,embedding_2624,embedding_2625,embedding_2626,embedding_2627,embedding_2628,embedding_2629,embedding_2630,embedding_2631,embedding_2632,embedding_2633,embedding_2634,embedding_2635,embedding_2636,embedding_2637,embedding_2638,embedding_2639,embedding_2640,embedding_2641,embedding_2642,embedding_2643,embedding_2644,embedding_2645,embedding_2646,embedding_2647,embedding_2648,embedding_2649,embedding_2650,embedding_2651,embedding_2652,embedding_2653,embedding_2654,embedding_2655,embedding_2656,embedding_2657,embedding_2658,embedding_2659,embedding_2660,embedding_2661,embedding_2662,embedding_2663,embedding_2664,embedding_2665,embedding_2666,embedding_2667,embedding_2668,embedding_2669,embedding_2670,embedding_2671,embedding_2672,embedding_2673,embedding_2674,embedding_2675,embedding_2676,embedding_2677,embedding_2678,embedding_2679,embedding_2680,embedding_2681,embedding_2682,embedding_2683,embedding_2684,embedding_2685,embedding_2686,embedding_2687,embedding_2688,embedding_2689,embedding_2690,embedding_2691,embedding_2692,embedding_2693,embedding_2694,embedding_2695,embedding_2696,embedding_2697,embedding_2698,embedding_2699,embedding_2700,embedding_2701,embedding_2702,embedding_2703,embedding_2704,embedding_2705,embedding_2706,embedding_2707,embedding_2708,embedding_2709,embedding_2710,embedding_2711,embedding_2712,embedding_2713,embedding_2714,embedding_2715,embedding_2716,embedding_2717,embedding_2718,embedding_2719,embedding_2720,embedding_2721,embedding_2722,embedding_2723,embedding_2724,embedding_2725,embedding_2726,embedding_2727,embedding_2728,embedding_2729,embedding_2730,embedding_2731,embedding_2732,embedding_2733,embedding_2734,embedding_2735,embedding_2736,embedding_2737,embedding_2738,embedding_2739,embedding_2740,embedding_2741,embedding_2742,embedding_2743,embedding_2744,embedding_2745,embedding_2746,embedding_2747,embedding_2748,embedding_2749,embedding_2750,embedding_2751,embedding_2752,embedding_2753,embedding_2754,embedding_2755,embedding_2756,embedding_2757,embedding_2758,embedding_2759,embedding_2760,embedding_2761,embedding_2762,embedding_2763,embedding_2764,embedding_2765,embedding_2766,embedding_2767,embedding_2768,embedding_2769,embedding_2770,embedding_2771,embedding_2772,embedding_2773,embedding_2774,embedding_2775,embedding_2776,embedding_2777,embedding_2778,embedding_2779,embedding_2780,embedding_2781,embedding_2782,embedding_2783,embedding_2784,embedding_2785,embedding_2786,embedding_2787,embedding_2788,embedding_2789,embedding_2790,embedding_2791,embedding_2792,embedding_2793,embedding_2794,embedding_2795,embedding_2796,embedding_2797,embedding_2798,embedding_2799,embedding_2800,embedding_2801,embedding_2802,embedding_2803,embedding_2804,embedding_2805,embedding_2806,embedding_2807,embedding_2808,embedding_2809,embedding_2810,embedding_2811,embedding_2812,embedding_2813,embedding_2814,embedding_2815,embedding_2816,embedding_2817,embedding_2818,embedding_2819,embedding_2820,embedding_2821,embedding_2822,embedding_2823,embedding_2824,embedding_2825,embedding_2826,embedding_2827,embedding_2828,embedding_2829,embedding_2830,embedding_2831,embedding_2832,embedding_2833,embedding_2834,embedding_2835,embedding_2836,embedding_2837,embedding_2838,embedding_2839,embedding_2840,embedding_2841,embedding_2842,embedding_2843,embedding_2844,embedding_2845,embedding_2846,embedding_2847,embedding_2848,embedding_2849,embedding_2850,embedding_2851,embedding_2852,embedding_2853,embedding_2854,embedding_2855,embedding_2856,embedding_2857,embedding_2858,embedding_2859,embedding_2860,embedding_2861,embedding_2862,embedding_2863,embedding_2864,embedding_2865,embedding_2866,embedding_2867,embedding_2868,embedding_2869,embedding_2870,embedding_2871,embedding_2872,embedding_2873,embedding_2874,embedding_2875,embedding_2876,embedding_2877,embedding_2878,embedding_2879,embedding_2880,embedding_2881,embedding_2882,embedding_2883,embedding_2884,embedding_2885,embedding_2886,embedding_2887,embedding_2888,embedding_2889,embedding_2890,embedding_2891,embedding_2892,embedding_2893,embedding_2894,embedding_2895,embedding_2896,embedding_2897,embedding_2898,embedding_2899,embedding_2900,embedding_2901,embedding_2902,embedding_2903,embedding_2904,embedding_2905,embedding_2906,embedding_2907,embedding_2908,embedding_2909,embedding_2910,embedding_2911,embedding_2912,embedding_2913,embedding_2914,embedding_2915,embedding_2916,embedding_2917,embedding_2918,embedding_2919,embedding_2920,embedding_2921,embedding_2922,embedding_2923,embedding_2924,embedding_2925,embedding_2926,embedding_2927,embedding_2928,embedding_2929,embedding_2930,embedding_2931,embedding_2932,embedding_2933,embedding_2934,embedding_2935,embedding_2936,embedding_2937,embedding_2938,embedding_2939,embedding_2940,embedding_2941,embedding_2942,embedding_2943,embedding_2944,embedding_2945,embedding_2946,embedding_2947,embedding_2948,embedding_2949,embedding_2950,embedding_2951,embedding_2952,embedding_2953,embedding_2954,embedding_2955,embedding_2956,embedding_2957,embedding_2958,embedding_2959,embedding_2960,embedding_2961,embedding_2962,embedding_2963,embedding_2964,embedding_2965,embedding_2966,embedding_2967,embedding_2968,embedding_2969,embedding_2970,embedding_2971,embedding_2972,embedding_2973,embedding_2974,embedding_2975,embedding_2976,embedding_2977,embedding_2978,embedding_2979,embedding_2980,embedding_2981,embedding_2982,embedding_2983,embedding_2984,embedding_2985,embedding_2986,embedding_2987,embedding_2988,embedding_2989,embedding_2990,embedding_2991,embedding_2992,embedding_2993,embedding_2994,embedding_2995,embedding_2996,embedding_2997,embedding_2998,embedding_2999,embedding_3000,embedding_3001,embedding_3002,embedding_3003,embedding_3004,embedding_3005,embedding_3006,embedding_3007,embedding_3008,embedding_3009,embedding_3010,embedding_3011,embedding_3012,embedding_3013,embedding_3014,embedding_3015,embedding_3016,embedding_3017,embedding_3018,embedding_3019,embedding_3020,embedding_3021,embedding_3022,embedding_3023,embedding_3024,embedding_3025,embedding_3026,embedding_3027,embedding_3028,embedding_3029,embedding_3030,embedding_3031,embedding_3032,embedding_3033,embedding_3034,embedding_3035,embedding_3036,embedding_3037,embedding_3038,embedding_3039,embedding_3040,embedding_3041,embedding_3042,embedding_3043,embedding_3044,embedding_3045,embedding_3046,embedding_3047,embedding_3048,embedding_3049,embedding_3050,embedding_3051,embedding_3052,embedding_3053,embedding_3054,embedding_3055,embedding_3056,embedding_3057,embedding_3058,embedding_3059,embedding_3060,embedding_3061,embedding_3062,embedding_3063,embedding_3064,embedding_3065,embedding_3066,embedding_3067,embedding_3068,embedding_3069,embedding_3070,embedding_3071,embedding_3072,embedding_3073,embedding_3074,embedding_3075,embedding_3076,embedding_3077,embedding_3078,embedding_3079,embedding_3080,embedding_3081,embedding_3082,embedding_3083,embedding_3084,embedding_3085,embedding_3086,embedding_3087,embedding_3088,embedding_3089,embedding_3090,embedding_3091,embedding_3092,embedding_3093,embedding_3094,embedding_3095,embedding_3096,embedding_3097,embedding_3098,embedding_3099,embedding_3100,embedding_3101,embedding_3102,embedding_3103,embedding_3104,embedding_3105,embedding_3106,embedding_3107,embedding_3108,embedding_3109,embedding_3110,embedding_3111,embedding_3112,embedding_3113,embedding_3114,embedding_3115,embedding_3116,embedding_3117,embedding_3118,embedding_3119,embedding_3120,embedding_3121,embedding_3122,embedding_3123,embedding_3124,embedding_3125,embedding_3126,embedding_3127,embedding_3128,embedding_3129,embedding_3130,embedding_3131,embedding_3132,embedding_3133,embedding_3134,embedding_3135,embedding_3136,embedding_3137,embedding_3138,embedding_3139,embedding_3140,embedding_3141,embedding_3142,embedding_3143,embedding_3144,embedding_3145,embedding_3146,embedding_3147,embedding_3148,embedding_3149,embedding_3150,embedding_3151,embedding_3152,embedding_3153,embedding_3154,embedding_3155,embedding_3156,embedding_3157,embedding_3158,embedding_3159,embedding_3160,embedding_3161,embedding_3162,embedding_3163,embedding_3164,embedding_3165,embedding_3166,embedding_3167,embedding_3168,embedding_3169,embedding_3170,embedding_3171,embedding_3172,embedding_3173,embedding_3174,embedding_3175,embedding_3176,embedding_3177,embedding_3178,embedding_3179,embedding_3180,embedding_3181,embedding_3182,embedding_3183,embedding_3184,embedding_3185,embedding_3186,embedding_3187,embedding_3188,embedding_3189,embedding_3190,embedding_3191,embedding_3192,embedding_3193,embedding_3194,embedding_3195,embedding_3196,embedding_3197,embedding_3198,embedding_3199,embedding_3200,embedding_3201,embedding_3202,embedding_3203,embedding_3204,embedding_3205,embedding_3206,embedding_3207,embedding_3208,embedding_3209,embedding_3210,embedding_3211,embedding_3212,embedding_3213,embedding_3214,embedding_3215,embedding_3216,embedding_3217,embedding_3218,embedding_3219,embedding_3220,embedding_3221,embedding_3222,embedding_3223,embedding_3224,embedding_3225,embedding_3226,embedding_3227,embedding_3228,embedding_3229,embedding_3230,embedding_3231,embedding_3232,embedding_3233,embedding_3234,embedding_3235,embedding_3236,embedding_3237,embedding_3238,embedding_3239,embedding_3240,embedding_3241,embedding_3242,embedding_3243,embedding_3244,embedding_3245,embedding_3246,embedding_3247,embedding_3248,embedding_3249,embedding_3250,embedding_3251,embedding_3252,embedding_3253,embedding_3254,embedding_3255,embedding_3256,embedding_3257,embedding_3258,embedding_3259,embedding_3260,embedding_3261,embedding_3262,embedding_3263,embedding_3264,embedding_3265,embedding_3266,embedding_3267,embedding_3268,embedding_3269,embedding_3270,embedding_3271,embedding_3272,embedding_3273,embedding_3274,embedding_3275,embedding_3276,embedding_3277,embedding_3278,embedding_3279,embedding_3280,embedding_3281,embedding_3282,embedding_3283,embedding_3284,embedding_3285,embedding_3286,embedding_3287,embedding_3288,embedding_3289,embedding_3290,embedding_3291,embedding_3292,embedding_3293,embedding_3294,embedding_3295,embedding_3296,embedding_3297,embedding_3298,embedding_3299,embedding_3300,embedding_3301,embedding_3302,embedding_3303,embedding_3304,embedding_3305,embedding_3306,embedding_3307,embedding_3308,embedding_3309,embedding_3310,embedding_3311,embedding_3312,embedding_3313,embedding_3314,embedding_3315,embedding_3316,embedding_3317,embedding_3318,embedding_3319,embedding_3320,embedding_3321,embedding_3322,embedding_3323,embedding_3324,embedding_3325,embedding_3326,embedding_3327,embedding_3328,embedding_3329,embedding_3330,embedding_3331,embedding_3332,embedding_3333,embedding_3334,embedding_3335,embedding_3336,embedding_3337,embedding_3338,embedding_3339,embedding_3340,embedding_3341,embedding_3342,embedding_3343,embedding_3344,embedding_3345,embedding_3346,embedding_3347,embedding_3348,embedding_3349,embedding_3350,embedding_3351,embedding_3352,embedding_3353,embedding_3354,embedding_3355,embedding_3356,embedding_3357,embedding_3358,embedding_3359,embedding_3360,embedding_3361,embedding_3362,embedding_3363,embedding_3364,embedding_3365,embedding_3366,embedding_3367,embedding_3368,embedding_3369,embedding_3370,embedding_3371,embedding_3372,embedding_3373,embedding_3374,embedding_3375,embedding_3376,embedding_3377,embedding_3378,embedding_3379,embedding_3380,embedding_3381,embedding_3382,embedding_3383,embedding_3384,embedding_3385,embedding_3386,embedding_3387,embedding_3388,embedding_3389,embedding_3390,embedding_3391,embedding_3392,embedding_3393,embedding_3394,embedding_3395,embedding_3396,embedding_3397,embedding_3398,embedding_3399,embedding_3400,embedding_3401,embedding_3402,embedding_3403,embedding_3404,embedding_3405,embedding_3406,embedding_3407,embedding_3408,embedding_3409,embedding_3410,embedding_3411,embedding_3412,embedding_3413,embedding_3414,embedding_3415,embedding_3416,embedding_3417,embedding_3418,embedding_3419,embedding_3420,embedding_3421,embedding_3422,embedding_3423,embedding_3424,embedding_3425,embedding_3426,embedding_3427,embedding_3428,embedding_3429,embedding_3430,embedding_3431,embedding_3432,embedding_3433,embedding_3434,embedding_3435,embedding_3436,embedding_3437,embedding_3438,embedding_3439,embedding_3440,embedding_3441,embedding_3442,embedding_3443,embedding_3444,embedding_3445,embedding_3446,embedding_3447,embedding_3448,embedding_3449,embedding_3450,embedding_3451,embedding_3452,embedding_3453,embedding_3454,embedding_3455,embedding_3456,embedding_3457,embedding_3458,embedding_3459,embedding_3460,embedding_3461,embedding_3462,embedding_3463,embedding_3464,embedding_3465,embedding_3466,embedding_3467,embedding_3468,embedding_3469,embedding_3470,embedding_3471,embedding_3472,embedding_3473,embedding_3474,embedding_3475,embedding_3476,embedding_3477,embedding_3478,embedding_3479,embedding_3480,embedding_3481,embedding_3482,embedding_3483,embedding_3484,embedding_3485,embedding_3486,embedding_3487,embedding_3488,embedding_3489,embedding_3490,embedding_3491,embedding_3492,embedding_3493,embedding_3494,embedding_3495,embedding_3496,embedding_3497,embedding_3498,embedding_3499,embedding_3500,embedding_3501,embedding_3502,embedding_3503,embedding_3504,embedding_3505,embedding_3506,embedding_3507,embedding_3508,embedding_3509,embedding_3510,embedding_3511,embedding_3512,embedding_3513,embedding_3514,embedding_3515,embedding_3516,embedding_3517,embedding_3518,embedding_3519,embedding_3520,embedding_3521,embedding_3522,embedding_3523,embedding_3524,embedding_3525,embedding_3526,embedding_3527,embedding_3528,embedding_3529,embedding_3530,embedding_3531,embedding_3532,embedding_3533,embedding_3534,embedding_3535,embedding_3536,embedding_3537,embedding_3538,embedding_3539,embedding_3540,embedding_3541,embedding_3542,embedding_3543,embedding_3544,embedding_3545,embedding_3546,embedding_3547,embedding_3548,embedding_3549,embedding_3550,embedding_3551,embedding_3552,embedding_3553,embedding_3554,embedding_3555,embedding_3556,embedding_3557,embedding_3558,embedding_3559,embedding_3560,embedding_3561,embedding_3562,embedding_3563,embedding_3564,embedding_3565,embedding_3566,embedding_3567,embedding_3568,embedding_3569,embedding_3570,embedding_3571,embedding_3572,embedding_3573,embedding_3574,embedding_3575,embedding_3576,embedding_3577,embedding_3578,embedding_3579,embedding_3580,embedding_3581,embedding_3582,embedding_3583,embedding_3584,embedding_3585,embedding_3586,embedding_3587,embedding_3588,embedding_3589,embedding_3590,embedding_3591,embedding_3592,embedding_3593,embedding_3594,embedding_3595,embedding_3596,embedding_3597,embedding_3598,embedding_3599,embedding_3600,embedding_3601,embedding_3602,embedding_3603,embedding_3604,embedding_3605,embedding_3606,embedding_3607,embedding_3608,embedding_3609,embedding_3610,embedding_3611,embedding_3612,embedding_3613,embedding_3614,embedding_3615,embedding_3616,embedding_3617,embedding_3618,embedding_3619,embedding_3620,embedding_3621,embedding_3622,embedding_3623,embedding_3624,embedding_3625,embedding_3626,embedding_3627,embedding_3628,embedding_3629,embedding_3630,embedding_3631,embedding_3632,embedding_3633,embedding_3634,embedding_3635,embedding_3636,embedding_3637,embedding_3638,embedding_3639,embedding_3640,embedding_3641,embedding_3642,embedding_3643,embedding_3644,embedding_3645,embedding_3646,embedding_3647,embedding_3648,embedding_3649,embedding_3650,embedding_3651,embedding_3652,embedding_3653,embedding_3654,embedding_3655,embedding_3656,embedding_3657,embedding_3658,embedding_3659,embedding_3660,embedding_3661,embedding_3662,embedding_3663,embedding_3664,embedding_3665,embedding_3666,embedding_3667,embedding_3668,embedding_3669,embedding_3670,embedding_3671,embedding_3672,embedding_3673,embedding_3674,embedding_3675,embedding_3676,embedding_3677,embedding_3678,embedding_3679,embedding_3680,embedding_3681,embedding_3682,embedding_3683,embedding_3684,embedding_3685,embedding_3686,embedding_3687,embedding_3688,embedding_3689,embedding_3690,embedding_3691,embedding_3692,embedding_3693,embedding_3694,embedding_3695,embedding_3696,embedding_3697,embedding_3698,embedding_3699,embedding_3700,embedding_3701,embedding_3702,embedding_3703,embedding_3704,embedding_3705,embedding_3706,embedding_3707,embedding_3708,embedding_3709,embedding_3710,embedding_3711,embedding_3712,embedding_3713,embedding_3714,embedding_3715,embedding_3716,embedding_3717,embedding_3718,embedding_3719,embedding_3720,embedding_3721,embedding_3722,embedding_3723,embedding_3724,embedding_3725,embedding_3726,embedding_3727,embedding_3728,embedding_3729,embedding_3730,embedding_3731,embedding_3732,embedding_3733,embedding_3734,embedding_3735,embedding_3736,embedding_3737,embedding_3738,embedding_3739,embedding_3740,embedding_3741,embedding_3742,embedding_3743,embedding_3744,embedding_3745,embedding_3746,embedding_3747,embedding_3748,embedding_3749,embedding_3750,embedding_3751,embedding_3752,embedding_3753,embedding_3754,embedding_3755,embedding_3756,embedding_3757,embedding_3758,embedding_3759,embedding_3760,embedding_3761,embedding_3762,embedding_3763,embedding_3764,embedding_3765,embedding_3766,embedding_3767,embedding_3768,embedding_3769,embedding_3770,embedding_3771,embedding_3772,embedding_3773,embedding_3774,embedding_3775,embedding_3776,embedding_3777,embedding_3778,embedding_3779,embedding_3780,embedding_3781,embedding_3782,embedding_3783,embedding_3784,embedding_3785,embedding_3786,embedding_3787,embedding_3788,embedding_3789,embedding_3790,embedding_3791,embedding_3792,embedding_3793,embedding_3794,embedding_3795,embedding_3796,embedding_3797,embedding_3798,embedding_3799,embedding_3800,embedding_3801,embedding_3802,embedding_3803,embedding_3804,embedding_3805,embedding_3806,embedding_3807,embedding_3808,embedding_3809,embedding_3810,embedding_3811,embedding_3812,embedding_3813,embedding_3814,embedding_3815,embedding_3816,embedding_3817,embedding_3818,embedding_3819,embedding_3820,embedding_3821,embedding_3822,embedding_3823,embedding_3824,embedding_3825,embedding_3826,embedding_3827,embedding_3828,embedding_3829,embedding_3830,embedding_3831,embedding_3832,embedding_3833,embedding_3834,embedding_3835,embedding_3836,embedding_3837,embedding_3838,embedding_3839,embedding_3840,embedding_3841,embedding_3842,embedding_3843,embedding_3844,embedding_3845,embedding_3846,embedding_3847,embedding_3848,embedding_3849,embedding_3850,embedding_3851,embedding_3852,embedding_3853,embedding_3854,embedding_3855,embedding_3856,embedding_3857,embedding_3858,embedding_3859,embedding_3860,embedding_3861,embedding_3862,embedding_3863,embedding_3864,embedding_3865,embedding_3866,embedding_3867,embedding_3868,embedding_3869,embedding_3870,embedding_3871,embedding_3872,embedding_3873,embedding_3874,embedding_3875,embedding_3876,embedding_3877,embedding_3878,embedding_3879,embedding_3880,embedding_3881,embedding_3882,embedding_3883,embedding_3884,embedding_3885,embedding_3886,embedding_3887,embedding_3888,embedding_3889,embedding_3890,embedding_3891,embedding_3892,embedding_3893,embedding_3894,embedding_3895,embedding_3896,embedding_3897,embedding_3898,embedding_3899,embedding_3900,embedding_3901,embedding_3902,embedding_3903,embedding_3904,embedding_3905,embedding_3906,embedding_3907,embedding_3908,embedding_3909,embedding_3910,embedding_3911,embedding_3912,embedding_3913,embedding_3914,embedding_3915,embedding_3916,embedding_3917,embedding_3918,embedding_3919,embedding_3920,embedding_3921,embedding_3922,embedding_3923,embedding_3924,embedding_3925,embedding_3926,embedding_3927,embedding_3928,embedding_3929,embedding_3930,embedding_3931,embedding_3932,embedding_3933,embedding_3934,embedding_3935,embedding_3936,embedding_3937,embedding_3938,embedding_3939,embedding_3940,embedding_3941,embedding_3942,embedding_3943,embedding_3944,embedding_3945,embedding_3946,embedding_3947,embedding_3948,embedding_3949,embedding_3950,embedding_3951,embedding_3952,embedding_3953,embedding_3954,embedding_3955,embedding_3956,embedding_3957,embedding_3958,embedding_3959,embedding_3960,embedding_3961,embedding_3962,embedding_3963,embedding_3964,embedding_3965,embedding_3966,embedding_3967,embedding_3968,embedding_3969,embedding_3970,embedding_3971,embedding_3972,embedding_3973,embedding_3974,embedding_3975,embedding_3976,embedding_3977,embedding_3978,embedding_3979,embedding_3980,embedding_3981,embedding_3982,embedding_3983,embedding_3984,embedding_3985,embedding_3986,embedding_3987,embedding_3988,embedding_3989,embedding_3990,embedding_3991,embedding_3992,embedding_3993,embedding_3994,embedding_3995,embedding_3996,embedding_3997,embedding_3998,embedding_3999,embedding_4000,embedding_4001,embedding_4002,embedding_4003,embedding_4004,embedding_4005,embedding_4006,embedding_4007,embedding_4008,embedding_4009,embedding_4010,embedding_4011,embedding_4012,embedding_4013,embedding_4014,embedding_4015,embedding_4016,embedding_4017,embedding_4018,embedding_4019,embedding_4020,embedding_4021,embedding_4022,embedding_4023,embedding_4024,embedding_4025,embedding_4026,embedding_4027,embedding_4028,embedding_4029,embedding_4030,embedding_4031,embedding_4032,embedding_4033,embedding_4034,embedding_4035,embedding_4036,embedding_4037,embedding_4038,embedding_4039,embedding_4040,embedding_4041,embedding_4042,embedding_4043,embedding_4044,embedding_4045,embedding_4046,embedding_4047,embedding_4048,embedding_4049,embedding_4050,embedding_4051,embedding_4052,embedding_4053,embedding_4054,embedding_4055,embedding_4056,embedding_4057,embedding_4058,embedding_4059,embedding_4060,embedding_4061,embedding_4062,embedding_4063,embedding_4064,embedding_4065,embedding_4066,embedding_4067,embedding_4068,embedding_4069,embedding_4070,embedding_4071,embedding_4072,embedding_4073,embedding_4074,embedding_4075,embedding_4076,embedding_4077,embedding_4078,embedding_4079,embedding_4080,embedding_4081,embedding_4082,embedding_4083,embedding_4084,embedding_4085,embedding_4086,embedding_4087,embedding_4088,embedding_4089,embedding_4090,embedding_4091,embedding_4092,embedding_4093,embedding_4094,embedding_4095
6022,data/pair/6022/RHEED/After GaSb.MP4,manifest_specified_rheed_path,27.000000,810,8,0.01306143,0.00013286,0.07430180,0.00000000,0.01364062,0.00000000,0.00016951,0.00932436,0.02346525,0.00009660,0.01896280,0.00267812,0.00000000,0.00000000,0.02456857,0.00800003,0.00000000,0.00000000,0.00000000,0.01651995,0.00000000,0.00000000,0.01257698,0.00000000,0.00000000,0.00000000,0.00150789,0.40681845,0.00000000,0.00498208,0.03531054,0.05587475,0.48186350,0.02848356,0.00029197,0.01613498,0.00140264,0.00028075,0.18017834,0.00000000,0.00000000,0.00000000,0.00835776,0.12312984,0.06596334,0.00000000,0.08421075,0.00000000,0.00000000,0.00025523,0.00014192,0.01046168,0.09384532,0.00000000,0.05958263,0.01556791,0.00657425,0.00336646,0.00000000,0.10689723,0.24959767,0.00366669,0.00000000,0.05270306,0.00943683,0.00000000,0.00000000,0.01968506,0.00000000,0.00566312,0.01494620,0.00211279,0.00957886,0.00789660,0.00000000,0.24759817,0.00000000,0.00000000,0.03380556,0.00000000,0.04175862,0.00510872,0.00000000,0.00000000,0.01421797,0.08020047,0.00000000,0.02200801,0.00000000,0.00000000,0.08569264,0.29434237,0.00000000,0.00169369,0.30216554,0.00000000,0.00740924,0.00000000,0.00439506,0.00030165,0.00328912,0.16152737,0.29279500,0.00000000,0.00196313,0.00000000,0.00000000,0.04329406,0.00000000,0.00000000,0.00000000,0.03398119,0.03451171,0.14798623,0.00253434,0.00000000,0.00000000,0.00000000,0.07027024,0.00443427,0.00156153,0.03964922,1.10289371,0.00000000,0.00907816,0.00000000,0.00180755,0.00000000,0.06518118,0.00000000,0.00117419,0.52044219,0.00079216,0.00000000,0.00000000,0.00776805,0.00000000,0.23569953,0.56464779,0.02933889,0.00000000,0.07223272,0.00000000,0.00000000,0.00079962,0.01150440,0.00000000,0.00006978,0.00952200,0.00000000,0.00000000,0.09620021,0.00000000,0.00113388,0.00000000,0.02958988,0.00000000,0.00000000,0.00000000,0.01940206,0.01936818,0.00444749,0.27915165,1.79701126,0.03849452,0.63153112,0.01316152,0.00000000,0.02179030,0.00129990,0.00073970,0.05428308,0.07630840,0.01173945,0.01545100,0.08525208,0.00000000,0.00000000,0.01118244,0.00000000,0.00000000,0.00017580,0.00000000,0.16103005,0.95848125,0.00467333,0.00000000,0.00000000,0.00000000,0.00152171,0.00172910,0.32845837,0.00000000,0.00038432,0.02920843,0.00601037,0.00116040,0.00000000,0.00000000,0.00000000,0.15626687,0.00844757,0.00632745,0.04691816,0.26189628,0.09804923,0.00000000,0.01753889,0.01825771,0.00000000,0.11054799,0.39554283,0.00000000,0.00000000,0.05060539,0.00359569,0.00000000,0.00032705,0.00000000,0.01239724,0.00000000,0.00000000,0.16289619,0.14027978,0.00959424,0.00618178,0.00000000,0.00233261,0.00042049,0.00000000,0.39564627,0.00399891,0.00558689,0.00000000,0.00147607,0.00086264,0.02446608,0.00747600,0.00000000,0.00057703,0.00466129,0.00000000,0.27760094,0.00000000,0.00000000,0.00000000,0.00000000,0.00000000,0.02117287,0.00000000,0.00635976,0.07548508,0.00000000,0.05891256,0.00014410,0.02485858,0.00000000,0.00000000,0.00000000,0.03431775,0.00000000,0.00632226,0.00000000,1.39069450,0.00078156,0.08784976,0.00535360,0.22139020,0.03705509,0.16197920,0.03080432,0.00000000,0.00192303,0.00479186,0.00053110,0.10667972,0.00000000,0.00000000,0.00000000,0.00000000,0.00074931,0.02420972,0.00000000,0.00733112,0.00000000,0.00000000,0.00000000,0.84205109,0.00000000,0.08537703,0.09857831,0.03173638,0.00000000,0.00000000,0.00196641,0.00000000,0.01330138,0.00000000,0.04088456,0.00000000,0.01061534,0.00000000,0.14719854,0.03048948,0.00000000,0.03910169,0.00000000,0.01567842,0.02476532,0.00007730,0.00000000,0.00000000,0.16206318,1.22671592,0.01244565,0.00300066,0.00000000,0.00215772,0.01037337,0.00249311,0.00677719,0.00494951,0.00161767,0.82400107,0.43273365,0.69380099,0.11373448,0.00020468,0.00298758,0.00000000,0.01599152,0.00000000,0.00713779,0.00000000,0.00000000,0.00000000,0.18205823,0.00531321,0.00000000,0.00232712,1.33110487,0.00168533,0.00090000,0.00210912,0.00064397,0.00009847,0.00079024,0.00488605,0.11005402,0.00000000,0.00317858,0.24413550,0.00582237,0.00000000,0.00052160,0.00008574,0.00000000,0.16910122,0.00000000,0.00551899,0.00000000,0.00000000,0.00146479,0.34255910,0.00000000,0.00214071,0.01028853,0.24249575,0.00000000,0.14152703,0.02860950,0.00000000,0.00000000,0.00000000,0.00285422,0.31216776,0.00390391,0.01293383,0.00020439,0.00016580,0.00597268,0.00000000,0.07159587,0.00459392,0.01113459,0.00009735,0.00000000,0.00000000,0.00000000,0.00000000,0.00000000,0.00254966,0.00000000,0.00146354,0.00000000,0.01743803,0.00000000,0.03667355,0.05010788,0.04676649,0.00076303,0.11497719,0.00154752,0.00006644,0.00000000,0.00000000,0.10644668,0.00404439,0.00000000,0.24537665,0.00957995,0.00112906,0.54599756,0.22018135,0.02428751,0.04779711,0.00086511,0.00120288,0.10652940,0.00000000,0.00116697,0.00000000,0.00757081,0.00000000,0.01078619,0.01026226,0.00000000,0.00000000,0.00100730,0.37178481,0.01780258,0.18272096,0.05319301,0.00405270,0.27788439,0.28284854,0.00341357,0.00000000,0.00000000,0.00104673,0.00309857,0.00276306,0.01141478,0.00159209,0.01456825,0.01224098,0.01801751,0.00000000,0.00201576,0.01012824,0.00000000,0.00000000,0.02547454,0.02534157,0.00032909,0.00000000,0.00212790,0.03774260,0.02107552,0.00000000,0.06043533,0.00000000,0.05678213,0.00107787,0.00000000,0.00010164,0.00000000,0.05152826,0.01193579,0.00448966,0.00000000,0.00830503,0.00371087,0.00000000,0.00159310,0.00325274,0.00000000,0.00116784,0.00053028,0.07377660,0.00000000,0.00000000,0.00049315,0.00000000,0.00000000,0.00800086,0.00272593,0.00004349,0.00000000,0.00277003,0.27102670,0.00034367,0.00000000,0.00000000,0.00000000,0.00111167,0.00234595,0.04289500,0.09352526,0.03939350,0.00000000,0.00000000,0.13955908,0.00795905,0.03257753,0.00973332,0.16532350,0.01295100,0.00210755,0.00000000,0.00102120,0.13393064,0.00000000,0.02087991,0.05658048,0.00133926,0.00360905,0.01158003,0.00013709,0.00000000,0.00000000,0.02243231,0.00000000,0.00357378,0.00000000,0.10252393,0.09638091,0.12223684,0.00000000,0.04861423,0.02077329,0.00000000,0.00000000,0.04339640,0.00575257,0.01223733,0.00000000,0.12693605,0.20817535,0.00186237,0.00000000,0.00046250,0.00000000,0.00364855,0.00000000,0.00000000,0.00000000,0.00000000,0.00000000,0.00000000,0.10139281,0.03802179,0.00000000,0.13886648,0.00000000,0.00000000,0.00000000,0.00000000,0.00000000,0.00002301,0.00000000,0.00589594,0.00067956,0.00000000,0.00603528,0.15291201,0.19517006,0.00047955,0.00000000,0.00000000,0.06704084,0.00000000,0.27491555,0.17823629,0.38296959,0.00000000,0.00000000,0.00000000,0.00000000,0.09824118,0.18756402,0.00000000,0.07100505,0.00810227,0.00146676,0.00286950,0.00402422,0.00000000,0.02861572,0.01476959,0.05282613,0.00000000,0.00295580,0.00039357,0.05005235,0.06424972,0.00425190,0.00000000,0.00000000,0.00447468,0.00000000,0.00297370,0.00000000,0.00000000,0.00000000,0.00000000,0.04214806,0.11123361,0.00743265,0.00000000,0.14000726,0.00000000,0.20809658,0.00518496,0.00007981,0.00000000,0.01747636,0.00000000,0.00000000,0.00000000,0.00000000,0.00087608,0.01527698,0.00074232,0.00660541,0.00000000,0.00000000,0.00463237,0.01318103,0.06309370,0.00000000,0.00000000,0.07981211,0.00000000,0.02022384,0.00501684,1.63139665,1.03107882,0.00153285,0.00130374,0.02627822,0.24405353,0.02392549,0.00512025,0.05037437,0.00066224,0.00000000,0.00000000,0.03973616,0.06055249,0.36314827,0.00000000,0.00000000,0.41793001,0.00000000,0.00000000,0.13086326,0.00000000,0.86145788,0.00000000,0.00027653,0.00000000,0.00000000,0.00000000,0.05697881,0.00367397,0.00000000,0.00267198,0.00000000,0.00286657,0.03062430,2.56986451,0.06064248,0.00509490,0.02497116,0.00000000,0.11615171,0.17076898,0.01337329,0.00000000,0.00053257,0.00227220,0.00856396,0.00149919,0.22490354,0.00145481,0.01207120,0.05458192,0.00000000,0.00000000,0.00020824,0.08015507,0.00000000,0.00250922,0.06029666,0.00000000,0.07653114,0.00000000,0.00332856,0.00024353,0.00000000,0.00000000,0.00000000,0.00054752,0.00000000,0.00318449,0.00000000,0.00119636,0.35474682,0.00154468,0.00083545,0.00651770,0.03053529,0.01229858,0.00253703,0.03292539,0.00000000,0.20245853,0.00000000,0.01663638,0.00363101,0.00402326,0.00219188,0.04554361,0.00000000,0.04982233,0.01039649,0.00186615,0.00442609,0.00000000,0.00136159,0.00881657,0.54303449,0.00000179,0.29528019,0.00000000,0.00000000,0.00000000,0.00000000,0.00330441,0.00000000,0.00000000,0.00267710,0.01757838,0.00423369,0.00000000,0.00000000,0.00000000,0.00000000,0.00100400,0.00037711,0.05708989,0.00162501,0.02520325,0.00016682,0.00000000,0.00000000,0.00700560,0.00226457,0.00000000,0.03711670,0.00000000,5.95184612,0.07156776,0.00000000,0.00006682,0.00014968,0.00000000,0.56899065,0.00000000,0.01627229,0.00000000,2.50167513,0.00000000,0.00000000,0.00015840,0.27452439,0.00481405,0.00564040,0.03495725,0.01017842,0.00000000,0.00000000,0.00000000,0.00000000,0.00000000,0.06157013,0.00000000,0.00000000,0.34180558,0.00425806,0.04002039,0.00011686,0.02011302,0.09885941,0.21086638,0.45111114,0.00459284,0.00899393,0.00114480,0.00719100,0.00000000,0.01116688,0.00000000,0.00000000,0.02800742,0.02148861,0.00000000,0.00106164,0.04125182,0.00347152,0.12979494,0.00000000,0.00054310,0.00000000,0.00485669,0.03781091,0.00000000,0.03519205,3.27344298,0.00270411,1.41952026,0.00000000,0.02451730,0.04925977,0.00000000,0.00000000,0.01193277,0.00188767,0.05774283,0.00485752,0.00010071,0.02586749,0.00000000,0.01382300,0.18402508,0.01753161,0.01408400,0.00666713,0.03757441,0.00032461,0.00140153,0.00000000,0.02092483,0.00000000,0.00000000,0.00000000,0.00437271,0.00000000,0.00736464,0.00000000,0.15860687,0.03108665,0.04197943,0.00502621,0.00000000,0.00000000,0.00005685,0.00077434,0.00804847,0.00000000,0.00350840,0.01471263,0.00000000,0.09615365,0.01764815,0.01506533,0.02652002,0.64578253,0.00000000,0.13369890,0.04650011,0.00038357,0.00000000,0.00000000,0.00012953,0.00000000,0.00662574,0.33754078,0.00000000,0.00460236,0.00597851,0.00110326,0.00016315,0.00848528,0.02648651,0.07588442,0.00000000,0.00000000,0.00000000,0.00167660,0.37701327,0.00000000,0.00114949,0.00638062,0.00000000,0.00000000,7.54020452,0.26414683,0.01029832,0.00000000,0.04374208,0.02910096,0.00000000,0.01344184,0.00000000,0.00140464,0.00000000,0.05772743,0.02595963,0.00696917,0.02835133,0.00000000,0.02406792,0.00066212,0.00000000,0.00000000,0.01562941,0.01393398,0.00000000,0.00000000,0.01304647,0.00194267,0.02642830,0.00000000,0.00082421,0.53915554,0.12995207,0.02008292,0.00000000,0.26560938,0.02318443,0.00024137,0.01426590,0.02091629,0.00000000,0.03458260,0.00000000,0.00000000,0.22069512,0.05198640,0.00248589,0.02466129,0.00000000,0.00000000,0.00000000,0.07175624,1.54283261,0.20636159,0.02258076,0.07075488,0.01244974,0.00385379,0.00000000,0.00000000,0.00454942,0.00032489,0.08358514,0.00124709,0.00554343,0.68156475,0.00243596,0.06748927,0.01572672,0.00000000,0.01657859,0.00000000,0.00131193,0.02787180,0.00073802,0.00055439,0.11026357,0.00935336,0.00000000,0.45416999,0.00000000,0.00047865,0.00874942,0.45332232,0.00495287,0.04849131,0.07859971,0.00172095,0.00000000,0.00000000,0.00000000,0.00000000,0.00000000,0.00000000,0.00000000,0.00742758,0.00239988,0.00000000,0.00853621,0.00000000,0.00000000,0.00371283,0.04310144,0.00078527,0.02022142,0.02677894,0.04169999,0.00000000,0.00651627,0.10286635,0.35986391,0.00000000,0.00083524,0.00000000,0.00373292,0.01738079,0.00086715,0.00875128,0.00000000,0.02266700,0.00007548,0.00029949,0.00000000,2.43111706,0.00147301,0.00639892,0.04200696,0.02823639,2.08561873,0.33353090,0.00191714,0.00802512,0.65626472,0.09659144,0.07668119,0.00000000,0.00033586,0.07653864,0.00000000,0.00563281,0.05083355,0.00000000,0.11583899,0.00021011,0.03977654,0.00000000,0.00000000,0.00093824,0.00000000,0.00976510,0.00000000,0.01678438,0.00542248,0.01238151,0.00000000,0.00000000,0.00523820,0.07530571,0.00000000,0.00000000,0.00013589,0.00000000,0.00138076,0.00000000,0.00000000,0.00000000,0.09015154,0.00004273,0.04211823,0.00038779,0.00000000,0.00161933,0.00000000,0.00505616,0.01755308,0.00000000,0.00119394,0.00000000,0.52533704,0.00000000,0.00001629,0.00640192,0.00646601,0.00000000,0.05326582,0.00000000,0.00000000,0.00000000,0.00000000,0.04384951,0.00805702,1.32407284,0.00000000,0.03545297,1.40567315,0.00268635,0.01223391,0.00046840,0.00000000,0.00030075,0.00000000,0.00019969,0.00985084,0.01741492,0.00000000,0.00000000,0.00822782,0.00120406,0.00469486,0.00274805,0.00133521,0.00114334,0.00000000,0.19505413,0.00278170,0.00000000,0.00635229,0.00000000,0.00000000,0.00000000,0.00000000,0.00131651,0.01862245,0.00000000,0.00000000,0.00588333,0.09515358,0.00215278,0.03483985,0.00662150,0.00000000,0.00978445,0.00000000,0.00177183,0.15494695,0.00000000,0.00000000,0.00000000,0.00869902,0.62311256,0.00229638,0.00000000,0.00415582,0.00099522,0.07249072,0.83453673,0.00000000,0.12666577,0.00032684,0.00050372,0.02261481,0.02123198,0.93371516,0.00799558,0.00000000,0.00000000,0.21572673,0.01177783,0.01904981,0.00000000,0.00068440,0.03182058,0.00323474,0.05394246,0.09827282,0.00000000,0.00369626,0.00000000,0.00000000,0.00000000,0.00000000,0.00433218,0.00350143,0.02552667,0.04835648,0.02225983,0.14605859,0.06766417,0.03638514,0.13130608,0.00000000,0.00000000,0.00273495,0.00000000,0.00000000,0.00000000,0.00000000,0.02006060,0.02303373,0.00065780,0.00424983,0.00000000,0.00259465,0.00000000,0.00000000,0.00570753,0.00000000,0.00115639,0.00000000,0.00204514,2.11285424,0.00504930,0.00000000,0.00000000,0.00025049,0.00000000,0.07251774,0.32267344,0.00000000,0.00163648,0.00000000,0.00000000,0.00177249,0.04524811,0.00338789,0.00000000,0.00069919,0.00000000,0.05177604,0.00124456,0.05989914,0.12124907,0.00000000,0.00000000,0.00000000,0.32849315,0.00000000,0.01132923,0.12756658,0.00331446,2.13726139,0.00061721,0.00000000,0.00000000,0.57880718,0.00000000,0.02650929,0.08327617,0.00136977,0.00000000,0.02819755,0.05788476,0.00236373,0.00131473,0.00695351,0.00000000,0.00000000,0.01410095,0.00944564,0.00000000,0.00000000,0.00024504,0.00108982,0.00603082,0.00795122,0.04079589,0.06593485,0.00329579,0.00000000,0.00719309,0.05191077,0.00000000,0.00664625,0.00000000,0.02568761,0.03842795,0.02961976,0.00000000,0.00407841,0.00171960,0.01842167,0.00120445,0.04467576,0.00000000,0.29918641,0.07384239,0.08516414,0.00007996,0.00391675,0.01666835,0.00000000,0.00130759,0.49111053,0.00091197,0.00000000,0.20733991,0.00000000,0.00000000,0.00000000,0.01255580,0.05478431,0.00063250,0.00115148,0.01624633,0.00000000,0.00000000,0.01362776,0.00000000,0.18709749,0.00000000,0.00000000,0.01114009,0.00000000,0.00000000,0.08722617,0.00000000,0.00000000,0.00678154,0.02917963,0.00000000,0.02830070,0.09477075,0.01124106,0.00000000,0.08764804,0.00000000,0.02099562,0.00000000,0.00000000,0.00000000,0.00000000,1.24220729,0.06637743,0.00000000,0.00000000,1.27525187,0.00530399,0.00387580,0.00751989,0.00000000,0.10002602,0.01608006,0.00000000,0.14571573,0.01046497,0.04587812,0.00000000,0.00000000,0.04754793,0.03600625,0.00074005,0.00000000,0.00000000,0.02759280,0.00500473,0.02332548,0.11208074,0.00000000,0.00000000,0.00000000,0.05732976,0.06182585,0.00000000,0.01524198,0.00000000,0.00000000,0.00098289,0.43114996,0.30740795,0.00000000,0.00000000,0.00000000,0.38221979,0.00000000,0.58716232,0.00000000,0.00000000,0.04810129,0.00821375,0.00277952,0.00168191,0.00778884,0.03055302,0.02894840,0.00116695,0.03025979,0.01051314,0.07945530,0.00000000,0.00939527,0.23894456,0.01767536,0.01581075,1.03916979,0.12988515,0.00000000,0.00578390,0.00130387,0.00000000,0.00000000,0.00008987,0.00322391,0.00000000,0.00001510,0.00291571,0.00034593,0.00000000,0.00268545,0.07625459,0.00045885,0.02416023,0.02323538,0.00832014,0.03549016,0.00000000,0.00000000,0.46620998,0.70414001,0.00000000,0.00000000,0.03263149,0.00076129,0.12826127,0.00072282,0.00000000,0.00018082,0.00000000,0.00000000,0.01895540,0.00336270,0.00000000,0.00935870,0.00018795,0.00512829,0.01452447,0.08214723,0.25991729,0.00000000,0.00000000,0.20452367,0.00000000,0.00402055,0.01706078,0.00000000,0.00409261,0.03202413,0.01381464,0.00186065,0.01386529,0.00000000,0.00000000,3.61707473,0.00586795,0.00134145,0.00000000,0.00078570,0.00074377,0.04376790,0.06120252,0.00000000,0.00000000,0.62381256,0.02664182,0.00353824,0.33472830,0.00000000,0.00017772,0.00271058,0.22267057,0.00026445,0.00000000,0.00164508,0.00000000,0.00000000,0.00000000,0.09555331,0.00052097,0.00000000,0.00032720,0.00470860,0.00000000,0.29015899,0.03401672,0.00000000,0.03045683,0.00000000,0.00000000,0.00000000,0.20025665,0.02608179,0.01186424,0.04715835,0.00427836,0.00000000,0.00000000,0.00000000,0.00249659,0.09597415,0.00263782,0.08000351,0.00000000,0.00000000,0.03557428,0.00084143,0.00640670,0.02407229,0.04760430,0.00000000,0.30370396,0.00000000,0.00934647,0.00000000,0.05944126,0.00000000,0.01832977,0.00000000,0.00445258,0.00000000,0.00000000,0.00000000,0.00037641,0.00094608,0.01934625,0.09833939,0.00000000,0.00000000,0.00000000,0.00672948,0.14802122,0.00000000,0.00000000,0.00000000,0.06650236,0.01698806,0.00000000,0.30610400,0.00052009,0.00110858,0.00657595,0.00154051,0.00000000,0.00000000,0.00350046,0.00088228,0.00836767,0.02491745,0.00000000,0.00639893,0.02043553,0.00061630,0.00000000,0.00000000,0.00321324,0.02512899,0.00136263,0.02308053,0.00056985,0.00000000,0.00454437,0.00000000,0.04558286,0.00000000,0.00000000,0.00000000,0.00244599,0.00054520,0.22991249,0.00180828,0.00000000,0.00000000,0.00000000,0.53693956,0.00005840,0.00770601,0.01686280,0.00000000,0.00414684,0.00000000,0.00000000,0.00000000,0.00300426,0.00874255,0.00000000,0.00000000,0.00000000,0.00000000,0.00000000,0.00010215,0.00000000,0.24845782,2.61879897,0.00561996,0.00000000,0.00000000,0.02262288,0.00679918,0.00000000,0.00000000,0.02588557,0.00000000,0.00016020,0.00052754,0.00000000,0.00000000,0.00805825,0.08172161,0.30103934,0.00000000,0.00043735,0.00000000,0.00629502,0.27706003,0.24459934,0.00441391,0.00497268,0.00000000,0.00000000,0.00607839,0.00000000,0.00193088,0.00000000,0.00000000,0.13713163,0.00000000,0.01590425,0.08088702,0.01987614,0.00435925,0.26822168,0.00115050,0.00140137,0.00000000,0.04246593,0.00000000,0.06575440,0.00000000,0.00000000,0.01398503,0.01551710,0.12971763,0.00000000,0.00179986,0.00010004,0.69437522,0.00000000,0.00000000,0.00000000,0.00983932,0.00000000,0.00000000,0.00000000,0.00186331,0.08158375,0.00003905,0.00000000,0.00017173,0.00000000,0.00000000,0.00829589,0.26955295,0.00355712,0.00000000,0.00000000,0.00640952,0.01518044,0.02913310,1.52034092,0.00571711,1.04248512,0.00000000,0.00053810,0.00042134,0.00000000,0.00000000,0.00000000,0.01553585,0.00130977,0.00481770,0.00023843,0.01273993,0.02881792,0.12348483,0.00000000,0.00232333,0.00000000,0.00369719,0.00000000,0.00103615,0.02130155,0.00000000,0.00021718,0.00000000,0.04169905,0.00062621,0.02072723,0.00713370,0.00053690,0.07368175,0.00000000,0.00048322,0.01953284,0.00247576,0.00000000,0.01892842,0.00000000,0.47959286,0.00000000,0.00000000,0.07826482,0.00000000,0.05736074,0.00546094,0.00000000,0.02640513,0.01537704,0.00154579,0.00000000,0.00015749,0.00770680,0.00194262,0.00000000,1.39196205,0.00000000,0.00000000,0.08285041,0.02106980,0.00000000,1.39482522,0.00428020,0.01776322,0.00325863,0.21501134,0.00000000,0.00434873,0.00473659,0.18515438,0.00000000,0.04194651,0.01040669,0.01240278,0.00000000,0.03587432,0.00000000,0.00000000,0.00000000,0.00000000,0.36257771,0.00051347,0.36221218,0.03736380,0.07470403,0.00000000,0.00000000,0.16475575,0.02488764,0.03239210,0.00035215,0.03076288,0.04501091,0.00000000,0.25410169,0.00000000,0.00693312,0.02828358,0.00364042,0.00250086,0.00000000,0.00117345,0.21927962,0.00160549,0.00000000,0.02331002,0.06035852,0.00031676,0.00039471,0.00000000,0.00000000,0.02146735,0.00000000,0.00000000,0.00000000,0.01876879,0.00000000,0.00042766,0.07739919,0.00240716,0.05943593,0.01183085,0.00000000,0.00000000,0.03595059,0.00000000,0.06312834,0.00000000,0.01374174,0.00979323,0.11253057,0.73406327,0.03065261,0.01568793,0.00000000,0.00000000,0.00540990,0.00000000,0.00000000,0.00000000,0.00061425,0.24045441,0.00000000,0.00098025,0.00000000,0.03134724,0.00000000,0.01206253,0.00000000,0.00000000,0.96529359,0.00342325,0.00558175,0.03032199,0.01237749,0.00097888,0.00405597,0.63820040,0.00628245,0.02024822,0.00204296,0.06593653,0.00107372,0.21382719,0.09285560,0.00000000,0.00324533,0.01127748,0.00000000,0.03875662,0.00000000,0.00146584,0.09302355,0.04531723,0.00000000,0.00000000,0.05099887,0.00059907,0.00000000,0.00000386,0.03544316,0.05137146,0.00000000,0.02126302,0.00599201,0.00000000,0.00210156,0.00000000,0.00000000,0.00000000,0.00111117,0.99762523,0.00005546,0.01001839,0.01009191,0.00000000,0.39282173,0.00000000,0.01320878,1.23808682,0.00000000,0.01518442,0.00218358,0.00000000,0.24159393,0.19369589,0.00446679,0.00000000,0.00441540,0.00145909,0.00000000,0.16306143,0.00005124,0.06037639,0.00000000,0.00893584,0.00000000,0.17102793,0.00000000,0.03905831,0.00000000,0.00337165,0.00000000,0.03396534,0.00000000,0.00537265,0.00000000,0.10870419,0.00458192,0.00671925,0.00000000,0.00000000,0.00000000,0.00012356,0.00000000,0.12515926,0.00293524,0.00000000,0.00000000,0.00000000,0.07991753,0.00000000,0.24786416,0.33804119,3.26829791,0.00000000,0.00000000,0.00219115,0.00534358,0.02773530,0.00000000,0.00529761,0.00012544,0.00000000,0.02317918,0.00000000,0.01142810,0.00000000,0.10160292,0.00000000,0.00024953,0.00000000,0.00604485,0.00000000,0.00000000,0.00000000,0.06168617,0.00000000,0.04972035,0.00047950,0.14986016,0.03378882,0.02225703,0.00046191,0.00000000,0.00272300,0.01023599,0.00000000,0.00038765,0.05496053,0.00000000,0.09594696,0.01001471,0.00314326,0.04150787,0.02925643,0.00697265,0.00041922,0.00000000,0.00185263,0.00250512,0.01013070,0.04046358,0.00000000,0.64206016,0.22950771,0.00001155,0.00043928,0.00000000,0.00000000,0.00189244,0.03770512,0.13813503,0.00295134,0.01569379,0.00011719,0.00000000,0.19432282,0.00000000,0.18008916,0.02453892,0.00000000,0.00000000,0.00309572,0.14138165,0.00505950,0.00020111,0.02642104,0.00537175,0.89492059,0.00000000,0.00244506,0.00866791,0.03257164,0.84350485,0.00000000,0.00000000,0.50862837,0.00000000,0.17511524,0.28256428,0.00984782,0.00000000,0.00000000,0.00000000,0.04177819,0.08849269,0.00000000,0.04648586,0.15722618,0.13877496,0.00000000,0.00000000,0.00080188,0.00280249,0.00000000,0.00000000,0.00000000,0.00428438,0.24279052,0.00012780,0.00000000,0.00000000,0.00000000,0.04177601,0.00611586,3.47440815,0.00055729,0.02255529,0.00000000,0.01244030,0.23636919,0.00021219,0.00000000,0.00006826,0.00000000,0.00000000,0.00187583,0.00000000,0.00175501,0.00000000,0.00226848,0.01519117,0.02402105,0.03370649,0.00000000,0.00000000,0.00000000,0.00848306,0.00000000,0.00413278,0.00000000,0.00191290,0.02257213,0.00127318,0.00000000,0.08544414,0.00000000,0.00000000,0.00640609,0.02015553,0.00000000,0.00544295,0.02691457,0.07157722,0.05142659,0.00357725,0.01704681,0.00031571,0.06651277,0.00000000,0.01926298,0.00000000,0.00044849,0.01400848,0.02543252,0.00025557,0.05017085,0.00708564,0.00000000,0.00000000,0.04867968,0.01139272,0.00000000,0.00000000,0.00000000,0.02007983,0.00000000,0.00000000,0.01737812,0.00000000,0.00000000,0.00000000,0.00200782,0.12059569,0.00000000,0.00838088,0.03940980,0.07805109,0.09721805,0.02543651,0.00077249,0.03550556,0.00371104,0.00074278,0.19408928,0.00000000,0.00000000,0.00000000,0.01416107,0.17376147,0.06769145,0.00000000,0.13637358,0.00000000,0.00000000,0.00067527,0.00037547,0.01637384,0.07282014,0.00000000,0.15125787,0.01984920,0.01067244,0.00890681,0.00000000,0.06198026,0.11763817,0.00630735,0.00000000,0.04638871,0.02323195,0.00000000,0.00000000,0.02359984,0.00000000,0.01498321,0.01787693,0.00558990,0.02534327,0.01470115,0.00000000,0.18991311,0.00000000,0.00000000,0.04819500,0.00000000,0.05322763,0.00920855,0.00000000,0.00000000,0.01928308,0.14949265,0.00000000,0.03830275,0.00000000,0.00000000,0.05943982,0.15413603,0.00000000,0.00448109,0.21299875,0.00000000,0.01321526,0.00000000,0.00670932,0.00079809,0.00870220,0.20371142,0.21594493,0.00000000,0.00519395,0.00000000,0.00000000,0.06582958,0.00000000,0.00000000,0.00000000,0.07898127,0.02259263,0.14566919,0.00670524,0.00000000,0.00000000,0.00000000,0.07275801,0.00681960,0.00413143,0.04573494,0.95905352,0.00000000,0.02401856,0.00000000,0.00478232,0.00000000,0.05703760,0.00000000,0.00257968,0.37250322,0.00209586,0.00000000,0.00000000,0.01350994,0.00000000,0.24673730,0.18687685,0.06952776,0.00000000,0.07637605,0.00000000,0.00000000,0.00189447,0.01481396,0.00000000,0.00018462,0.00920862,0.00000000,0.00000000,0.09411495,0.00000000,0.00299997,0.00000000,0.07828747,0.00000000,0.00000000,0.00000000,0.03884648,0.02708792,0.00502580,0.46624631,0.79026777,0.06441651,0.39126262,0.02224256,0.00000000,0.02882374,0.00343922,0.00174137,0.09506392,0.09598982,0.02129475,0.02646753,0.10375947,0.00000000,0.00000000,0.01389546,0.00000000,0.00000000,0.00046513,0.00000000,0.16118768,0.46671164,0.00860817,0.00000000,0.00000000,0.00000000,0.00282020,0.00457476,0.25117284,0.00000000,0.00073603,0.04355746,0.01168055,0.00307013,0.00000000,0.00000000,0.00000000,0.25309193,0.01455280,0.01600344,0.08306842,0.16006418,0.16748898,0.00000000,0.02950351,0.03251670,0.00000000,0.21966189,0.22167663,0.00000000,0.00000000,0.08058988,0.00951329,0.00000000,0.00086530,0.00000000,0.01782093,0.00000000,0.00000000,0.05616955,0.16132279,0.01059493,0.01182743,0.00000000,0.00617152,0.00111250,0.00000000,0.19836915,0.01058013,0.00986934,0.00000000,0.00390532,0.00228234,0.02766979,0.01742182,0.00000000,0.00152668,0.00912518,0.00000000,0.17880437,0.00000000,0.00000000,0.00000000,0.00000000,0.00000000,0.04020721,0.00000000,0.01118089,0.09902652,0.00000000,0.06918275,0.00038124,0.02774816,0.00000000,0.00000000,0.00000000,0.03826520,0.00000000,0.01672713,0.00000000,0.60337949,0.00206782,0.14261954,0.00665573,0.15915276,0.03091899,0.28346545,0.02325768,0.00000000,0.00508785,0.01012119,0.00140517,0.05205314,0.00000000,0.00000000,0.00000000,0.00000000,0.00198248,0.01956516,0.00000000,0.01055665,0.00000000,0.00000000,0.00000000,0.54641801,0.00000000,0.08465741,0.08813205,0.04771438,0.00000000,0.00000000,0.00520264,0.00000000,0.02868076,0.00000000,0.08476486,0.00000000,0.02749767,0.00000000,0.12388408,0.07814848,0.00000000,0.05516588,0.00000000,0.04148122,0.05034267,0.00020451,0.00000000,0.00000000,0.17282821,0.62566912,0.03292810,0.00405714,0.00000000,0.00570880,0.01573243,0.00659614,0.01017738,0.00911561,0.00427996,0.43049896,0.17823926,0.24994338,0.07938811,0.00054153,0.00790439,0.00000000,0.01730880,0.00000000,0.00907095,0.00000000,0.00000000,0.00000000,0.14296858,0.01065352,0.00000000,0.00452715,0.47774249,0.00247073,0.00238117,0.00558022,0.00166974,0.00026052,0.00134691,0.00711646,0.13444488,0.00000000,0.00550677,0.11832708,0.01540453,0.00000000,0.00117238,0.00022685,0.00000000,0.12594828,0.00000000,0.01460188,0.00000000,0.00000000,0.00387547,0.16742584,0.00000000,0.00566378,0.02489818,0.21431893,0.00000000,0.12508249,0.02667673,0.00000000,0.00000000,0.00000000,0.00618851,0.21950896,0.00653740,0.01930322,0.00054076,0.00043866,0.01480463,0.00000000,0.06858874,0.00893966,0.02945934,0.00025756,0.00000000,0.00000000,0.00000000,0.00000000,0.00000000,0.00442499,0.00000000,0.00387218,0.00000000,0.03070375,0.00000000,0.03089719,0.12525290,0.05530247,0.00201878,0.12166727,0.00409434,0.00017579,0.00000000,0.00000000,0.09443045,0.01070044,0.00000000,0.12955138,0.02223747,0.00165433,0.26663342,0.20010737,0.03293392,0.02596515,0.00228886,0.00209127,0.07820723,0.00000000,0.00210147,0.00000000,0.00841039,0.00000000,0.01100897,0.01516916,0.00000000,0.00000000,0.00266506,0.23056005,0.03310895,0.16402535,0.05039030,0.00609787,0.20354100,0.23245944,0.00903144,0.00000000,0.00000000,0.00218314,0.00557948,0.00590015,0.01759413,0.00379424,0.02492131,0.03080982,0.02664471,0.00000000,0.00533321,0.01956666,0.00000000,0.00000000,0.02633417,0.01955089,0.00087069,0.00000000,0.00427278,0.04064974,0.02532112,0.00000000,0.07476958,0.00000000,0.15023141,0.00238288,0.00000000,0.00026891,0.00000000,0.10956199,0.01836654,0.01187851,0.00000000,0.01334487,0.00343450,0.00000000,0.00256004,0.00564879,0.00000000,0.00223155,0.00140300,0.08794122,0.00000000,0.00000000,0.00104861,0.00000000,0.00000000,0.01949611,0.00385357,0.00011506,0.00000000,0.00644754,0.30282116,0.00090926,0.00000000,0.00000000,0.00000000,0.00210615,0.00620680,0.06381062,0.08623257,0.07913460,0.00000000,0.00000000,0.12455816,0.02070490,0.04481168,0.02575193,0.11394971,0.03175156,0.00557606,0.00000000,0.00177739,0.17107618,0.00000000,0.03712513,0.14908689,0.00237606,0.00829673,0.01334710,0.00036269,0.00000000,0.00000000,0.02280463,0.00000000,0.00945533,0.00000000,0.11589669,0.08808358,0.15745641,0.00000000,0.04180676,0.05496095,0.00000000,0.00000000,0.02860592,0.01347612,0.03237693,0.00000000,0.09199528,0.11396971,0.00492736,0.00000000,0.00122366,0.00000000,0.00965316,0.00000000,0.00000000,0.00000000,0.00000000,0.00000000,0.00000000,0.14128129,0.07086313,0.00000000,0.11439169,0.00000000,0.00000000,0.00000000,0.00000000,0.00000000,0.00006088,0.00000000,0.00810409,0.00179796,0.00000000,0.00805481,0.12746993,0.11228316,0.00126877,0.00000000,0.00000000,0.09225919,0.00000000,0.11043906,0.10029360,0.09359670,0.00000000,0.00000000,0.00000000,0.00000000,0.07246429,0.12264595,0.00000000,0.08929242,0.01290741,0.00281088,0.00669945,0.00606093,0.00000000,0.02047704,0.03907667,0.04443108,0.00000000,0.00654145,0.00104128,0.06896552,0.08560572,0.00738921,0.00000000,0.00000000,0.00775043,0.00000000,0.00636664,0.00000000,0.00000000,0.00000000,0.00000000,0.02974837,0.12404746,0.01966494,0.00000000,0.23431054,0.00000000,0.23125559,0.00580234,0.00021115,0.00000000,0.02365574,0.00000000,0.00000000,0.00000000,0.00000000,0.00174406,0.04041909,0.00196400,0.01032803,0.00000000,0.00000000,0.00613984,0.01559182,0.05314393,0.00000000,0.00000000,0.14104868,0.00000000,0.05350725,0.00851311,0.66928989,0.91619325,0.00195293,0.00254655,0.03976515,0.17793515,0.03724668,0.00976320,0.08699901,0.00175213,0.00000000,0.00000000,0.02203532,0.06274714,0.17567714,0.00000000,0.00000000,0.30951461,0.00000000,0.00000000,0.10837485,0.00000000,0.28241640,0.00000000,0.00073163,0.00000000,0.00000000,0.00000000,0.06214728,0.00885140,0.00000000,0.00706939,0.00000000,0.00515700,0.05985360,0.53940856,0.05879631,0.01347984,0.04883786,0.00000000,0.17021647,0.28746682,0.01824415,0.00000000,0.00122060,0.00409293,0.02075918,0.00396649,0.19441871,0.00384908,0.02740617,0.04378341,0.00000000,0.00000000,0.00055094,0.12138527,0.00000000,0.00501671,0.08283081,0.00000000,0.05957629,0.00000000,0.00763170,0.00064433,0.00000000,0.00000000,0.00000000,0.00133005,0.00000000,0.00710457,0.00000000,0.00316526,0.28294522,0.00408685,0.00221040,0.01298260,0.06761009,0.02253838,0.00346584,0.05614067,0.00000000,0.14840464,0.00000000,0.01765670,0.00547697,0.00880912,0.00318556,0.04423061,0.00000000,0.05703083,0.01753637,0.00377370,0.01171033,0.00000000,0.00360244,0.00773543,0.30826399,0.00000475,0.13101913,0.00000000,0.00000000,0.00000000,0.00000000,0.00591512,0.00000000,0.00000000,0.00708295,0.01348400,0.01120130,0.00000000,0.00000000,0.00000000,0.00000000,0.00265633,0.00099773,0.05117325,0.00429937,0.01975630,0.00044135,0.00000000,0.00000000,0.00799060,0.00599149,0.00000000,0.03751481,0.00000000,1.05557203,0.04738244,0.00000000,0.00017680,0.00039602,0.00000000,0.21477471,0.00000000,0.01449206,0.00000000,0.86109364,0.00000000,0.00000000,0.00041908,0.30076477,0.01252600,0.00714429,0.03632799,0.00919131,0.00000000,0.00000000,0.00000000,0.00000000,0.00000000,0.05345833,0.00000000,0.00000000,0.10346129,0.01126575,0.06830792,0.00030919,0.03629378,0.16527376,0.20423517,0.09537523,0.00538696,0.01406518,0.00281851,0.01694776,0.00000000,0.01362582,0.00000000,0.00000000,0.02440857,0.05457284,0.00000000,0.00280884,0.07986258,0.00615392,0.20345379,0.00000000,0.00099533,0.00000000,0.00757247,0.05924363,0.00000000,0.05289470,0.38094255,0.00608426,0.61098444,0.00000000,0.02866784,0.09503055,0.00000000,0.00000000,0.02025918,0.00499430,0.11005322,0.00396695,0.00026646,0.01955478,0.00000000,0.02285040,0.19750822,0.03517997,0.01472430,0.01570766,0.07992066,0.00073198,0.00344376,0.00000000,0.05536189,0.00000000,0.00000000,0.00000000,0.01140129,0.00000000,0.01099115,0.00000000,0.13735609,0.04514226,0.10346860,0.01021443,0.00000000,0.00000000,0.00015041,0.00164873,0.01488652,0.00000000,0.00927400,0.01485665,0.00000000,0.11592160,0.02108095,0.03155366,0.02081961,0.41390517,0.00000000,0.19744024,0.04721209,0.00068728,0.00000000,0.00000000,0.00034269,0.00000000,0.00673487,0.26517418,0.00000000,0.01014156,0.01123946,0.00291895,0.00043165,0.01431188,0.02905563,0.04603133,0.00000000,0.00000000,0.00000000,0.00443587,0.27725935,0.00000000,0.00304128,0.01067531,0.00000000,0.00000000,1.28805315,0.17385644,0.02017285,0.00000000,0.03356472,0.03058887,0.00000000,0.03024151,0.00000000,0.00322696,0.00000000,0.07323939,0.03707866,0.01062046,0.05335322,0.00000000,0.03889968,0.00175181,0.00000000,0.00000000,0.04135152,0.02413455,0.00000000,0.00000000,0.03153950,0.00268519,0.03561717,0.00000000,0.00218066,0.39389509,0.05194112,0.03308670,0.00000000,0.19364212,0.02995101,0.00063860,0.03774403,0.02427120,0.00000000,0.03619263,0.00000000,0.00000000,0.36540303,0.06933933,0.00657705,0.05845964,0.00000000,0.00000000,0.00000000,0.05976998,0.96229064,0.46589008,0.02926293,0.08234548,0.03047321,0.00507159,0.00000000,0.00000000,0.01199335,0.00085958,0.09906726,0.00329950,0.01226464,0.37492183,0.00636255,0.07340713,0.01368527,0.00000000,0.02936365,0.00000000,0.00347105,0.06465121,0.00195261,0.00146678,0.09632453,0.01389749,0.00000000,0.27083638,0.00000000,0.00126638,0.00980720,0.23952144,0.01310407,0.09286763,0.09041912,0.00455321,0.00000000,0.00000000,0.00000000,0.00000000,0.00000000,0.00000000,0.00000000,0.01832049,0.00634948,0.00000000,0.01499275,0.00000000,0.00000000,0.00431678,0.03001604,0.00207762,0.02754086,0.03916875,0.05831646,0.00000000,0.01273157,0.08863720,0.12567312,0.00000000,0.00220983,0.00000000,0.00709962,0.01548047,0.00229427,0.01861484,0.00000000,0.05038788,0.00019970,0.00079239,0.00000000,1.04689586,0.00389722,0.01069972,0.04735629,0.02207221,0.69034326,0.20034538,0.00345866,0.01374992,0.67523640,0.12992004,0.09472795,0.00000000,0.00088861,0.06716245,0.00000000,0.01490303,0.03512708,0.00000000,0.08009412,0.00055589,0.05432499,0.00000000,0.00000000,0.00248236,0.00000000,0.01464861,0.00000000,0.02421929,0.01434654,0.02315977,0.00000000,0.00000000,0.00766037,0.07369475,0.00000000,0.00000000,0.00035954,0.00000000,0.00241602,0.00000000,0.00000000,0.00000000,0.10470925,0.00011305,0.06047443,0.00102599,0.00000000,0.00428436,0.00000000,0.00942110,0.01887392,0.00000000,0.00315888,0.00000000,0.20821999,0.00000000,0.00004310,0.01198022,0.01153368,0.00000000,0.08164816,0.00000000,0.00000000,0.00000000,0.00000000,0.04725925,0.01047304,0.59136844,0.00000000,0.07635421,0.54590237,0.00446754,0.01579774,0.00123927,0.00000000,0.00079571,0.00000000,0.00052834,0.01666212,0.02798703,0.00000000,0.00000000,0.01444326,0.00318565,0.00814239,0.00727065,0.00353264,0.00302499,0.00000000,0.11570049,0.00382675,0.00000000,0.01669558,0.00000000,0.00000000,0.00000000,0.00000000,0.00348316,0.04927036,0.00000000,0.00000000,0.01556583,0.09865689,0.00290692,0.06285705,0.01362609,0.00000000,0.01545016,0.00000000,0.00282754,0.18838267,0.00000000,0.00000000,0.00000000,0.02301544,0.16721764,0.00607564,0.00000000,0.00682336,0.00145244,0.04032072,0.30644998,0.00000000,0.13015528,0.00086475,0.00133273,0.02782741,0.02592049,0.49042106,0.01531663,0.00000000,0.00000000,0.13659856,0.01858772,0.03659448,0.00000000,0.00181076,0.03449163,0.00855833,0.04904925,0.10175723,0.00000000,0.00454835,0.00000000,0.00000000,0.00000000,0.00000000,0.01094013,0.00926391,0.02984548,0.04186983,0.04243429,0.14219381,0.09896457,0.03816001,0.11415388,0.00000000,0.00000000,0.00496999,0.00000000,0.00000000,0.00000000,0.00000000,0.02965175,0.02516785,0.00124306,0.01047491,0.00000000,0.00686479,0.00000000,0.00000000,0.01004343,0.00000000,0.00225063,0.00000000,0.00369551,0.62913042,0.01047446,0.00000000,0.00000000,0.00066272,0.00000000,0.07029712,0.12391663,0.00000000,0.00283452,0.00000000,0.00000000,0.00468957,0.04894914,0.00637990,0.00000000,0.00184989,0.00000000,0.03328281,0.00329279,0.03529951,0.08783491,0.00000000,0.00000000,0.00000000,0.22578245,0.00000000,0.01880021,0.11328524,0.00320456,0.48407680,0.00163300,0.00000000,0.00000000,0.18938583,0.00000000,0.05853215,0.20598871,0.00362406,0.00000000,0.02824251,0.04522473,0.00540090,0.00347846,0.01710249,0.00000000,0.00000000,0.01314501,0.01228680,0.00000000,0.00000000,0.00064832,0.00288340,0.00701738,0.02043784,0.02566413,0.03387011,0.00871985,0.00000000,0.01245302,0.08725774,0.00000000,0.01758433,0.00000000,0.06226522,0.02846822,0.05876379,0.00000000,0.01079045,0.00454964,0.02043035,0.00210882,0.02749319,0.00000000,0.27817813,0.12437239,0.06883878,0.00021155,0.01036274,0.01282137,0.00000000,0.00199839,0.27707496,0.00241284,0.00000000,0.27298796,0.00000000,0.00000000,0.00000000,0.03321952,0.04986129,0.00167343,0.00304653,0.01423634,0.00000000,0.00000000,0.03152694,0.00000000,0.10524347,0.00000000,0.00000000,0.01856384,0.00000000,0.00000000,0.06638302,0.00000000,0.00000000,0.01794228,0.02430124,0.00000000,0.05854737,0.12300180,0.02711420,0.00000000,0.18469335,0.00000000,0.02184795,0.00000000,0.00000000,0.00000000,0.00000000,0.33709615,0.10791601,0.00000000,0.00000000,1.02980101,0.00961572,0.01025439,0.01307311,0.00000000,0.17201847,0.01698489,0.00000000,0.11836241,0.00709102,0.08058718,0.00000000,0.00000000,0.07705177,0.04310232,0.00162170,0.00000000,0.00000000,0.02788295,0.01324126,0.02762861,0.05994642,0.00000000,0.00000000,0.00000000,0.14648636,0.06631929,0.00000000,0.00994305,0.00000000,0.00000000,0.00227112,0.16546628,0.23274149,0.00000000,0.00000000,0.00000000,0.17948496,0.00000000,0.22349058,0.00000000,0.00000000,0.07670721,0.00984694,0.00413232,0.00444991,0.01082777,0.04987128,0.06439161,0.00276852,0.07907096,0.01215313,0.11532774,0.00000000,0.02149670,0.20433317,0.02194467,0.04183132,0.30111563,0.17003904,0.00000000,0.01144941,0.00344971,0.00000000,0.00000000,0.00023778,0.00783328,0.00000000,0.00003995,0.00771423,0.00091525,0.00000000,0.00710504,0.06048989,0.00121400,0.01982657,0.04223795,0.01297708,0.06000556,0.00000000,0.00000000,0.34769109,0.49785608,0.00000000,0.00000000,0.05617526,0.00201420,0.24675587,0.00191239,0.00000000,0.00047840,0.00000000,0.00000000,0.01904162,0.00889688,0.00000000,0.02306585,0.00049727,0.00816434,0.01617269,0.04104332,0.29372469,0.00000000,0.00000000,0.20788112,0.00000000,0.01063739,0.04436270,0.00000000,0.00596688,0.04740729,0.01847391,0.00492281,0.01957011,0.00000000,0.00000000,0.45549732,0.01289796,0.00341187,0.00000000,0.00128897,0.00128829,0.06683583,0.06374548,0.00000000,0.00000000,0.30711150,0.02775356,0.00414421,0.32896027,0.00000000,0.00047020,0.00496219,0.13685459,0.00069966,0.00000000,0.00435248,0.00000000,0.00000000,0.00000000,0.02151285,0.00137836,0.00000000,0.00058939,0.00851653,0.00000000,0.19649178,0.08999979,0.00000000,0.03898130,0.00000000,0.00000000,0.00000000,0.09551229,0.03493069,0.02398119,0.11217847,0.00933233,0.00000000,0.00000000,0.00000000,0.00432443,0.05788779,0.00680155,0.08847510,0.00000000,0.00000000,0.04907956,0.00222623,0.01695055,0.05285553,0.08100703,0.00000000,0.28411856,0.00000000,0.02020283,0.00000000,0.05071156,0.00000000,0.02512504,0.00000000,0.00645505,0.00000000,0.00000000,0.00000000,0.00099589,0.00170630,0.05118537,0.26018158,0.00000000,0.00000000,0.00000000,0.01259621,0.11604912,0.00000000,0.00000000,0.00000000,0.11505956,0.04140228,0.00000000,0.24531269,0.00137604,0.00291033,0.00687106,0.00407581,0.00000000,0.00000000,0.00869234,0.00233429,0.01340968,0.04464194,0.00000000,0.01692999,0.03278458,0.00163058,0.00000000,0.00000000,0.00572353,0.02504702,0.00360517,0.03328364,0.00150769,0.00000000,0.01199297,0.00000000,0.05479258,0.00000000,0.00000000,0.00000000,0.00602647,0.00144246,0.22547166,0.00461010,0.00000000,0.00000000,0.00000000,0.24886081,0.00015452,0.01859652,0.03144208,0.00000000,0.01013937,0.00000000,0.00000000,0.00000000,0.00602602,0.02138879,0.00000000,0.00000000,0.00000000,0.00000000,0.00000000,0.00027027,0.00000000,0.12857331,0.59268087,0.00870219,0.00000000,0.00000000,0.03515555,0.01313332,0.00000000,0.00000000,0.02772970,0.00000000,0.00042384,0.00139574,0.00000000,0.00000000,0.02027230,0.06823617,0.39146087,0.00000000,0.00115713,0.00000000,0.01665507,0.20196280,0.21192373,0.01167810,0.01051091,0.00000000,0.00000000,0.01054243,0.00000000,0.00503710,0.00000000,0.00000000,0.11058726,0.00000000,0.02144602,0.07099932,0.02850532,0.00816428,0.10241824,0.00304395,0.00243694,0.00000000,0.03479307,0.00000000,0.10956642,0.00000000,0.00000000,0.02526450,0.03942903,0.16566445,0.00000000,0.00476197,0.00026469,0.63188469,0.00000000,0.00000000,0.00000000,0.01022676,0.00000000,0.00000000,0.00000000,0.00444957,0.07557068,0.00010331,0.00000000,0.00045434,0.00000000,0.00000000,0.02035296,0.24045949,0.00446756,0.00000000,0.00000000,0.00684255,0.02274301,0.01830406,0.79778367,0.00866062,0.55627984,0.00000000,0.00096125,0.00111477,0.00000000,0.00000000,0.00000000,0.02135289,0.00346532,0.00836515,0.00063083,0.02032000,0.03231895,0.16038182,0.00000000,0.00608285,0.00000000,0.00875766,0.00000000,0.00274140,0.04655942,0.00000000,0.00047498,0.00000000,0.04260692,0.00165679,0.04292079,0.01499232,0.00142051,0.19450766,0.00000000,0.00127849,0.03279205,0.00578143,0.00000000,0.03099662,0.00000000,0.41901186,0.00000000,0.00000000,0.13278210,0.00000000,0.04395529,0.01017544,0.00000000,0.04388366,0.01687966,0.00253108,0.00000000,0.00041668,0.01417000,0.00264342,0.00000000,0.63091338,0.00000000,0.00000000,0.07031496,0.02511160,0.00000000,0.27889222,0.01132434,0.04699706,0.00427497,0.20466277,0.00000000,0.00754459,0.01253185,0.20928569,0.00000000,0.04118860,0.01518576,0.01426651,0.00000000,0.03331417,0.00000000,0.00000000,0.00000000,0.00000000,0.19163322,0.00116400,0.27819160,0.06520858,0.03916106,0.00000000,0.00000000,0.06740414,0.04071108,0.03485982,0.00079792,0.04301636,0.06926460,0.00000000,0.30107251,0.00000000,0.00966124,0.02732805,0.00586543,0.00661666,0.00000000,0.00310467,0.16716735,0.00320321,0.00000000,0.04140180,0.07414673,0.00083807,0.00104430,0.00000000,0.00000000,0.02263756,0.00000000,0.00000000,0.00000000,0.02480733,0.00000000,0.00113147,0.05487759,0.00636873,0.01670805,0.02448411,0.00000000,0.00000000,0.02613316,0.00000000,0.07205559,0.00000000,0.02207089,0.02591046,0.04840957,0.31423888,0.03519415,0.02058258,0.00000000,0.00000000,0.01431324,0.00000000,0.00000000,0.00000000,0.00162515,0.20153886,0.00000000,0.00259350,0.00000000,0.04473277,0.00000000,0.01452521,0.00000000,0.00000000,0.39017069,0.00905708,0.01476791,0.06500359,0.01619539,0.00172833,0.00520705,0.18387300,0.01144131,0.05328064,0.00540517,0.05860735,0.00150079,0.08464477,0.13674994,0.00000000,0.00466739,0.02156941,0.00000000,0.06832566,0.00000000,0.00387824,0.11098805,0.06173635,0.00000000,0.00000000,0.04851515,0.00158499,0.00000000,0.00001022,0.08182368,0.06829175,0.00000000,0.03564623,0.01046165,0.00000000,0.00364059,0.00000000,0.00000000,0.00000000,0.00293989,0.24675058,0.00014674,0.01186869,0.01655280,0.00000000,0.19874452,0.00000000,0.02824390,0.36902446,0.00000000,0.02166973,0.00525131,0.00000000,0.28799248,0.14797589,0.01181801,0.00000000,0.01032673,0.00386040,0.00000000,0.09440734,0.00013556,0.06255420,0.00000000,0.01326500,0.00000000,0.08618934,0.00000000,0.04883616,0.00000000,0.00892055,0.00000000,0.04091590,0.00000000,0.00951502,0.00000000,0.08578411,0.01212263,0.01777746,0.00000000,0.00000000,0.00000000,0.00032690,0.00000000,0.13445906,0.00503508,0.00000000,0.00000000,0.00000000,0.09244859,0.00000000,0.17145796,0.18366715,0.47746655,0.00000000,0.00000000,0.00579724,0.01182922,0.05957086,0.00000000,0.00889215,0.00031530,0.00000000,0.02099385,0.00000000,0.02781250,0.00000000,0.21202880,0.00000000,0.00066018,0.00000000,0.01359519,0.00000000,0.00000000,0.00000000,0.08521048,0.00000000,0.09352393,0.00126864,0.21225636,0.03382067,0.03747293,0.00122210,0.00000000,0.00532111,0.01491146,0.00000000,0.00102562,0.07672063,0.00000000,0.09072753,0.02012316,0.00831628,0.05226851,0.03527075,0.00947607,0.00110914,0.00000000,0.00387175,0.00662792,0.01694764,0.07352610,0.00000000,0.25263822,0.12632769,0.00003056,0.00116223,0.00000000,0.00000000,0.00500693,0.08406591,0.14150538,0.00780852,0.02103151,0.00031004,0.00000000,0.11084675,0.00000000,0.19972308,0.02713647,0.00000000,0.00000000,0.00747819,0.13997732,0.00869998,0.00053208,0.03970263,0.01391575,0.30255878,0.00000000,0.00602902,0.02293313,0.02511622,0.53042066,0.00000000,0.00000000,0.54655385,0.00000000,0.11760434,0.38676313,0.01541841,0.00000000,0.00000000,0.00000000,0.06703861,0.08823978,0.00000000,0.04136018,0.16055286,0.15547636,0.00000000,0.00000000,0.00212158,0.00530103,0.00000000,0.00000000,0.00000000,0.01090301,0.15885839,0.00033813,0.00000000,0.00000000,0.00000000,0.03456949,0.01336269,1.08110857,0.00147445,0.02697297,0.00000000,0.02764665,0.11220093,0.00056139,0.00000000,0.00018059,0.00000000,0.00000000,0.00334509,0.00000000,0.00464332,0.00000000,0.00600184,0.03997819,0.02823657,0.06101323,0.00000000,0.00000000,0.00000000,0.02244407,0.00000000,0.01093430,0.00000000,0.00506105,0.03090757,0.00224769,0.00000000,0.09741016,0.00000000,0.00000000,0.00935631,0.03322733,0.00000000,0.01440069,0.04849592,0.06532604,0.05797734,0.00642807
6028,data/pair/6028/RHEED/GaSb.MP4,manifest_specified_rheed_path,23.360000,701,8,0.00716170,0.00349148,0.17434503,0.00000000,0.00000000,0.00000000,0.00036830,0.01616677,0.02452855,0.00006303,0.00000000,0.00000000,0.00000000,0.00398302,0.03772975,0.00118380,0.00000000,0.00009371,0.00000000,0.02581697,0.00000000,0.00000000,0.00595623,0.00000000,0.00000000,0.00000000,0.00000000,0.80269963,0.00388918,0.00000000,0.00000000,0.11115913,0.70400333,0.00740209,0.00000000,0.03621157,0.00000000,0.00000000,0.38119388,0.00000000,0.00000000,0.00183956,0.06131307,0.53314406,0.00833068,0.00000000,0.14098687,0.01012458,0.00000000,0.00000000,0.00064080,0.00862696,0.05567753,0.00000000,0.17780945,0.00635581,0.00000000,0.00000000,0.00000000,0.17654458,0.21845590,0.02303814,0.00000000,0.10444520,0.02946496,0.00000000,0.02154818,0.01556213,0.00000000,0.00000000,0.00141773,0.00264152,0.01363004,0.00388787,0.00072765,0.09133071,0.00420292,0.00000000,0.00000000,0.00455939,0.43830669,0.00000000,0.00036263,0.00000000,0.01224202,0.17323282,0.00000000,0.00009812,0.00000000,0.00079871,0.08006470,0.32020992,0.00000000,0.00000000,0.06417428,0.00000000,0.00000000,0.00000000,0.00150546,0.00000000,0.00383219,0.26138750,0.28977340,0.00000000,0.00106809,0.00289264,0.00000000,0.10686823,0.00000000,0.00000000,0.00000000,0.01271063,0.00281815,0.03927214,0.00000000,0.00000000,0.00107610,0.00000000,0.13978761,0.00399071,0.00425722,0.05882966,1.24921834,0.00000000,0.00117340,0.00000000,0.00010128,0.00000000,0.04495522,0.00000000,0.00000000,0.51821423,0.00080128,0.00111212,0.00000000,0.02874627,0.00000000,0.03005129,0.28971928,0.00000000,0.00000000,0.18394886,0.01634589,0.00000000,0.00000000,0.00662528,0.00000000,0.03021810,0.00475309,0.00000000,0.00000000,0.16399533,0.00002824,0.00000000,0.00000000,0.00000000,0.00000000,0.00000000,0.00000000,0.01321035,0.12969354,0.00199386,0.10362483,1.36672711,0.00717993,0.03603071,0.01724298,0.00000000,0.00702715,0.00000000,0.00486846,0.30872595,0.17335612,0.00000000,0.00000000,0.07166521,0.00000000,0.00069652,0.00596745,0.00000000,0.00223085,0.00004224,0.00090825,0.19763863,1.34124184,0.00064671,0.00000000,0.01193585,0.00000000,0.00000000,0.00179120,0.14313863,0.00000000,0.00000000,0.16248456,0.00002284,0.00000000,0.00000000,0.00000000,0.00000000,0.00529717,0.00000000,0.00000000,0.09076143,0.26328817,0.23175369,0.00000000,0.00007136,0.04551950,0.00000000,0.31579161,1.13282323,0.00000000,0.00000000,0.06383508,0.00000000,0.00000000,0.00000000,0.00000000,0.02243665,0.00000000,0.00000000,0.04594852,0.03578129,0.01751931,0.00045473,0.00087535,0.00000000,0.00000000,0.00000000,0.28220016,0.00043171,0.00373187,0.00000000,0.00000000,0.00033223,0.07193740,0.00258161,0.00109269,0.00947417,0.00000000,0.00000000,0.46314597,0.00261143,0.00029079,0.00000000,0.00000000,0.00726341,0.00121082,0.00000000,0.00000000,0.08658419,0.00000000,0.07112848,0.00000000,0.03001161,0.00000000,0.00000000,0.00000000,0.02887022,0.00000000,0.00504068,0.00000000,0.26357907,0.00000000,0.41041034,0.02479964,0.18467933,0.00242335,0.00018537,0.07760364,0.00000000,0.00038789,0.00672000,0.00195235,0.22788852,0.00000000,0.00000000,0.00000000,0.00007050,0.00000000,0.00961452,0.00000000,0.01492563,0.00000000,0.00000000,0.00024508,0.41301978,0.00000000,0.03610078,0.50972384,0.00334694,0.00011146,0.00000000,0.01732465,0.00039151,0.00000000,0.00047824,0.05413606,0.00000000,0.03204634,0.00001862,0.18213589,0.00667727,0.00000000,0.02778248,0.00000000,0.00013052,0.00264023,0.00000000,0.00000000,0.00000000,0.17145908,1.99283934,0.05422537,0.01019813,0.00000000,0.00000000,0.00000000,0.00752929,0.04162665,0.00224256,0.01449663,0.59461737,0.38927552,1.09855747,0.06172078,0.00000000,0.00152162,0.00000000,0.02003616,0.00000000,0.02290137,0.00000000,0.00000000,0.00000000,0.10137951,0.00005765,0.00000000,0.00000000,1.07971382,0.00000000,0.00000000,0.00032265,0.00000000,0.00000000,0.00000000,0.00932739,0.25309849,0.00000000,0.00413723,0.18627687,0.00071697,0.00000000,0.00357937,0.00000000,0.00000000,0.14472434,0.00000000,0.00069573,0.00000000,0.00000000,0.00000000,0.46590546,0.00000000,0.00000000,0.00000000,0.14841552,0.00000000,0.02812183,0.00785829,0.00000000,0.00418078,0.01052172,0.03646817,0.62154144,0.01186282,0.02276375,0.02885972,0.00000000,0.02348846,0.00000000,0.02223586,0.00116430,0.00520499,0.00168042,0.00000000,0.00079002,0.00000000,0.00000000,0.00000000,0.00149079,0.00000000,0.01320289,0.00000000,0.00036104,0.00000000,0.12545612,0.07343238,0.05485102,0.00000000,0.22698848,0.00000000,0.00000590,0.00000000,0.00013600,0.06282542,0.00000000,0.00000000,0.33482796,0.00352677,0.00507685,0.29788020,0.13573094,0.00461143,0.02814319,0.00970311,0.00000000,0.04690623,0.00013347,0.06237165,0.00000000,0.02559830,0.00296673,0.00000000,0.00000000,0.00000000,0.00000000,0.00037895,0.04768559,0.00000000,0.12488843,0.04061165,0.01106358,0.22751093,0.28615060,0.00570165,0.00000000,0.00000000,0.00002127,0.00296944,0.06986579,0.02542168,0.00446542,0.02620090,0.01576510,0.07449456,0.00040704,0.00000000,0.00000000,0.00000000,0.00958788,0.01326721,0.05980963,0.00070665,0.00000000,0.00980365,0.06229405,0.10610127,0.00189131,0.03617587,0.00000000,0.05801098,0.00015573,0.00000000,0.00000000,0.00000000,0.02476984,0.00020721,0.00000000,0.00817234,0.01810026,0.00278132,0.00000000,0.02674016,0.00494364,0.00000000,0.00000000,0.00000000,0.04038671,0.00000000,0.00000000,0.00860202,0.00000000,0.00000000,0.00502720,0.00419366,0.00000000,0.00000000,0.00385868,0.29792678,0.00336947,0.00000000,0.00000000,0.00000000,0.00873608,0.00067616,0.05055398,0.32368159,0.01324787,0.00000000,0.00000000,0.53806448,0.03996221,0.00000000,0.01151600,0.14054343,0.01298573,0.05286606,0.00000000,0.00000000,0.04996096,0.00000000,0.00821799,0.02589980,0.00000000,0.00000000,0.11897346,0.00000000,0.00000000,0.00000000,0.04879743,0.00000000,0.01047395,0.00000000,0.03884182,0.17819010,0.15620337,0.00786228,0.01405545,0.00000000,0.00000000,0.00000000,0.05130343,0.00000000,0.00169677,0.00670015,0.07789207,0.41432831,0.00325092,0.00000000,0.00006303,0.00027806,0.00000000,0.00112180,0.00000000,0.00000000,0.00000000,0.00000000,0.00000000,0.00642360,0.15661770,0.00493345,0.02090381,0.00000000,0.00000000,0.00000000,0.00593033,0.00000000,0.00000000,0.00000707,0.00061492,0.04988066,0.00000000,0.00656054,0.04742804,0.02641606,0.00000000,0.00000000,0.00000000,0.00102814,0.00000000,0.14513840,0.14827226,0.44445086,0.00000000,0.00000000,0.00000000,0.00000000,0.10852779,0.04145905,0.00000000,0.00198409,0.00000000,0.00075155,0.00139735,0.00451540,0.00000000,0.10061559,0.00000000,0.05786371,0.00000000,0.00000000,0.00000000,0.11355650,0.27162504,0.00036442,0.00154310,0.00000000,0.00390664,0.00000000,0.02518487,0.00000000,0.00000000,0.00000000,0.00000000,0.04925542,0.03732996,0.00000000,0.00000000,0.07764664,0.00000000,0.61691368,0.00063467,0.00000000,0.00000000,0.02056974,0.00000000,0.00000000,0.00000000,0.00000000,0.00208046,0.06704938,0.00218182,0.00000000,0.00026004,0.00000000,0.02450986,0.01098277,0.11383556,0.00000000,0.00000000,0.37015256,0.00115711,0.00000000,0.00000000,1.41503739,0.31416452,0.00000000,0.00721902,0.00483252,0.07688144,0.00016160,0.00389351,0.00593596,0.00008685,0.00035602,0.00000000,0.10134381,0.07283955,0.15358017,0.00000000,0.00000000,0.06461445,0.00000000,0.00000000,0.06479985,0.00000000,0.74186331,0.00000000,0.00011497,0.00000000,0.00000000,0.00000000,0.09513787,0.00677982,0.00000000,0.00095305,0.00000000,0.00557395,0.02452906,2.33004403,0.13726127,0.00217959,0.08785574,0.00000000,0.41697815,0.42161542,0.00432008,0.00000000,0.00899158,0.00074614,0.00650613,0.00284290,0.03264623,0.00459214,0.05551249,0.00213869,0.00000000,0.00000000,0.00000000,0.15023783,0.00000000,0.00005424,0.03537859,0.00000000,0.09385899,0.00000000,0.00000000,0.01916578,0.00000000,0.00000000,0.00000000,0.00000000,0.01331909,0.01176881,0.00000000,0.00000000,0.16396888,0.00096803,0.00035612,0.01803328,0.00103290,0.00000000,0.00000000,0.00328264,0.00021864,0.00075722,0.00000000,0.05910078,0.00300872,0.01807862,0.00626594,0.03699252,0.00000000,0.07208752,0.07580027,0.01339419,0.02396512,0.00000000,0.00000000,0.00519845,0.28200790,0.00000000,0.26635656,0.00000000,0.00000000,0.00000000,0.00000000,0.00000000,0.00000000,0.00002455,0.00000000,0.01112215,0.00000000,0.00000000,0.00000000,0.00000000,0.00000000,0.00814614,0.00000000,0.06916543,0.00000000,0.00493952,0.00000000,0.00000000,0.00000000,0.00458739,0.00224348,0.00000000,0.01444189,0.01238406,6.45810986,0.03094312,0.00000000,0.00000000,0.00000000,0.00000000,1.01090491,0.00000000,0.03512031,0.00000000,1.97915030,0.00000000,0.00000000,0.00025599,0.01214502,0.00106055,0.04181268,0.00072162,0.00439977,0.00000000,0.00000000,0.00000000,0.01076854,0.00080903,0.08434729,0.00000000,0.00000000,0.21274365,0.00000000,0.03365888,0.02401848,0.00064457,0.06707932,0.01037909,0.46877471,0.01302125,0.02142973,0.00000000,0.01737178,0.00100868,0.00659960,0.00164577,0.00000000,0.01789021,0.02368016,0.00000000,0.00022388,0.16906364,0.00486996,0.16656989,0.00000000,0.00362782,0.00000000,0.00000000,0.13148627,0.00905430,0.00577822,3.04378653,0.01704735,1.63858867,0.00000000,0.00207489,0.00708905,0.00058648,0.00000000,0.04464732,0.00000000,0.02577756,0.00685782,0.06830465,0.06858094,0.00000000,0.01138784,0.29555035,0.00677761,0.05084958,0.00030468,0.00000000,0.00236364,0.00000000,0.00143266,0.01861256,0.00368530,0.00000000,0.01209521,0.00309149,0.00008162,0.00261668,0.00000000,0.00171267,0.02427575,0.01289131,0.00470037,0.00000000,0.00000000,0.00000000,0.00000000,0.00395899,0.00000000,0.00000000,0.00128967,0.00000000,0.02353440,0.00064216,0.00960309,0.05475384,0.44668403,0.00000000,0.04045416,0.03428846,0.00231584,0.00000000,0.00000000,0.00011146,0.00000000,0.00166166,0.00000000,0.00000000,0.00162388,0.00765472,0.00267761,0.00347082,0.00034358,0.03571783,0.24177754,0.00000000,0.00179077,0.00000000,0.00004692,0.00155740,0.00000000,0.00000000,0.01556438,0.00000000,0.00000000,8.99426556,0.22266763,0.05083706,0.00000000,0.01534149,0.08908876,0.00022931,0.00000000,0.00000000,0.02634181,0.00000000,0.02444402,0.01389902,0.00406347,0.00642185,0.00000000,0.00085581,0.00000000,0.00000000,0.00000000,0.00000000,0.01077337,0.00000000,0.00000000,0.10017382,0.00338737,0.05959225,0.00000000,0.00000000,0.36742458,0.13268322,0.01268650,0.00065619,0.80195218,0.05482536,0.00000000,0.00000000,0.00007054,0.00000000,0.26581213,0.00000000,0.00000000,0.03571177,0.05586652,0.00000000,0.01350561,0.00000000,0.00000000,0.00000000,0.13526100,3.10391903,0.05467877,0.00476884,0.02563824,0.02564766,0.00404293,0.00000000,0.00000000,0.00567437,0.03688528,0.06858462,0.02603325,0.04212804,0.56892145,0.01083608,0.01452465,0.00008174,0.00000000,0.03274801,0.00000000,0.00232676,0.00000000,0.01335801,0.00037732,0.21492821,0.01292133,0.00000000,0.73070073,0.00000000,0.00892664,0.00149631,0.27464041,0.00282795,0.00270658,0.00965332,0.00000000,0.00000000,0.00000000,0.00133041,0.00000000,0.00000000,0.00157879,0.00000000,0.00087571,0.00175305,0.00000000,0.00757898,0.00000000,0.00000000,0.00043807,0.03929578,0.00000000,0.01784325,0.03573623,0.01543652,0.00000000,0.00000000,0.02992653,0.13508308,0.00000000,0.02331718,0.00000000,0.00519096,0.00240560,0.00232715,0.00059394,0.00000000,0.01518168,0.00000000,0.01299011,0.00000000,4.10539865,0.00000000,0.02260254,0.01701571,0.03723226,1.75080872,0.14459655,0.00000000,0.03158836,0.50382924,0.00720576,0.06287636,0.00000000,0.00000000,0.06349333,0.00000000,0.00000000,0.01281588,0.00051847,0.03643587,0.00000000,0.11668845,0.00021595,0.00000000,0.00534030,0.01988590,0.00360143,0.00000000,0.04904598,0.00202079,0.00262632,0.00000000,0.00036084,0.00361682,0.07881694,0.00000000,0.00190324,0.00000000,0.00000000,0.00000000,0.00000000,0.00001496,0.00000000,0.16370000,0.00000000,0.00000000,0.00509143,0.00000000,0.00000000,0.00000000,0.00027777,0.01979212,0.00000000,0.00535705,0.00000000,1.08851290,0.00000000,0.00259995,0.00000000,0.00499098,0.00000000,0.01529030,0.00000000,0.00000000,0.00000000,0.00261662,0.02983228,0.00000000,1.73138237,0.00000000,0.10876024,0.80783701,0.00135314,0.00765049,0.00000000,0.00000000,0.00003242,0.00148177,0.00000000,0.00031688,0.06739382,0.00060609,0.00129603,0.00000000,0.00000000,0.00000000,0.00000000,0.00000000,0.00000000,0.00000000,0.29179236,0.00000000,0.00000000,0.00000000,0.00000000,0.00000000,0.00000000,0.01148409,0.00000000,0.20920181,0.00200432,0.00171252,0.28451869,0.02066267,0.00064696,0.04622346,0.00076948,0.00000000,0.00096360,0.00000000,0.00060163,0.57606143,0.00000000,0.00000000,0.03792191,0.00100110,0.31783956,0.00020434,0.00000000,0.00075172,0.00148604,0.04895601,0.99772859,0.00000000,0.04452022,0.00000000,0.00362681,0.02560330,0.03309774,1.20394504,0.00182425,0.00000972,0.00000000,0.07476086,0.00000000,0.05420399,0.00000000,0.03233371,0.04968422,0.00029763,0.06512035,0.28798449,0.00000000,0.00000000,0.00000000,0.00000000,0.00000000,0.00000000,0.00523089,0.00142343,0.00120256,0.04290748,0.00085478,0.06524274,0.18297683,0.01493352,0.02449800,0.00000000,0.00000000,0.00000000,0.00025498,0.00000000,0.00000000,0.00000000,0.00648668,0.01738203,0.00000000,0.00113374,0.00000000,0.01304121,0.00000000,0.00000000,0.01172024,0.00000000,0.06445472,0.00295292,0.00535902,1.83987415,0.00035705,0.00000000,0.00000000,0.00000000,0.00000000,1.10514557,0.19084114,0.00000000,0.00040776,0.00000000,0.00000000,0.00310448,0.00922878,0.00774490,0.00000000,0.00302541,0.00000000,0.08927236,0.01027698,0.05203801,0.05223202,0.00000000,0.00108410,0.00067537,0.01098439,0.00000000,0.00214274,0.00156804,0.16520520,1.89034641,0.00103776,0.00000000,0.00000000,0.64701653,0.00000000,0.03055799,0.07315429,0.00524009,0.00000000,0.01475579,0.05344376,0.01316554,0.00053655,0.00051256,0.00000000,0.00000000,0.00978112,0.00000000,0.00000000,0.00000000,0.00000000,0.00000000,0.01342412,0.01158010,0.09472634,0.06625921,0.00479116,0.00000000,0.00000000,0.09306788,0.00000000,0.00000000,0.00000000,0.07515442,0.07057652,0.02439217,0.00030600,0.00716995,0.00000000,0.00193016,0.02005209,0.00641307,0.05730242,0.00629085,0.00156390,0.08290745,0.00118256,0.00000000,0.02488974,0.00000000,0.00000000,0.60450482,0.01260081,0.00000000,0.03033109,0.00000000,0.00000000,0.00000000,0.01411686,0.04312554,0.00081808,0.00653921,0.06734879,0.00000000,0.00000000,0.00000000,0.00422686,0.33685032,0.00000000,0.00000000,0.00096683,0.00397309,0.00000000,0.02911430,0.00361522,0.00000000,0.00000000,0.01689328,0.00000000,0.05750946,0.15502520,0.00000000,0.00000000,0.00731006,0.00000000,0.00153308,0.00000000,0.00000000,0.00210634,0.00000000,1.62931991,0.06121396,0.00000000,0.00000000,0.28503633,0.00131689,0.00000000,0.00000000,0.00000000,0.18854843,0.02136383,0.00984003,0.04203697,0.13157867,0.00099819,0.00000000,0.00000000,0.08717359,0.00304097,0.00064695,0.00000000,0.00000000,0.04578716,0.02847435,0.10770546,0.09490942,0.00000000,0.00000000,0.00000000,0.00148193,0.06432523,0.00000000,0.00147749,0.00000000,0.00000000,0.00372606,0.37400493,0.03373843,0.00746967,0.00000000,0.00000000,0.52012306,0.00000000,0.68940163,0.00000000,0.00000000,0.16556728,0.02328430,0.01396261,0.02941803,0.00000000,0.00000000,0.01302145,0.00023337,0.01667625,0.04059598,0.18233672,0.00000000,0.00209615,0.18465823,0.01810642,0.14172871,0.94120902,0.10899547,0.00171977,0.00128418,0.00291124,0.00000000,0.00000000,0.00275931,0.05062141,0.00000000,0.00000000,0.00000000,0.00000000,0.00000000,0.00021114,0.06396958,0.01013790,0.01610495,0.01023023,0.00073451,0.08507347,0.00000000,0.00000000,0.15953529,0.43457139,0.00000000,0.00000000,0.02655641,0.00000000,0.10787836,0.00105776,0.00043084,0.00040398,0.00000000,0.00000000,0.00000631,0.05238874,0.00025962,0.04769146,0.00000000,0.00000000,0.03902151,0.05324858,0.00000000,0.00000000,0.00000000,0.07776241,0.00000000,0.00000000,0.00000000,0.00000000,0.03281245,0.02090359,0.00000000,0.00148902,0.00094077,0.00000000,0.00000000,2.44401979,0.00000000,0.00000000,0.00000000,0.00000000,0.00298834,0.05433538,0.36981738,0.00000000,0.00000000,0.49605373,0.07080766,0.00260168,0.00000000,0.00000000,0.00000000,0.00096431,0.63499886,0.00230149,0.00268767,0.00000000,0.00000000,0.00000000,0.00000000,0.14418882,0.01820615,0.00000000,0.00510503,0.00673447,0.00000000,0.31636700,0.02365324,0.00000000,0.00073851,0.00000000,0.00000000,0.00000000,0.26097685,0.02489613,0.00395682,0.00053506,0.00031625,0.00000000,0.00000000,0.01616941,0.00000000,0.06066250,0.00075884,0.00768842,0.00000000,0.00000000,0.00271201,0.00000000,0.00000000,0.02585786,0.00000000,0.00000000,0.00000000,0.00178426,0.00020365,0.00000000,0.12558194,0.00000000,0.00000000,0.00427209,0.00346429,0.00109371,0.00000000,0.00113322,0.00059497,0.03756770,0.00000000,0.00028179,0.00000000,0.00000000,0.00168837,0.01482672,0.10716586,0.01757542,0.00000000,0.00000000,0.15243809,0.00000000,0.00000000,0.25851560,0.00000000,0.00113765,0.00001328,0.00000000,0.00000000,0.00000000,0.00156972,0.00060946,0.00872495,0.02197858,0.00000000,0.00002460,0.01408961,0.00251190,0.00379491,0.00000000,0.00000000,0.03645644,0.00037217,0.00128881,0.00000000,0.00000000,0.00018160,0.00000000,0.00664371,0.00000000,0.00000000,0.00000000,0.00092208,0.00021750,0.13436942,0.00289953,0.00000000,0.00689208,0.00034757,0.36930197,0.00102039,0.00709953,0.00117576,0.00000000,0.00423513,0.00000000,0.00000000,0.00000000,0.00416511,0.00000000,0.00000000,0.00000000,0.00000000,0.00000000,0.00716850,0.01020746,0.00000000,0.27912128,2.78427100,0.00111985,0.00000000,0.00000000,0.10103170,0.00880609,0.00000000,0.00000000,0.00537950,0.00000000,0.00246440,0.00000000,0.00000000,0.00000000,0.00404324,0.40100133,0.27015758,0.00000000,0.00000000,0.00000000,0.00287009,0.08753528,0.02472615,0.00000000,0.00054120,0.00146884,0.00000000,0.00163265,0.00000000,0.01657598,0.00000000,0.00000000,0.05855057,0.00000000,0.00073872,0.03783740,0.00000000,0.00189710,0.46428922,0.00000000,0.00105681,0.00000000,0.11322979,0.00130952,0.01827774,0.00000000,0.00000000,0.00000000,0.01646899,0.00165415,0.00000000,0.00215365,0.00102253,0.53438550,0.00000000,0.00000000,0.00000000,0.01213323,0.00000000,0.00000000,0.00000000,0.00123467,0.19817738,0.00711117,0.00120702,0.00000000,0.00000000,0.00000000,0.00092283,0.04692716,0.02739318,0.00000000,0.00000000,0.00101446,0.00030663,0.00921167,1.01367879,0.11374091,1.54774904,0.00000000,0.00000000,0.01579123,0.00000000,0.00000000,0.00000000,0.00751031,0.00249926,0.00000000,0.00000000,0.00031897,0.00484011,0.03493157,0.00000000,0.00000000,0.00480924,0.01962813,0.00000000,0.01971235,0.00550558,0.00000000,0.00137028,0.00000000,0.16103780,0.00000000,0.01429232,0.00000000,0.00000000,0.15305306,0.00000000,0.00000000,0.01110448,0.02247070,0.00000000,0.01992939,0.00000000,0.04163780,0.00000000,0.00105230,0.00084067,0.00000000,0.00944883,0.00623882,0.00096213,0.00985611,0.01144546,0.00125411,0.00000000,0.08694039,0.00000000,0.00791621,0.00035252,2.00711584,0.00000000,0.00506844,0.09167871,0.00000000,0.00169603,0.96667469,0.00188643,0.00000000,0.00265361,0.06180068,0.00128810,0.00000000,0.00000000,0.13499151,0.00000000,0.09915283,0.04361289,0.11752998,0.00000000,0.04185030,0.00000000,0.00203575,0.00000000,0.00000000,0.26243830,0.00000000,0.44073907,0.00039128,0.07022180,0.00097835,0.00000000,0.06794251,0.07864115,0.00000000,0.00180488,0.00000000,0.06373436,0.00000000,0.11209500,0.00000000,0.03796676,0.05306492,0.00852791,0.01478012,0.00034732,0.00089691,0.03367139,0.00000000,0.00016444,0.00106708,0.12372605,0.00400956,0.00055803,0.00000000,0.00000000,0.00000000,0.00000000,0.00000000,0.00079483,0.00020740,0.00139376,0.00000000,0.11915211,0.00354959,0.01446853,0.00591777,0.00000000,0.00000000,0.00417854,0.00000000,0.01109885,0.00000000,0.00000000,0.00000000,0.09457624,1.52088141,0.02749889,0.02268798,0.00036761,0.00000000,0.00000000,0.00000000,0.00000000,0.00014840,0.00000000,0.07173672,0.00014937,0.00104523,0.00000000,0.00425391,0.00000000,0.00119511,0.00000000,0.00000000,1.36298633,0.00217885,0.00162331,0.02328775,0.00478081,0.01368305,0.02245204,0.52397096,0.00000000,0.00177101,0.01755171,0.01082497,0.00000000,0.14577939,0.11806706,0.00000000,0.00824181,0.00772062,0.00000000,0.00481492,0.00000000,0.00000000,0.10143208,0.03268669,0.00000000,0.00000000,0.00000000,0.00000000,0.00000000,0.00107992,0.04705479,0.03263090,0.00000000,0.03869358,0.00817307,0.00000000,0.00001023,0.00000000,0.00029778,0.00000000,0.00000000,0.46084395,0.00179317,0.00000000,0.00424721,0.00000000,0.38327658,0.00000000,0.00203393,1.09851027,0.00000000,0.00000000,0.00270484,0.00000000,0.10540372,0.22955400,0.00303033,0.00000000,0.00000000,0.01220192,0.00000000,0.11060827,0.00000000,0.01900056,0.00000000,0.01763849,0.00000000,0.12062538,0.00358336,0.00714799,0.00283975,0.00000000,0.00240044,0.00064461,0.00000000,0.00013552,0.00000000,0.06967362,0.01376507,0.00257952,0.00000000,0.00067357,0.00000000,0.00000000,0.00000000,0.04127394,0.02283287,0.00201957,0.00000000,0.00000000,0.03500437,0.00000000,0.37647408,0.83161181,3.05966163,0.00000000,0.00261540,0.00000000,0.00075467,0.03376712,0.00000000,0.00131100,0.00000000,0.00000000,0.00139621,0.00000000,0.00137842,0.00000000,0.02796114,0.00000000,0.00074852,0.00000000,0.00000000,0.00000000,0.00000000,0.00000000,0.02241412,0.00000000,0.15401636,0.00469529,0.02802964,0.06660435,0.00103254,0.00011317,0.00048590,0.00595014,0.00250265,0.00000000,0.00016996,0.03493046,0.00110419,0.22677596,0.00658692,0.00209160,0.05748816,0.00044854,0.02045835,0.00000000,0.00815301,0.06722204,0.00000000,0.00000000,0.04224034,0.00000000,0.72498190,0.30280346,0.05285672,0.00361615,0.00600318,0.00056330,0.00000000,0.05062882,0.08144236,0.00000000,0.00139034,0.00000000,0.00121011,0.33273178,0.00000000,0.08785771,0.02850928,0.00000000,0.00000000,0.00076641,0.06822418,0.00000000,0.00026650,0.02948079,0.01049802,0.80460536,0.00000000,0.00270499,0.00000000,0.01925348,0.38359320,0.00243298,0.00000000,0.68305886,0.00000000,0.22254820,0.49007711,0.00342818,0.00000000,0.01111754,0.00000000,0.01995091,0.01646447,0.00000000,0.02921186,0.04788711,0.18913689,0.00000000,0.00000000,0.00398302,0.00336715,0.00170658,0.00000000,0.00000000,0.06914151,0.09890953,0.00443874,0.00347849,0.00135954,0.00000000,0.17478788,0.01221025,4.91645765,0.00194968,0.05300415,0.00000000,0.00110297,0.26958632,0.01178180,0.00000000,0.00000000,0.00062902,0.00000000,0.00000000,0.00159385,0.00352925,0.00294454,0.00348761,0.00000000,0.01059026,0.06714315,0.00000000,0.00000000,0.00000000,0.00186703,0.00000000,0.00071714,0.00000000,0.00000000,0.04141246,0.00239545,0.00000000,0.10019179,0.00000000,0.00000000,0.01363258,0.05219105,0.00000000,0.01572578,0.00000000,0.00000000,0.07019536,0.00605097,0.01203793,0.00852724,0.13478610,0.00000000,0.00000000,0.00000000,0.00097443,0.02352000,0.02423596,0.00016677,0.00000000,0.00000000,0.00000000,0.00690764,0.05815725,0.00245482,0.00000000,0.00024793,0.00000000,0.03104141,0.00000000,0.00000000,0.01056382,0.00000000,0.00000000,0.00000000,0.00000000,0.16723306,0.01028980,0.00000000,0.00000000,0.08136269,0.35027704,0.01253207,0.00000000,0.03009270,0.00000000,0.00000000,0.33222127,0.00000000,0.00000000,0.00321758,0.06788756,0.23623304,0.01182880,0.00000000,0.11262770,0.02467928,0.00000000,0.00000000,0.00117027,0.01098257,0.07361253,0.00000000,0.14029001,0.01412915,0.00000000,0.00000000,0.00000000,0.07141013,0.12666258,0.01296557,0.00000000,0.09824529,0.02440393,0.00000000,0.02428261,0.01810370,0.00000000,0.00000000,0.00303982,0.00698881,0.01412264,0.00736910,0.00192518,0.07208042,0.01111988,0.00000000,0.00000000,0.01206301,0.16160142,0.00000000,0.00095944,0.00000000,0.01843716,0.14091013,0.00000000,0.00025960,0.00000000,0.00211320,0.08533564,0.11326531,0.00000000,0.00000000,0.06421064,0.00000000,0.00000000,0.00000000,0.00356300,0.00000000,0.00460125,0.10405258,0.13281347,0.00000000,0.00282591,0.00765320,0.00000000,0.09363420,0.00000000,0.00000000,0.00000000,0.01747897,0.00630578,0.04991156,0.00000000,0.00000000,0.00180781,0.00000000,0.11612262,0.00520518,0.00464181,0.03828822,0.72607708,0.00000000,0.00203808,0.00000000,0.00026797,0.00000000,0.03936286,0.00000000,0.00000000,0.19857201,0.00212000,0.00248404,0.00000000,0.04887135,0.00000000,0.03621504,0.24927102,0.00000000,0.00000000,0.21572819,0.01613521,0.00000000,0.00000000,0.01262951,0.00000000,0.02261192,0.00985196,0.00000000,0.00000000,0.10486951,0.00007471,0.00000000,0.00000000,0.00000000,0.00000000,0.00000000,0.00000000,0.01427035,0.10155283,0.00283318,0.12666988,0.36214617,0.01734347,0.05904316,0.01503903,0.00000000,0.01163367,0.00000000,0.00656371,0.28439322,0.19849330,0.00000000,0.00000000,0.03624156,0.00000000,0.00184282,0.00655195,0.00000000,0.00364294,0.00011175,0.00229571,0.11585613,0.37827206,0.00171103,0.00000000,0.01064671,0.00000000,0.00000000,0.00328193,0.08964963,0.00000000,0.00000000,0.07413416,0.00006043,0.00000000,0.00000000,0.00000000,0.00000000,0.00948590,0.00000000,0.00000000,0.05011686,0.14893451,0.13902113,0.00000000,0.00018881,0.06942838,0.00000000,0.27777383,0.50743711,0.00000000,0.00000000,0.03599738,0.00000000,0.00000000,0.00000000,0.00000000,0.02585810,0.00000000,0.00000000,0.05185998,0.02857821,0.01719222,0.00087545,0.00231595,0.00000000,0.00000000,0.00000000,0.07798054,0.00114220,0.00731452,0.00000000,0.00000000,0.00087900,0.06423171,0.00320206,0.00289099,0.02049345,0.00000000,0.00000000,0.19253105,0.00348231,0.00076896,0.00000000,0.00000000,0.01441919,0.00271643,0.00000000,0.00000000,0.06414206,0.00000000,0.05408026,0.00000000,0.04035704,0.00000000,0.00000000,0.00000000,0.02870644,0.00000000,0.00698214,0.00000000,0.20446001,0.00000000,0.27430445,0.01620415,0.16885479,0.00394398,0.00049045,0.06542808,0.00000000,0.00102627,0.00792159,0.00445010,0.10746410,0.00000000,0.00000000,0.00000000,0.00018653,0.00000000,0.02543763,0.00000000,0.01340116,0.00000000,0.00000000,0.00064842,0.15531483,0.00000000,0.02096420,0.40329725,0.00526667,0.00029490,0.00000000,0.02281046,0.00103584,0.00000000,0.00126531,0.05618479,0.00000000,0.03958092,0.00004926,0.07837020,0.01084898,0.00000000,0.03526153,0.00000000,0.00034531,0.00698538,0.00000000,0.00000000,0.00000000,0.17210194,0.70960927,0.03203552,0.01305743,0.00000000,0.00000000,0.00000000,0.01397335,0.03074624,0.00452930,0.02053979,0.60213602,0.14471367,0.17380141,0.06289700,0.00000000,0.00402583,0.00000000,0.01907930,0.00000000,0.04773492,0.00000000,0.00000000,0.00000000,0.04911072,0.00015252,0.00000000,0.00000000,0.28781909,0.00000000,0.00000000,0.00083865,0.00000000,0.00000000,0.00000000,0.01474402,0.20749976,0.00000000,0.00580917,0.09312885,0.00189692,0.00000000,0.00639594,0.00000000,0.00000000,0.07271320,0.00000000,0.00184073,0.00000000,0.00000000,0.00000000,0.19290581,0.00000000,0.00000000,0.00000000,0.16096106,0.00000000,0.04373069,0.00576949,0.00000000,0.01106130,0.01181680,0.06584211,0.48091316,0.01778340,0.02839307,0.03112208,0.00000000,0.02928086,0.00000000,0.03843076,0.00178336,0.00952478,0.00290706,0.00000000,0.00136850,0.00000000,0.00000000,0.00000000,0.00196389,0.00000000,0.01527292,0.00000000,0.00095523,0.00000000,0.08454375,0.07724301,0.03442650,0.00000000,0.07126859,0.00000000,0.00001560,0.00000000,0.00035981,0.03789661,0.00000000,0.00000000,0.11478818,0.00594060,0.00539011,0.08094302,0.17943327,0.00926658,0.01730437,0.02097168,0.00000000,0.04846776,0.00035313,0.05043729,0.00000000,0.03173549,0.00784924,0.00000000,0.00000000,0.00000000,0.00000000,0.00100262,0.04935079,0.00000000,0.10537365,0.02418685,0.01608427,0.16870898,0.13315949,0.01012265,0.00000000,0.00000000,0.00005629,0.00468685,0.07345068,0.03160478,0.00625352,0.02191820,0.01536467,0.11314441,0.00072965,0.00000000,0.00000000,0.00000000,0.01782130,0.01925706,0.01376730,0.00186962,0.00000000,0.01354301,0.05490064,0.05077051,0.00500394,0.02928341,0.00000000,0.04554626,0.00041201,0.00000000,0.00000000,0.00000000,0.02935600,0.00054822,0.00000000,0.02162199,0.02042470,0.00684656,0.00000000,0.03463855,0.00814621,0.00000000,0.00000000,0.00000000,0.03690638,0.00000000,0.00000000,0.01056170,0.00000000,0.00000000,0.00642259,0.00790593,0.00000000,0.00000000,0.00588206,0.11663728,0.00472094,0.00000000,0.00000000,0.00000000,0.01029690,0.00178894,0.04070179,0.15834706,0.03505057,0.00000000,0.00000000,0.29855233,0.05342509,0.00000000,0.01340917,0.09302714,0.01431311,0.04108872,0.00000000,0.00000000,0.12339161,0.00000000,0.01037362,0.06389470,0.00000000,0.00000000,0.09410362,0.00000000,0.00000000,0.00000000,0.05612862,0.00000000,0.01686005,0.00000000,0.07116017,0.08179382,0.20670074,0.01910829,0.03330212,0.00000000,0.00000000,0.00000000,0.04388728,0.00000000,0.00448923,0.01037896,0.06071439,0.22778042,0.00817303,0.00000000,0.00016675,0.00073569,0.00000000,0.00204997,0.00000000,0.00000000,0.00000000,0.00000000,0.00000000,0.01465736,0.07833709,0.00626303,0.02262327,0.00000000,0.00000000,0.00000000,0.00814383,0.00000000,0.00000000,0.00001870,0.00106535,0.04357478,0.00000000,0.01519406,0.05970260,0.02913053,0.00000000,0.00000000,0.00000000,0.00272019,0.00000000,0.08693308,0.07220994,0.09343229,0.00000000,0.00000000,0.00000000,0.00000000,0.11767150,0.07363696,0.00000000,0.00524940,0.00000000,0.00198842,0.00249106,0.01013490,0.00000000,0.05345366,0.00000000,0.02955417,0.00000000,0.00000000,0.00000000,0.08532576,0.16412961,0.00096416,0.00327378,0.00000000,0.00528018,0.00000000,0.04044029,0.00000000,0.00000000,0.00000000,0.00000000,0.04244671,0.01730752,0.00000000,0.00000000,0.08696415,0.00000000,0.22770874,0.00128142,0.00000000,0.00000000,0.02316295,0.00000000,0.00000000,0.00000000,0.00000000,0.00391091,0.05334862,0.00438888,0.00000000,0.00048950,0.00000000,0.01974722,0.01744092,0.06964821,0.00000000,0.00000000,0.18002772,0.00206653,0.00000000,0.00000000,0.36246601,0.26621559,0.00000000,0.01082893,0.00957692,0.05846737,0.00042756,0.00907450,0.00768336,0.00022978,0.00084570,0.00000000,0.04495276,0.06097380,0.15331505,0.00000000,0.00000000,0.04764318,0.00000000,0.00000000,0.04222047,0.00000000,0.13957278,0.00000000,0.00030419,0.00000000,0.00000000,0.00000000,0.06536447,0.00940666,0.00000000,0.00252154,0.00000000,0.00966834,0.01950898,0.56732577,0.06766321,0.00299016,0.10262604,0.00000000,0.20239097,0.23392084,0.00650102,0.00000000,0.01939231,0.00197410,0.00879481,0.00752160,0.03592655,0.01056782,0.04192855,0.00453265,0.00000000,0.00000000,0.00000000,0.11618979,0.00000000,0.00014349,0.06301641,0.00000000,0.05579783,0.00000000,0.00000000,0.03174156,0.00000000,0.00000000,0.00000000,0.00000000,0.01545638,0.01607332,0.00000000,0.00000000,0.17700711,0.00256117,0.00094221,0.03411285,0.00273280,0.00000000,0.00000000,0.00666332,0.00054862,0.00144591,0.00000000,0.09810491,0.00433033,0.01954679,0.00890335,0.02254389,0.00000000,0.04891517,0.05787926,0.01829487,0.04402459,0.00000000,0.00000000,0.00717228,0.12401292,0.00000000,0.14757940,0.00000000,0.00000000,0.00000000,0.00000000,0.00000000,0.00000000,0.00006494,0.00000000,0.02889792,0.00000000,0.00000000,0.00000000,0.00000000,0.00000000,0.01231165,0.00000000,0.09056897,0.00000000,0.00588047,0.00000000,0.00000000,0.00000000,0.01072354,0.00335653,0.00000000,0.01935363,0.02164213,0.58884603,0.03237265,0.00000000,0.00000000,0.00000000,0.00000000,0.40655670,0.00000000,0.05146687,0.00000000,1.02211249,0.00000000,0.00000000,0.00067728,0.02165037,0.00183777,0.04155818,0.00190923,0.01086201,0.00000000,0.00000000,0.00000000,0.01931635,0.00142288,0.06351944,0.00000000,0.00000000,0.07468145,0.00000000,0.03696389,0.00858293,0.00170536,0.06846660,0.02618930,0.16000187,0.01835818,0.01144766,0.00000000,0.02122299,0.00184685,0.01384754,0.00371894,0.00000000,0.03250691,0.01956217,0.00000000,0.00059234,0.11636023,0.00803511,0.16196986,0.00000000,0.00911902,0.00000000,0.00000000,0.08392619,0.01659874,0.00860843,0.57373518,0.03334469,0.35092089,0.00000000,0.00359477,0.01196443,0.00155168,0.00000000,0.07200155,0.00000000,0.02340288,0.01107193,0.08879354,0.03228555,0.00000000,0.01350638,0.14910577,0.01607515,0.05621418,0.00080612,0.00000000,0.00307226,0.00000000,0.00257512,0.01846896,0.00525354,0.00000000,0.02048591,0.00634242,0.00021593,0.00584863,0.00000000,0.00452278,0.03537929,0.03039399,0.00607210,0.00000000,0.00000000,0.00000000,0.00000000,0.00729921,0.00000000,0.00000000,0.00171537,0.00000000,0.02367957,0.00133171,0.01751063,0.03582207,0.27344194,0.00000000,0.04344540,0.04786711,0.00438915,0.00000000,0.00000000,0.00029489,0.00000000,0.00380913,0.00000000,0.00000000,0.00429638,0.01067442,0.00383045,0.00918293,0.00066654,0.03411168,0.17386758,0.00000000,0.00473794,0.00000000,0.00012413,0.00412049,0.00000000,0.00000000,0.02039191,0.00000000,0.00000000,0.45788452,0.04075857,0.07592874,0.00000000,0.01997542,0.11720581,0.00060670,0.00000000,0.00000000,0.02908164,0.00000000,0.01376853,0.01229199,0.01059000,0.00939560,0.00000000,0.00170770,0.00000000,0.00000000,0.00000000,0.00000000,0.01165155,0.00000000,0.00000000,0.11302698,0.00850059,0.05449029,0.00000000,0.00000000,0.41029200,0.04546132,0.01677503,0.00173611,0.21335757,0.05368317,0.00000000,0.00000000,0.00018662,0.00000000,0.09285901,0.00000000,0.00000000,0.02300543,0.10580155,0.00000000,0.01083899,0.00000000,0.00000000,0.00000000,0.07377848,0.60752189,0.07897455,0.00837423,0.02697167,0.02665791,0.00958519,0.00000000,0.00000000,0.01501299,0.03210997,0.04636111,0.04523310,0.02372473,0.32835776,0.02572442,0.02517506,0.00021626,0.00000000,0.03075694,0.00000000,0.00615603,0.00000000,0.01737070,0.00098856,0.17892170,0.01393981,0.00000000,0.42145327,0.00000000,0.01409499,0.00359595,0.27754521,0.00748204,0.00632667,0.01568191,0.00000000,0.00000000,0.00000000,0.00351992,0.00000000,0.00000000,0.00417708,0.00000000,0.00231690,0.00329845,0.00000000,0.00642679,0.00000000,0.00000000,0.00115903,0.04383286,0.00000000,0.01777007,0.02307507,0.01601800,0.00000000,0.00000000,0.01672880,0.09833713,0.00000000,0.04541647,0.00000000,0.00893957,0.00636463,0.00418304,0.00117550,0.00000000,0.03304853,0.00000000,0.01961002,0.00000000,0.79750627,0.00000000,0.01874037,0.01433050,0.04634537,0.68154418,0.10909166,0.00000000,0.02472466,0.36881745,0.01212346,0.03868878,0.00000000,0.00000000,0.08739699,0.00000000,0.00000000,0.02160623,0.00099224,0.05294873,0.00000000,0.06998315,0.00057134,0.00000000,0.00663132,0.02831717,0.00952850,0.00000000,0.05415536,0.00534651,0.00487272,0.00000000,0.00095470,0.00731742,0.11349859,0.00000000,0.00503549,0.00000000,0.00000000,0.00000000,0.00000000,0.00003957,0.00000000,0.18456231,0.00000000,0.00000000,0.00807761,0.00000000,0.00000000,0.00000000,0.00073490,0.01186432,0.00000000,0.01090766,0.00000000,0.35585770,0.00000000,0.00389451,0.00000000,0.00941268,0.00000000,0.02574967,0.00000000,0.00000000,0.00000000,0.00575811,0.02396621,0.00000000,0.44723004,0.00000000,0.10776367,0.38472986,0.00358008,0.00890870,0.00000000,0.00000000,0.00008577,0.00392041,0.00000000,0.00083837,0.04091234,0.00121656,0.00177733,0.00000000,0.00000000,0.00000000,0.00000000,0.00000000,0.00000000,0.00000000,0.18290351,0.00000000,0.00000000,0.00000000,0.00000000,0.00000000,0.00000000,0.01998721,0.00000000,0.18885484,0.00463340,0.00286488,0.28888661,0.02867538,0.00171170,0.05456399,0.00203585,0.00000000,0.00254944,0.00000000,0.00130080,0.22771506,0.00000000,0.00000000,0.04133133,0.00264866,0.16652831,0.00054064,0.00000000,0.00172591,0.00393170,0.04166280,0.23102245,0.00000000,0.02778612,0.00000000,0.00494468,0.02857311,0.02140534,0.74845237,0.00335324,0.00002572,0.00000000,0.03985042,0.00000000,0.03596018,0.00000000,0.03009814,0.03729808,0.00078744,0.05269974,0.25050941,0.00000000,0.00000000,0.00000000,0.00000000,0.00000000,0.00000000,0.01007289,0.00319955,0.00318168,0.04439734,0.00151317,0.06773079,0.07750278,0.02094995,0.01974734,0.00000000,0.00000000,0.00000000,0.00054637,0.00000000,0.00000000,0.00000000,0.01682265,0.02309222,0.00000000,0.00299959,0.00000000,0.02036442,0.00000000,0.00000000,0.01492904,0.00000000,0.07715753,0.00306283,0.01213781,0.77315760,0.00094466,0.00000000,0.00000000,0.00000000,0.00000000,0.40723592,0.09285613,0.00000000,0.00107884,0.00000000,0.00000000,0.00821369,0.01692588,0.01139534,0.00000000,0.00526475,0.00000000,0.02512793,0.01583294,0.06549726,0.04198797,0.00000000,0.00286826,0.00178687,0.02252555,0.00000000,0.00285199,0.00414864,0.15843268,0.51882219,0.00136209,0.00000000,0.00000000,0.14550535,0.00000000,0.03553719,0.08585633,0.01386398,0.00000000,0.01912860,0.04431753,0.02274207,0.00141957,0.00135612,0.00000000,0.00000000,0.02046403,0.00000000,0.00000000,0.00000000,0.00000000,0.00000000,0.01821476,0.01631047,0.06015274,0.05568246,0.00576467,0.00000000,0.00000000,0.08702086,0.00000000,0.00000000,0.00000000,0.06752998,0.06045992,0.03448326,0.00065968,0.01498344,0.00000000,0.00421863,0.03013486,0.01089901,0.07055260,0.00960919,0.00413769,0.05172259,0.00205449,0.00000000,0.01550009,0.00000000,0.00000000,0.23570025,0.02116195,0.00000000,0.03189502,0.00000000,0.00000000,0.00000000,0.02118512,0.04249330,0.00179034,0.01224345,0.03415017,0.00000000,0.00000000,0.00000000,0.00914811,0.13365579,0.00000000,0.00000000,0.00167561,0.01017136,0.00000000,0.02124259,0.00662368,0.00000000,0.00000000,0.02274990,0.00000000,0.06664293,0.07859184,0.00000000,0.00000000,0.01268876,0.00000000,0.00405614,0.00000000,0.00000000,0.00397168,0.00000000,0.20929603,0.06543386,0.00000000,0.00000000,0.17078134,0.00211182,0.00000000,0.00000000,0.00000000,0.12997232,0.02460812,0.01760715,0.02528512,0.17382285,0.00175529,0.00000000,0.00000000,0.05461749,0.00527350,0.00171166,0.00000000,0.00000000,0.05980271,0.03329403,0.08011766,0.06442466,0.00000000,0.00000000,0.00000000,0.00392081,0.02551304,0.00000000,0.00390906,0.00000000,0.00000000,0.00909853,0.10533748,0.02171148,0.01934761,0.00000000,0.00000000,0.17482080,0.00000000,0.28128830,0.00000000,0.00000000,0.06757511,0.01549217,0.02073981,0.03651748,0.00000000,0.00000000,0.01266444,0.00061743,0.01452970,0.02906091,0.22029051,0.00000000,0.00344978,0.08614732,0.01655805,0.12282857,0.20742044,0.06777996,0.00388276,0.00339761,0.00508668,0.00000000,0.00000000,0.00400037,0.05733955,0.00000000,0.00000000,0.00000000,0.00000000,0.00000000,0.00055863,0.03400871,0.02020003,0.01566259,0.02706663,0.00131092,0.05425129,0.00000000,0.00000000,0.05973801,0.27810308,0.00000000,0.00000000,0.07026164,0.00000000,0.24751008,0.00187990,0.00113990,0.00096734,0.00000000,0.00000000,0.00001670,0.11047551,0.00049730,0.06963316,0.00000000,0.00000000,0.05651557,0.05216847,0.00000000,0.00000000,0.00000000,0.07106706,0.00000000,0.00000000,0.00000000,0.00000000,0.05643504,0.01992596,0.00000000,0.00393959,0.00248904,0.00000000,0.00000000,0.38699862,0.00000000,0.00000000,0.00000000,0.00000000,0.00333207,0.03896323,0.26512408,0.00000000,0.00000000,0.29479846,0.03831255,0.00375349,0.00000000,0.00000000,0.00000000,0.00175166,0.18714181,0.00403197,0.00465519,0.00000000,0.00000000,0.00000000,0.00000000,0.10817705,0.03014486,0.00000000,0.00828684,0.01098876,0.00000000,0.12980516,0.03665069,0.00000000,0.00195391,0.00000000,0.00000000,0.00000000,0.11399278,0.03439537,0.00706037,0.00141562,0.00083671,0.00000000,0.00000000,0.04205642,0.00000000,0.04839379,0.00200770,0.01013390,0.00000000,0.00000000,0.00707224,0.00000000,0.00000000,0.03532461,0.00000000,0.00000000,0.00000000,0.00317614,0.00053881,0.00000000,0.09659618,0.00000000,0.00000000,0.00772019,0.00448677,0.00211302,0.00000000,0.00201468,0.00157415,0.04540322,0.00000000,0.00049029,0.00000000,0.00000000,0.00446699,0.01853422,0.09849917,0.02023732,0.00000000,0.00000000,0.11177008,0.00000000,0.00000000,0.21944939,0.00000000,0.00300993,0.00003514,0.00000000,0.00000000,0.00000000,0.00335970,0.00161249,0.02099406,0.01615839,0.00000000,0.00006508,0.01818399,0.00664587,0.00888405,0.00000000,0.00000000,0.02628085,0.00067852,0.00258560,0.00000000,0.00000000,0.00048046,0.00000000,0.01093308,0.00000000,0.00000000,0.00000000,0.00243960,0.00057545,0.11128778,0.00475734,0.00000000,0.01193781,0.00091957,0.13936880,0.00269970,0.00711423,0.00311077,0.00000000,0.00757253,0.00000000,0.00000000,0.00000000,0.01101984,0.00000000,0.00000000,0.00000000,0.00000000,0.00000000,0.01287106,0.02222463,0.00000000,0.11934173,0.31498444,0.00296285,0.00000000,0.00000000,0.09151316,0.01076446,0.00000000,0.00000000,0.00697734,0.00000000,0.00459639,0.00000000,0.00000000,0.00000000,0.00809703,0.23687191,0.17385997,0.00000000,0.00000000,0.00000000,0.00731053,0.09792254,0.03250407,0.00000000,0.00102146,0.00298708,0.00000000,0.00413899,0.00000000,0.01229857,0.00000000,0.00000000,0.05105812,0.00000000,0.00153248,0.04623018,0.00000000,0.00400359,0.15357476,0.00000000,0.00279607,0.00000000,0.15933037,0.00346467,0.02577508,0.00000000,0.00000000,0.00000000,0.02354311,0.00437646,0.00000000,0.00569803,0.00270536,0.38266322,0.00000000,0.00000000,0.00000000,0.01211211,0.00000000,0.00000000,0.00000000,0.00232228,0.07384960,0.00796537,0.00319348,0.00000000,0.00000000,0.00000000,0.00244158,0.03132783,0.04443651,0.00000000,0.00000000,0.00268402,0.00065181,0.01425182,0.40319121,0.04746975,0.38264593,0.00000000,0.00000000,0.02245118,0.00000000,0.00000000,0.00000000,0.01616695,0.00661242,0.00000000,0.00000000,0.00084390,0.00309668,0.08358788,0.00000000,0.00000000,0.01229264,0.02820683,0.00000000,0.03362313,0.00825224,0.00000000,0.00362542,0.00000000,0.13700502,0.00000000,0.01663536,0.00000000,0.00000000,0.12369868,0.00000000,0.00000000,0.01860304,0.02882864,0.00000000,0.02277734,0.00000000,0.02280111,0.00000000,0.00154385,0.00222419,0.00000000,0.00976967,0.01287495,0.00254556,0.01051763,0.02509990,0.00158602,0.00000000,0.09305570,0.00000000,0.01463016,0.00093269,0.26174489,0.00000000,0.00623712,0.07061332,0.00000000,0.00448726,0.44995260,0.00356676,0.00000000,0.00316744,0.04434850,0.00340799,0.00000000,0.00000000,0.11572033,0.00000000,0.10392243,0.05848430,0.10037858,0.00000000,0.05670632,0.00000000,0.00538608,0.00000000,0.00000000,0.30364510,0.00000000,0.50796777,0.00103523,0.06157574,0.00258847,0.00000000,0.05946346,0.07115533,0.00000000,0.00466204,0.00000000,0.04031861,0.00000000,0.08150617,0.00000000,0.04322403,0.05209310,0.01694421,0.02109594,0.00091892,0.00237301,0.03249184,0.00000000,0.00043507,0.00282324,0.05564523,0.00550409,0.00147642,0.00000000,0.00000000,0.00000000,0.00000000,0.00000000,0.00210292,0.00054873,0.00203059,0.00000000,0.05366359,0.00932785,0.02237432,0.01128214,0.00000000,0.00000000,0.00381681,0.00000000,0.01597443,0.00000000,0.00000000,0.00000000,0.04868850,0.62841648,0.04541859,0.02231315,0.00074164,0.00000000,0.00000000,0.00000000,0.00000000,0.00027161,0.00000000,0.03762321,0.00039521,0.00225298,0.00000000,0.00435233,0.00000000,0.00245451,0.00000000,0.00000000,0.33811146,0.00574176,0.00429488,0.03592807,0.00743133,0.03368238,0.01847117,0.07259386,0.00000000,0.00468564,0.02496865,0.02416416,0.00000000,0.09899347,0.11056140,0.00000000,0.01316074,0.01090219,0.00000000,0.00679391,0.00000000,0.00000000,0.09938221,0.03366868,0.00000000,0.00000000,0.00000000,0.00000000,0.00000000,0.00150500,0.04724639,0.02218933,0.00000000,0.03176896,0.01575861,0.00000000,0.00002708,0.00000000,0.00073731,0.00000000,0.00000000,0.24338070,0.00333719,0.00000000,0.01123707,0.00000000,0.11654816,0.00000000,0.00504059,0.21374425,0.00000000,0.00000000,0.00496908,0.00000000,0.10440803,0.12648974,0.00373690,0.00000000,0.00000000,0.01765197,0.00000000,0.05927797,0.00000000,0.02822001,0.00000000,0.02862796,0.00000000,0.08693642,0.00769443,0.01046669,0.00751327,0.00000000,0.00625280,0.00170548,0.00000000,0.00035856,0.00000000,0.03844838,0.01496121,0.00461121,0.00000000,0.00178211,0.00000000,0.00000000,0.00000000,0.04540497,0.02016882,0.00351962,0.00000000,0.00000000,0.04785298,0.00000000,0.15005842,0.28423047,0.45680073,0.00000000,0.00445254,0.00000000,0.00174487,0.03703070,0.00000000,0.00240464,0.00000000,0.00000000,0.00267040,0.00000000,0.00272131,0.00000000,0.03921470,0.00000000,0.00132554,0.00000000,0.00000000,0.00000000,0.00000000,0.00000000,0.01873170,0.00000000,0.12713297,0.01242256,0.01909176,0.06352685,0.00183560,0.00029943,0.00128558,0.01122755,0.00429156,0.00000000,0.00030147,0.05011488,0.00205514,0.06770937,0.00936241,0.00429828,0.03030620,0.00094206,0.01540521,0.00000000,0.01359120,0.08234947,0.00000000,0.00000000,0.04868830,0.00000000,0.24492078,0.08269162,0.06384338,0.00956744,0.01099418,0.00149036,0.00000000,0.06181243,0.05625047,0.00000000,0.00249604,0.00000000,0.00320165,0.17055067,0.00000000,0.06317776,0.01915622,0.00000000,0.00000000,0.00136043,0.08771254,0.00000000,0.00070508,0.02225138,0.02193791,0.22197270,0.00000000,0.00656120,0.00000000,0.02297898,0.16444552,0.00459805,0.00000000,0.26184821,0.00000000,0.10375047,0.39694953,0.00544940,0.00000000,0.01356833,0.00000000,0.03571906,0.01737995,0.00000000,0.03264161,0.04481125,0.15154983,0.00000000,0.00000000,0.00844444,0.00366564,0.00451518,0.00000000,0.00000000,0.05092628,0.05955907,0.00721113,0.00920323,0.00359701,0.00000000,0.19470955,0.01917487,0.55019987,0.00499384,0.06512756,0.00000000,0.00274855,0.22705804,0.02077348,0.00000000,0.00000000,0.00166422,0.00000000,0.00000000,0.00421692,0.00509332,0.00779052,0.00604358,0.00000000,0.01405810,0.10332606,0.00000000,0.00000000,0.00000000,0.00493968,0.00000000,0.00189737,0.00000000,0.00000000,0.03752901,0.00513244,0.00000000,0.06024478,0.00000000,0.00000000,0.01815596,0.03965399,0.00000000,0.01303756,0.00000000,0.00000000,0.11016635,0.00711518
6029,data/pair/6029/RHEED/5 min of GaSb.MOV,manifest_specified_rheed_path,20.660000,620,8,0.00569382,0.00243145,0.36729258,0.00010755,0.00000000,0.00034562,0.00044588,0.00000000,0.04086057,0.00778993,0.04012379,0.01845464,0.00000000,0.00000000,0.02483171,0.02027283,0.00000000,0.00000000,0.00000000,0.00374639,0.00000000,0.00000000,0.00330341,0.05843995,0.00018624,0.59581393,0.00000000,0.64579445,0.00475847,0.01581553,0.00236425,0.06078622,0.71504307,0.00927206,0.01033777,0.03040187,0.00000000,0.00000000,0.03054516,0.00017498,0.00000000,0.03705942,0.05672192,0.00000000,0.02771988,0.00128999,0.77756768,0.00071253,0.00000000,0.00000000,0.00000000,0.00153559,0.33497572,0.00000000,0.00000000,0.06514098,0.00000000,0.09383538,0.00000000,0.09146655,0.13968816,0.00075663,0.00000000,0.08509436,0.03009933,0.00000000,0.00309053,0.03782033,0.00824791,0.00000000,0.00332216,0.00188374,0.19602770,0.00000000,0.00620983,0.17926438,0.00000000,0.00000000,0.00894115,0.00123659,0.20795290,0.00000000,0.17478831,0.00000000,0.00000000,0.34203127,0.00000000,0.02077623,0.00097732,0.00000000,0.00698502,0.31530687,0.00034766,0.01929924,0.05098886,0.00000000,0.00944613,0.00342945,0.19437163,0.00000000,0.00240730,0.25132102,0.64741063,0.00052232,0.00000000,0.00000000,0.00000000,0.03360935,0.00000000,0.00029930,0.00000000,0.03586465,0.05024326,0.10501890,0.00000000,0.00531759,0.09634273,0.01473592,0.03202459,0.05349490,0.00001571,0.03805442,3.18928289,0.00000000,0.00439662,0.00000000,0.00077251,0.00000000,0.03599617,0.00042252,0.00000000,0.04267452,0.00637039,0.03567511,0.00000000,0.03327240,0.00000000,0.03591838,0.12460873,0.00188346,0.00000000,0.80657351,0.00482928,0.00000000,0.01221741,0.06142619,0.00814211,0.06608747,0.02087790,0.00000000,0.01429259,0.08491673,0.00800122,0.00012516,0.00013853,0.00165027,0.00658977,0.00000000,0.00000000,0.03677985,0.12382054,0.00243079,0.06179238,0.77261168,0.07745902,0.00208775,0.09171676,0.00000000,0.09052537,0.00030825,0.02268823,0.04187498,0.06210290,0.00000000,0.00000000,0.05998971,0.00000000,0.00000000,0.02527036,0.00000000,0.01236062,0.04909113,0.00000000,0.11663802,0.55085450,0.00023860,0.00000000,0.00519310,0.00000000,0.00011395,0.00000000,0.18136850,0.00000000,0.00223421,0.00197020,0.00054740,0.00095203,0.00083553,0.00000000,0.00303837,0.51037931,0.01968260,0.02385763,0.01766438,0.41132110,0.62061828,0.00024653,0.00000000,0.00000000,0.00098874,0.83363140,2.48099279,0.00210101,0.00006558,0.01364190,0.00895404,0.00023789,0.00916612,0.00000000,0.03423823,0.00000000,0.03608247,0.13751704,0.01005965,0.00074778,0.00093909,0.00166317,0.01281016,0.00000000,0.00692370,0.13303779,0.00387396,0.00667507,0.00000000,0.00000000,0.00051824,0.00773037,0.07107533,0.00000000,0.01667413,0.06143855,0.00021884,0.42049757,0.00985895,0.01010044,0.03606402,0.00642052,0.00105021,0.00247923,0.00000000,0.00000000,0.03421050,0.00043963,0.00144833,0.00207792,0.00072386,0.00000000,0.00316873,0.00000000,0.17257670,0.00000000,0.00372838,0.01298396,0.39030883,0.00000000,0.13207164,0.02125954,0.64244193,0.00534762,0.00099372,0.05427779,0.01876270,0.00020107,0.00086919,0.01089787,0.11859226,0.00000000,0.00736395,0.00012335,0.00000000,0.00000000,0.00304159,0.00000000,0.04657214,0.00000000,0.00000000,0.09486494,0.76193368,0.00000000,0.00211934,0.00768090,0.00207215,0.00000000,0.04910672,0.05847200,0.00000578,0.00040669,0.01167313,0.00390660,0.00000000,0.01176066,0.00000000,0.09499621,0.00064935,0.00006603,0.00881947,0.00000000,0.00157085,0.03327030,0.00802523,0.00000000,0.00000000,0.02576960,0.81450218,0.18698379,0.04146255,0.00000000,0.00000000,0.00019896,0.00041799,0.04854747,0.02905553,0.00569995,0.61695355,0.17565241,1.16464460,0.05110288,0.01392531,0.00690877,0.00297002,0.00805531,0.00000000,0.00207796,0.00000000,0.00000000,0.00100730,0.10342170,0.00000000,0.06243238,0.00000979,0.68116003,0.11888298,0.00804976,0.00220553,0.00395569,0.00090839,0.00000000,0.21742015,0.02261385,0.00000000,0.00029961,0.01868713,0.01360125,0.00000000,0.01121845,0.02329570,0.00000000,0.34644338,0.00086882,0.00000000,0.00000000,0.00000000,0.01194761,0.27057076,0.00000000,0.00605466,0.02773077,0.01162690,0.00000000,0.02206623,0.02141370,0.00000000,0.00894928,0.00783205,0.07221689,0.00602741,0.00000000,0.51919615,0.06789993,0.00000000,0.03247952,0.00000000,0.04771597,0.00238322,0.00321721,0.00023276,0.00000000,0.00988780,0.00000000,0.00202246,0.00041137,0.01020966,0.00000000,0.85469198,0.00000000,0.00827872,0.00000000,0.06520995,0.00000000,0.11352194,0.00000000,0.00198847,0.02084105,0.00024306,0.00000000,0.01776145,0.06188021,0.00000000,0.00000000,0.31428117,0.00617726,0.00478453,0.56375217,0.00948156,0.01876950,0.14454424,0.02409657,0.00000000,0.01024386,0.03890070,0.02878571,0.00099814,0.00096099,0.00000000,0.03733885,0.00095205,0.00000000,0.00000000,0.05723074,0.19218175,0.00000000,0.01215615,0.15023991,0.00426349,0.22421518,0.21755542,0.00045506,0.00000000,0.00000000,0.02610117,0.00466167,0.00846871,0.00520888,0.01315652,0.00021710,0.01561380,0.06830126,0.00000000,0.00000000,0.00037469,0.00000000,0.00000000,0.09016339,0.04122546,0.00912177,0.00205888,0.00198624,0.00249893,0.01026078,0.00000000,0.05818703,0.00064111,0.00174070,0.00878182,0.00004599,0.00619409,0.00000000,0.20694171,0.02982854,0.00000000,0.00000000,0.00000000,0.00000000,0.00000000,0.11781400,0.00226271,0.00000000,0.01091105,0.00000000,0.03674883,0.00002641,0.01388555,0.05224056,0.00000000,0.00000000,0.00010524,0.00071914,0.01335254,0.00000000,0.00241099,0.35230941,0.01035174,0.00000000,0.02736074,0.00000000,0.01674877,0.00053425,0.05425173,0.07960798,0.00000000,0.00000000,0.00000000,0.54434907,0.00000000,0.00000000,0.00484546,0.69006860,0.00485535,0.00461267,0.11510994,0.00552172,0.10315910,0.00073992,0.01986273,0.02231050,0.00217781,0.00644483,0.04637539,0.00670178,0.01423407,0.00000000,0.06767912,0.00000000,0.02195018,0.00000000,0.02566794,0.07060015,0.11366625,0.00000000,0.02905651,0.00386706,0.00000000,0.00036738,0.07398511,0.00000000,0.00267076,0.01085209,0.04678411,0.18932119,0.03272365,0.00287330,0.00449973,0.00000000,0.00000000,0.28195611,0.00643858,0.00000000,0.00000000,0.00000000,0.00000000,0.07182302,0.21053228,0.00000000,0.16746499,0.00000000,0.02782129,0.00000000,0.19593701,0.00130925,0.00000000,0.00256784,0.03062987,0.00240364,0.00261105,0.04110193,0.38388646,0.18243623,0.00407527,0.00070005,0.00000000,0.00736741,0.00000000,0.11421240,0.20911762,0.19791789,0.00000000,0.00000000,0.00043738,0.00000000,0.04525759,0.16565445,0.00000000,0.00000000,0.00217834,0.06923001,0.01503982,0.00276643,0.00279971,0.01263484,0.00382632,0.04324868,0.00075627,0.04747153,0.00078808,0.02519640,0.01995588,0.00000000,0.00229565,0.02266856,0.04017083,0.00000000,0.01477899,0.00000000,0.00000000,0.00000000,0.00212685,0.03730107,0.83889884,0.00000000,0.00000000,0.12895580,0.00083418,0.01874619,0.03227251,0.05047051,0.00075103,0.05809200,0.09852754,0.00264386,0.00001950,0.00070070,0.00232015,0.00603110,0.00000000,0.00000000,0.00710762,0.00000000,0.06439347,0.01082187,0.08407874,0.00000000,0.00000000,1.18116033,0.03084618,0.00000000,0.00376949,1.86711133,2.73618507,0.00640646,0.00000000,0.00000000,0.04359295,0.00272141,0.00211422,0.02282961,0.00000000,0.00299595,0.00019056,0.07881282,0.05168301,0.19466293,0.00000000,0.04271060,0.01146051,0.00014699,0.00185296,0.26494205,0.00000000,1.90690899,0.00000000,0.00112959,0.01003234,0.00000000,0.02487766,0.03800619,0.00172982,0.00000000,0.00001484,0.00000000,0.00000000,0.01480256,1.75310528,0.03066271,0.00182273,0.00500552,0.00000000,0.42235959,0.71329618,0.00159049,0.01075357,0.01003067,0.00089652,0.00108209,0.00304741,0.01036058,0.03389555,0.00111700,0.02632674,0.00000000,0.00146987,0.00186099,0.10694669,0.00134904,0.00123257,0.20014536,0.00000000,0.07196159,0.00000000,0.01660300,0.00042730,0.00143170,0.01030972,0.00344527,0.00000000,0.00120235,0.06029998,0.01875917,0.00510371,0.11183332,0.00000000,0.00000000,0.03172116,0.00000000,0.03186019,0.00000000,0.01407623,0.00053030,0.04658988,0.00000000,0.01850728,0.00102620,0.00298917,0.00005967,0.00589821,0.00640605,0.15374982,0.13561788,0.00154422,0.00000000,0.00773023,0.00749751,0.05427311,0.16000345,0.00000000,0.00056550,0.00000000,0.00000000,0.00000000,0.00000000,0.00172729,0.00000000,0.00000000,0.02874563,0.08290592,0.00000000,0.00000000,0.00000000,0.00507122,0.00103310,0.03608482,0.00000000,0.09015244,0.00000000,0.00178575,0.00000000,0.00000000,0.00000000,0.01102193,0.00903336,0.00000000,0.00256560,0.00033151,2.37046123,0.00420857,0.00000000,0.00006777,0.00250658,0.00094249,0.77029991,0.00000000,0.00000000,0.00000000,0.90099603,0.00000000,0.00000000,0.00121223,0.00000000,0.00000000,0.02926545,0.00000000,0.00081735,0.04078141,0.00000000,0.01532054,0.02205799,0.00054032,0.04617749,0.00000000,0.00000000,0.11471276,0.00000000,0.13570687,0.00000000,0.10913185,0.14825100,0.04311352,0.46778601,0.00199199,0.03884822,0.06145781,0.02030629,0.00000000,0.01161926,0.00000000,0.00000000,0.01741071,0.09678257,0.00000000,0.00122715,0.02577882,0.01151061,0.00781796,0.01647425,0.00083484,0.00000000,0.00672821,0.15053944,0.00000000,0.03469774,1.90052128,0.35922253,0.74788821,0.00019066,0.06449520,0.00101206,0.00126491,0.00000000,0.01041785,0.00119630,0.00491648,0.12153146,0.18653962,0.11492131,0.00000000,0.01001057,0.53812355,0.00000000,0.17899439,0.01976566,0.18043093,0.00293887,0.01047303,0.00000000,0.03589921,0.00000000,0.00311703,0.00592750,0.00000000,0.00000000,0.00717656,0.01343613,0.00051433,0.21483228,0.00051410,0.07284203,0.00000000,0.00000000,0.00516458,0.00168204,0.00050131,0.00000000,0.00489577,0.00000000,0.01206959,0.37428188,0.00000000,0.00287387,0.01468884,0.08532531,0.00000000,0.19919395,0.04410611,0.00743013,0.00000000,0.00000000,0.16997233,0.00000000,0.00000000,0.38088277,0.00000000,0.00979299,0.00003408,0.00991589,0.03302031,0.07079018,0.01298057,0.21143131,0.00471730,0.00000000,0.01388281,0.00000000,0.13312042,0.00055432,0.00000000,0.42392135,0.00000000,0.00000000,4.24516249,0.17066656,0.17148097,0.00000000,0.05325687,0.02118238,0.00000000,0.00000000,0.00009810,0.00703345,0.00000000,0.08511135,0.29340538,0.00194879,0.07885277,0.00027313,0.02408113,0.00000000,0.00000000,0.00000000,0.00000000,0.03958809,0.00308242,0.00000000,0.05874031,0.00434819,0.00183102,0.00000000,0.00000000,0.37968695,0.28413808,0.01130430,0.00000000,0.00419310,0.09993522,0.00303444,0.01100243,0.01803181,0.00000000,0.04843671,0.00705608,0.00000000,0.08159212,0.00027368,0.00000000,0.01258980,0.00000000,0.00000000,0.00000000,0.09069598,2.04188585,0.01350660,0.03716577,0.02079266,0.00065695,0.00000000,0.02311657,0.00000000,0.17193314,0.03564213,0.02197483,0.02359530,0.01074493,4.75866842,0.00076383,0.01047111,0.00854880,0.01468571,0.01883559,0.00000000,0.05175932,0.00613789,0.04996123,0.00279694,0.04230707,0.00584360,0.00000000,0.85948598,0.00000000,0.00448516,0.00383827,0.63831830,0.03679466,0.05452326,0.01305724,0.00000000,0.00065092,0.00149756,0.00000000,0.00000000,0.00000000,0.00000000,0.00000000,0.02783617,0.00510963,0.00000000,0.00613486,0.00000000,0.00079568,0.00207927,0.00251671,0.00000000,0.05527608,0.00817200,0.06440065,0.00000000,0.00000000,0.03557521,0.20292597,0.08951496,0.00567360,0.00000000,0.00043527,0.03612885,0.00105863,0.00277942,0.00109055,0.06753337,0.00000000,0.00000000,0.00000000,1.87711453,0.01129870,0.05089793,0.00066971,0.02749917,0.56811404,1.02679586,0.01020860,0.24314214,1.19566667,0.00953552,0.23836908,0.00000000,0.09928017,0.28735548,0.00000000,0.01911448,0.16937496,0.00000000,0.02672710,0.00395563,0.00978594,0.00775224,0.00000000,0.00054867,0.00000000,0.00485857,0.00601908,0.23857769,0.00013756,0.00000000,0.00000000,0.00432217,0.00000000,0.02182404,0.00000000,0.00497985,0.00000000,0.00000000,0.00000000,0.00000000,0.00000000,0.00000000,0.01374776,0.00000000,0.00937722,0.00012123,0.00000000,0.00000000,0.00000000,0.00815339,0.08708210,0.00000000,0.01790600,0.00000000,1.95864189,0.00000000,0.00118891,0.00000000,0.00322163,0.00000000,0.20399889,0.19529048,0.01336122,0.02493742,0.00000000,0.06349846,0.00000000,0.39223409,0.00022002,0.00000000,1.27627051,0.08150828,0.01246680,0.00000000,0.01298640,0.00316418,0.00097529,0.00000000,0.02376030,0.15532532,0.00033777,0.00000000,0.00000000,0.09745330,0.03874967,0.00012111,0.02094949,0.00000000,0.00000000,0.29493016,0.00000000,0.00229211,0.00376418,0.00301122,0.00000000,0.00086048,0.00407409,0.00000000,0.19875659,0.03304727,0.14830290,0.23708849,0.00041812,0.05561487,0.00000000,0.00000000,0.00000000,0.01688207,0.00000000,0.00638066,0.64125347,0.00066572,0.00000000,0.00598675,0.20526564,0.07062706,0.00079504,0.00054652,0.00585343,0.00170571,0.19253770,0.62449223,0.00000000,0.21469074,0.02986400,0.01060200,0.02815502,0.12948312,1.46703792,0.01314288,0.00000000,0.00000000,0.48384887,0.02416524,0.01093279,0.00000000,0.01572360,0.00506913,0.00000000,0.00156948,0.00173574,0.00000000,0.00000000,0.00000000,0.00000000,0.00674700,0.00000000,0.00002665,0.01062523,0.00234881,0.00392210,0.04154551,0.04157404,0.01325905,0.00326578,0.32371795,0.00000000,0.00000000,0.04301327,0.00466084,0.00000000,0.00000000,0.00000000,0.02780826,0.05161697,0.00000000,0.02739100,0.00000000,0.00267946,0.00000000,0.09721238,0.35666895,0.00383409,0.00820492,0.01060960,0.01080989,1.53587353,0.00031111,0.00031953,0.00018340,0.00417468,0.00002455,0.21176901,0.19717382,0.01445980,0.00000000,0.00102371,0.00521319,0.00000000,0.01460136,0.00699111,0.00000000,0.00916827,0.00000000,0.05915971,0.00000000,0.00044358,0.00381877,0.00159553,0.03045349,0.00000000,0.04750958,0.00000000,0.00702894,0.13937968,0.01174093,1.06992805,0.00104695,0.00707186,0.00331749,1.84758973,0.00046224,0.14016725,0.00089498,0.00057012,0.00000000,0.04717081,0.00639066,0.00781437,0.00000000,0.00288244,0.00000000,0.00014650,0.08633267,0.00428839,0.00000000,0.00000000,0.00000000,0.00077227,0.00520700,0.02906016,0.07260834,0.03184170,0.00000000,0.00000000,0.00000000,0.01874495,0.00000000,0.00706261,0.00000000,0.24718378,0.20665681,0.18631655,0.00000000,0.00357218,0.00420887,0.20578587,0.00913264,0.03938641,0.06461409,0.04604587,0.00270491,0.04101568,0.00071670,0.00877856,0.01530302,0.00199503,0.00089092,0.12816401,0.01618827,0.00193184,0.52244395,0.00000000,0.00032549,0.00081069,0.00036874,0.02033987,0.04761049,0.02548934,0.02529151,0.00000000,0.00490756,0.00268053,0.00000000,0.50272048,0.00000000,0.00000000,0.00024241,0.00888284,0.00687248,0.04526407,0.00000000,0.00000000,0.00000000,0.00016470,0.00000000,0.01129649,0.49004871,0.00993607,0.00457096,0.00929763,0.00000000,0.01489015,0.00260651,0.00000000,0.18364510,0.00000000,0.37147808,0.11150914,0.00258117,0.00000000,0.83265620,0.01363291,0.00000000,0.00130965,0.00000000,0.00604914,0.07117561,0.00926026,0.01839250,0.02973969,0.02433321,0.00071707,0.00000000,0.09594315,0.02997382,0.00038820,0.00000000,0.00129809,0.10793306,0.07600653,0.04105038,0.08747857,0.00536259,0.00008627,0.00000000,0.00000000,0.08964779,0.00000000,0.00522713,0.00000000,0.17642775,0.01328321,0.15764934,0.09975896,0.00033803,0.00000000,0.00000000,0.33297619,0.00000000,0.62724048,0.00000000,0.00117592,0.04319200,0.00232156,0.16136928,0.00429785,0.00000000,0.00821519,0.00000000,0.00648771,0.07803877,0.00000000,0.06765236,0.00298226,0.01472945,0.00930987,0.06160148,0.00217085,0.75388104,0.24744855,0.00000000,0.00597435,0.00769237,0.00000000,0.00000000,0.00000000,0.03137173,0.00789466,0.00000000,0.00000000,0.00000000,0.00000000,0.00000000,0.03414063,0.03535831,0.06180843,0.25371683,0.11311473,0.02628980,0.00001793,0.00000000,0.17664176,0.09027683,0.01333877,0.00000000,0.23943815,0.00000000,0.03628303,0.00000000,0.00000000,0.00467958,0.00000000,0.00000000,0.00379910,0.05115401,0.00738204,0.01541239,0.05037161,0.00074894,0.06947941,0.00288107,0.00380153,0.00262425,0.00000000,0.03216342,0.00163305,0.00061736,0.00817562,0.00870169,0.00476447,0.03976673,0.01636316,0.01715935,0.00000000,0.01238813,0.00115844,2.33690763,0.02795686,0.00234359,0.00000000,0.00224712,0.00000000,0.50685352,0.53161871,0.00368097,0.00189254,0.56290829,0.01097552,0.00555766,0.00929965,0.00000000,0.02562739,0.01084809,0.28212911,0.01314561,0.01012175,0.00204579,0.00000000,0.00000000,0.00352583,0.09433501,0.30760241,0.00138992,0.00116955,0.07389747,0.00613719,0.25110775,0.03169468,0.00000000,0.03579922,0.00000000,0.00000000,0.00000000,0.09935743,0.00329378,0.00000000,0.01171375,0.00371655,0.00000000,0.00000000,0.00106222,0.00000000,0.05727819,0.00321172,0.01984365,0.00014663,0.00000000,0.00919832,0.03701849,0.00000000,0.19140211,0.61137927,0.00111430,0.19320631,0.00160006,0.00535480,0.00028905,1.39849138,0.00343893,0.01176550,0.01396175,0.00167341,0.01090786,0.00540364,0.00000000,0.01958453,0.00252436,0.01681194,0.03152403,0.00148306,0.00000000,0.00529280,0.00063706,0.08869526,0.00239903,0.00000000,0.00000000,0.15947182,0.00451413,0.00670218,0.12344877,0.03319415,0.01405071,0.00411136,0.00000000,0.00000000,0.00000000,0.00023020,0.00000000,0.00000000,0.02184929,0.00000000,0.00000000,0.07581915,0.00000000,0.00000000,0.00000000,0.03991613,0.12488975,0.11465584,0.12173031,0.00000000,0.01974833,0.00002097,0.00000000,0.00092763,0.00079744,0.00328655,0.00000000,0.03500588,0.00019419,0.17112912,0.00840735,0.00000000,0.00000000,0.00485670,0.34467542,0.00000000,0.00256155,0.01638963,0.00000000,0.00326478,0.00740664,0.00000000,0.00037850,0.00000000,0.00058957,0.00000000,0.00046098,0.00000000,0.00616310,0.32670167,0.02135708,0.00630732,0.69267970,3.62521315,0.01106273,0.00000000,0.00000000,0.06958038,0.05672513,0.00000000,0.00015840,0.00000000,0.00813180,0.02381577,0.00012941,0.01760010,0.00000000,0.01120554,0.48076916,0.22419265,0.00000000,0.00450137,0.00000000,0.01472049,0.21946819,0.01525982,0.00096318,0.00067153,0.04033012,0.00000000,0.00031587,0.04068979,0.02143362,0.00113003,0.00243688,0.04974026,0.00627721,0.07856832,0.00666744,0.00000000,0.00426258,0.33661491,0.00984478,0.00226375,0.00175304,0.53555024,0.01818424,0.03053170,0.00000000,0.00000000,0.05342411,0.00066860,0.04202447,0.00000000,0.00028000,0.01135975,0.43146855,0.00000000,0.00000000,0.00000000,0.00185850,0.00000000,0.00000000,0.00000000,0.00000000,0.03549743,0.00000000,0.00182438,0.00004369,0.00000000,0.06038947,0.02812260,0.04038173,0.01192546,0.00000000,0.02594653,0.00000000,0.00083091,0.34990519,1.83770645,0.09075175,0.94780886,0.02347476,0.00112420,0.01959628,0.00000000,0.00389383,0.00355545,0.00665186,0.00000000,0.00089204,0.04273113,0.05127610,0.02384531,0.30681100,0.00000000,0.00606722,0.01957184,0.01065854,0.00000000,0.00000000,0.10211283,0.00000000,0.06017568,0.00000000,0.00000000,0.00016192,0.01049040,0.00000000,0.00008164,0.05169374,0.00793493,0.00269418,0.00129462,0.02975113,0.00000000,0.02562816,0.00278784,0.15076600,0.00000000,0.00130678,0.03954457,0.00000000,0.07799178,0.00000000,0.00000000,0.01207650,0.00826467,0.00687283,0.01977990,0.00903788,0.08777893,0.00431314,0.00000000,3.26644802,0.00000000,0.00000000,0.01235448,0.00689492,0.00832064,0.86977285,0.01534523,0.00365261,0.01104832,0.40401599,0.00210292,0.00987406,0.00000000,0.02634308,0.00000000,0.32979417,0.00932061,0.01373714,0.00172700,0.67627299,0.00000000,0.00000000,0.00000000,0.00000000,0.00615481,0.00000000,0.49668026,0.00010231,0.03392383,0.00403259,0.00000000,0.26635516,0.28095251,0.00000000,0.01518743,0.00000000,0.03937273,0.00126318,0.53731883,0.00038437,0.24465817,0.01994106,0.00000000,0.02998887,0.00000000,0.00000000,0.01494338,0.01585068,0.00000000,0.00138610,0.06709255,0.00864313,0.09016275,0.00000000,0.00000000,0.09007475,0.01501886,0.00000000,0.00000000,0.26539019,0.01726542,0.00995847,0.03526439,0.01008771,0.15954256,0.02835130,0.00000000,0.00962935,0.01787101,0.01340508,0.09032743,0.00000000,0.00000000,0.00171492,0.01746189,0.74273819,0.00170718,0.04290397,0.00000000,0.00166740,0.00447626,0.00000000,0.00000000,0.00000000,0.00020437,0.01390067,0.00686378,0.00335125,0.00721159,0.02905948,0.00027907,0.00009275,0.00000000,0.00000000,2.24931526,0.00000000,0.01404572,0.01802235,0.00644430,0.01654711,0.01439844,0.48631942,0.00000000,0.08294875,1.16579700,0.01718581,0.00202660,0.10116344,0.12590884,0.00041079,0.00271179,0.04310847,0.00017000,0.00852617,0.00000000,0.01622043,0.10760760,0.01159383,0.00173420,0.00346218,0.00000000,0.00572494,0.00000000,0.01361156,0.00000000,0.00382606,0.00000000,0.08958348,0.01069905,0.00000000,0.00000000,0.00000000,0.00234165,0.00000000,0.00522463,0.13284677,0.01480467,0.00153958,0.00000000,0.00000000,0.24702634,0.00087731,0.00805765,1.40682304,0.02608315,0.00000000,0.08951100,0.00000000,0.10134799,0.32293269,0.01656553,0.00000000,0.00000000,0.10092166,0.00046974,0.07802258,0.00285573,0.02930914,0.00000000,0.19009915,0.00000000,0.05757966,0.00000000,0.01807931,0.00337689,0.00000000,0.00000000,0.00682047,0.01655424,0.00000000,0.00277138,0.01731356,0.00208401,0.03401460,0.00000000,0.00361612,0.01641406,0.00000000,0.00000000,0.02449000,0.00044040,0.00000000,0.00000000,0.00000000,0.00305532,0.00000000,0.02112597,0.21026018,2.47940230,0.00000000,0.00000000,0.00000000,0.02291862,0.34015304,0.00042758,0.03242991,0.01087088,0.00000000,0.01943383,0.00000000,0.00011838,0.00000000,0.02479974,0.00103289,0.00000000,0.00130004,0.00864756,0.00000000,0.00000000,0.00000000,0.07346511,0.00000000,0.03518770,0.00643113,0.28667873,0.11685434,0.10636630,0.00000000,0.00271756,0.00000000,0.03601984,0.00000000,0.00610678,0.06513153,0.00544673,0.01421314,0.00418371,0.00371845,0.08082664,0.00003647,0.23208809,0.00000000,0.02709147,0.01307076,0.00000000,0.00301388,0.06605349,0.00000000,0.03799800,0.02135253,0.03062979,0.00223636,0.00005490,0.00000000,0.00733107,0.02975424,0.11367270,0.00166705,0.01833699,0.00031391,0.00194666,0.02341338,0.00000000,0.42447093,0.01345484,0.00489458,0.00081958,0.04628952,0.02879310,0.00281323,0.01328549,0.14098799,0.00125334,0.45374134,0.00000000,0.02468080,0.01092920,0.00354746,0.10441957,0.05017563,0.00000000,1.08661532,0.00000000,0.13539946,0.92609799,0.00000000,0.00000000,0.03143233,0.00000000,0.01997205,0.00176203,0.00000000,0.04542702,0.04929194,0.12780908,0.00163298,0.00000000,0.01033987,0.00048903,0.00000000,0.00039815,0.00000000,0.00027101,0.10517932,0.15394968,0.00000000,0.00026842,0.00000000,0.02725460,0.00235231,2.89982080,0.01545553,0.16037609,0.00568209,0.00895272,0.71878529,0.03665113,0.00000000,0.00000000,0.00261454,0.00749657,0.00896871,0.00000000,0.00309730,0.00000000,0.00091827,0.00000000,0.00923154,0.00414175,0.05297965,0.00336825,0.00000000,0.00000000,0.00032455,0.04773331,0.00000000,0.01118705,0.00198339,0.07127216,0.00053863,0.19086459,0.00386182,0.00000000,0.12449037,0.00290424,0.00000000,0.09260510,0.00000000,0.00694132,0.00090938,0.00941232,0.00889368,0.00455803,0.19962357,0.00028456,0.00000000,0.00091442,0.00117968,0.00000000,0.07313575,0.01410510,0.05664296,0.02917179,0.00000000,0.00000000,0.03359122,0.03619403,0.00000000,0.00000000,0.00000000,0.00606279,0.00000000,0.00000000,0.00646449,0.10193644,0.00041250,0.28323138,0.00000000,0.20037752,0.00623102,0.01824289,0.00437181,0.04866815,0.22110569,0.01564357,0.01042454,0.03044742,0.00000000,0.00000000,0.03348478,0.00046295,0.00000000,0.04986896,0.04823531,0.00000000,0.03321244,0.00341298,0.29059067,0.00188518,0.00000000,0.00000000,0.00000000,0.00314016,0.14950727,0.00000000,0.00000000,0.11735146,0.00000000,0.11427232,0.00000000,0.03513224,0.13426615,0.00200187,0.00000000,0.05647626,0.02309770,0.00000000,0.00516335,0.03795372,0.01292712,0.00000000,0.00451416,0.00498391,0.18627214,0.00000000,0.01168283,0.11967563,0.00000000,0.00000000,0.01316103,0.00327170,0.11987408,0.00000000,0.14767529,0.00000000,0.00000000,0.17576407,0.00000000,0.01143899,0.00192166,0.00000000,0.00861660,0.18388872,0.00091982,0.02905093,0.04051191,0.00000000,0.01484738,0.00907348,0.23876718,0.00000000,0.00401544,0.12220021,0.15095657,0.00138192,0.00000000,0.00000000,0.00000000,0.04583762,0.00000000,0.00079189,0.00000000,0.02506446,0.06118936,0.10325006,0.00000000,0.01406902,0.08695640,0.02663415,0.04696978,0.02793887,0.00004158,0.04686971,0.64436704,0.00000000,0.00774661,0.00000000,0.00204387,0.00000000,0.02694949,0.00111788,0.00000000,0.01424417,0.01544389,0.02354898,0.00000000,0.03748469,0.00000000,0.06619684,0.10618827,0.00498318,0.00000000,0.79543233,0.00680118,0.00000000,0.01767066,0.05527708,0.02154201,0.06244949,0.02575690,0.00000000,0.02757890,0.03456656,0.01324631,0.00033114,0.00036652,0.00436620,0.01743489,0.00000000,0.00000000,0.04595047,0.12528446,0.00208234,0.03997383,0.36416024,0.09724110,0.00417476,0.09808148,0.00000000,0.11038520,0.00081555,0.02389061,0.05221301,0.05533233,0.00000000,0.00000000,0.05068202,0.00000000,0.00000000,0.03346390,0.00000000,0.02042327,0.07337177,0.00000000,0.07824291,0.31439456,0.00063129,0.00000000,0.01363261,0.00000000,0.00030148,0.00000000,0.10484453,0.00000000,0.00280211,0.00521267,0.00144828,0.00162407,0.00188423,0.00000000,0.00734768,0.21709336,0.02067244,0.03122946,0.01389649,0.31673750,0.41886917,0.00065226,0.00000000,0.00000000,0.00261597,0.36990374,0.36930132,0.00549733,0.00017351,0.02095358,0.01574304,0.00062940,0.00939553,0.00000000,0.02601161,0.00000000,0.02868883,0.08939567,0.01747518,0.00133628,0.00126646,0.00440033,0.01756167,0.00000000,0.01673200,0.06600850,0.01024953,0.01322412,0.00000000,0.00000000,0.00137114,0.01388871,0.12753819,0.00000000,0.03714307,0.04269077,0.00057900,0.07535340,0.02371531,0.01674662,0.05072216,0.00365435,0.00216937,0.00587555,0.00000000,0.00000000,0.03451414,0.00116315,0.00305114,0.00500055,0.00175791,0.00000000,0.00838368,0.00000000,0.19380622,0.00000000,0.00805834,0.02919311,0.15488993,0.00000000,0.09052794,0.02065725,0.18574306,0.01414847,0.00262913,0.04283510,0.03066136,0.00053198,0.00164725,0.01847781,0.10829012,0.00000000,0.01451940,0.00032636,0.00000000,0.00000000,0.00804730,0.00000000,0.04173858,0.00000000,0.00000000,0.07409760,0.08146428,0.00000000,0.00560724,0.01021435,0.00520073,0.00000000,0.07156339,0.07430770,0.00001530,0.00107601,0.02181316,0.01016620,0.00000000,0.02038271,0.00000000,0.14441417,0.00086664,0.00017470,0.01531329,0.00000000,0.00381647,0.05831160,0.01597168,0.00000000,0.00000000,0.02168869,0.41009980,0.08609132,0.03739498,0.00000000,0.00000000,0.00052639,0.00110591,0.03777710,0.06074473,0.00699707,0.40324372,0.14992967,0.60544175,0.06611554,0.02516505,0.01508757,0.00592873,0.01623269,0.00000000,0.00364459,0.00000000,0.00000000,0.00266507,0.05088058,0.00000000,0.07679778,0.00002591,0.44708541,0.10968299,0.01260297,0.00471701,0.00742810,0.00240337,0.00000000,0.08724882,0.01616712,0.00000000,0.00079270,0.02763088,0.01482690,0.00000000,0.01035464,0.04234423,0.00000000,0.23085548,0.00154428,0.00000000,0.00000000,0.00000000,0.02199259,0.18049017,0.00000000,0.00817227,0.04881207,0.02001007,0.00000000,0.04693234,0.03244907,0.00000000,0.00926218,0.01367278,0.03899740,0.00768347,0.00000000,0.22380200,0.03965430,0.00000000,0.03289675,0.00000000,0.08276874,0.00266488,0.00657296,0.00061584,0.00000000,0.01107973,0.00000000,0.00442059,0.00108837,0.01564481,0.00000000,0.42871249,0.00000000,0.02190343,0.00000000,0.02941471,0.00000000,0.10346119,0.00000000,0.00312636,0.03832303,0.00064309,0.00000000,0.03769537,0.02481103,0.00000000,0.00000000,0.14917283,0.01118426,0.00514926,0.25155309,0.01301051,0.01404426,0.12208192,0.01533950,0.00000000,0.00824250,0.06116539,0.04064444,0.00264083,0.00187118,0.00000000,0.05489033,0.00251888,0.00000000,0.00000000,0.08716763,0.20661952,0.00000000,0.02889468,0.11402652,0.00408013,0.22379719,0.12030423,0.00078818,0.00000000,0.00000000,0.03293273,0.00589338,0.01428041,0.00888724,0.01448835,0.00057440,0.03245300,0.05277646,0.00000000,0.00000000,0.00099133,0.00000000,0.00000000,0.07262600,0.02888080,0.01748292,0.00544727,0.00504600,0.00300668,0.02310265,0.00000000,0.02503076,0.00169622,0.00460546,0.01951913,0.00012169,0.01638801,0.00000000,0.19842573,0.04888368,0.00000000,0.00000000,0.00000000,0.00000000,0.00000000,0.08484858,0.00445060,0.00000000,0.01299096,0.00000000,0.04629918,0.00006987,0.02315781,0.06729925,0.00000000,0.00000000,0.00018229,0.00142056,0.03532749,0.00000000,0.00442654,0.28676495,0.01478829,0.00000000,0.05749414,0.00000000,0.01243046,0.00141348,0.06649643,0.05601640,0.00000000,0.00000000,0.00000000,0.20686635,0.00000000,0.00000000,0.00355820,0.31709284,0.01279769,0.00684668,0.10030557,0.00770820,0.13222277,0.00144439,0.03959220,0.02561883,0.00576193,0.01118444,0.05650645,0.01773125,0.01254152,0.00000000,0.07512409,0.00000000,0.03089402,0.00000000,0.04687041,0.04974714,0.14192261,0.00000000,0.04967361,0.00676450,0.00000000,0.00097199,0.03433836,0.00000000,0.00352921,0.01340483,0.03954102,0.23583005,0.08255441,0.00607111,0.00720410,0.00000000,0.00000000,0.17364651,0.00967209,0.00000000,0.00000000,0.00000000,0.00000000,0.06366614,0.12214527,0.00000000,0.12908415,0.00000000,0.05297472,0.00000000,0.12259547,0.00346395,0.00000000,0.00568601,0.03640671,0.00635945,0.00545364,0.06925838,0.54300541,0.13302578,0.00736795,0.00185215,0.00000000,0.01075921,0.00000000,0.09111762,0.11589473,0.12986207,0.00000000,0.00000000,0.00115719,0.00000000,0.03793911,0.15714835,0.00000000,0.00000000,0.00576335,0.09158406,0.01630281,0.00455520,0.00688823,0.02977803,0.00512030,0.02456737,0.00200089,0.09747551,0.00208507,0.01535027,0.02977991,0.00000000,0.00522785,0.02140330,0.08242700,0.00000000,0.00994727,0.00000000,0.00000000,0.00000000,0.00535646,0.03526334,0.21782334,0.00000000,0.00000000,0.06002738,0.00220704,0.03527517,0.02830521,0.04768537,0.00198705,0.02460394,0.10199083,0.00699500,0.00005160,0.00141619,0.00389535,0.01455007,0.00000000,0.00000000,0.01142398,0.00000000,0.04320675,0.02008535,0.09259781,0.00000000,0.00000000,0.33989164,0.06496654,0.00000000,0.00652904,0.33487105,0.61103040,0.01214025,0.00000000,0.00000000,0.06292456,0.00501358,0.00340483,0.01886749,0.00000000,0.00676118,0.00050418,0.02878530,0.05268664,0.11429118,0.00000000,0.06669104,0.01321967,0.00038891,0.00490248,0.09261034,0.00000000,0.40650916,0.00000000,0.00212152,0.01610496,0.00000000,0.03399887,0.03520564,0.00448122,0.00000000,0.00003927,0.00000000,0.00000000,0.01599611,0.22428660,0.03353778,0.00319981,0.00867633,0.00000000,0.14790697,0.61717659,0.00242849,0.02237980,0.00991700,0.00165166,0.00149112,0.00545333,0.01924189,0.03353322,0.00204298,0.04293514,0.00000000,0.00388892,0.00492372,0.07614764,0.00356923,0.00326108,0.26700401,0.00000000,0.06854562,0.00000000,0.01535903,0.00099428,0.00250825,0.02727695,0.00842799,0.00000000,0.00318112,0.04177706,0.04609647,0.01032552,0.03877458,0.00000000,0.00000000,0.03739911,0.00000000,0.02149346,0.00000000,0.01826701,0.00140305,0.07284807,0.00000000,0.03842900,0.00271507,0.00323372,0.00015786,0.00676124,0.01216439,0.13542601,0.12246554,0.00370788,0.00000000,0.01749834,0.01450118,0.05736676,0.17515261,0.00000000,0.00149617,0.00000000,0.00000000,0.00000000,0.00000000,0.00456998,0.00000000,0.00000000,0.03576241,0.08843061,0.00000000,0.00000000,0.00000000,0.01159173,0.00273332,0.07056382,0.00000000,0.08291180,0.00000000,0.00274390,0.00000000,0.00000000,0.00000000,0.01184959,0.01456327,0.00000000,0.00436976,0.00087710,0.69767302,0.00544107,0.00000000,0.00017931,0.00463074,0.00249360,0.23040459,0.00000000,0.00000000,0.00000000,0.36015338,0.00000000,0.00000000,0.00193143,0.00000000,0.00000000,0.03252342,0.00000000,0.00213725,0.06653083,0.00000000,0.02946062,0.03366239,0.00142956,0.05659814,0.00000000,0.00000000,0.08236916,0.00000000,0.11594900,0.00000000,0.08874267,0.19417867,0.04855895,0.22760886,0.00462879,0.08276246,0.05379803,0.04644479,0.00000000,0.01638588,0.00000000,0.00000000,0.02151236,0.07373590,0.00000000,0.00236793,0.03544529,0.02435244,0.01354175,0.01998319,0.00220877,0.00000000,0.01238509,0.16188765,0.00000000,0.04143143,0.13233994,0.21142325,0.47532800,0.00050444,0.07194953,0.00223907,0.00334665,0.00000000,0.02271654,0.00285136,0.00538157,0.08948894,0.13027626,0.12255920,0.00000000,0.01834142,0.21952771,0.00000000,0.12060478,0.01679796,0.14390574,0.00506769,0.01698854,0.00000000,0.02533088,0.00000000,0.00542849,0.00727451,0.00000000,0.00000000,0.01014568,0.01973318,0.00089503,0.13944298,0.00136019,0.13012706,0.00000000,0.00000000,0.01366419,0.00294756,0.00132634,0.00000000,0.01295300,0.00000000,0.02535512,0.24925306,0.00000000,0.00513769,0.00959820,0.16125652,0.00000000,0.14296763,0.06092549,0.01297304,0.00000000,0.00000000,0.15602356,0.00000000,0.00000000,0.23223820,0.00000000,0.01433938,0.00009017,0.01805443,0.04055787,0.08447354,0.01516978,0.12053572,0.00626036,0.00000000,0.02799788,0.00000000,0.14151721,0.00146660,0.00000000,0.24621011,0.00000000,0.00000000,1.15722561,0.03398784,0.14508696,0.00000000,0.05040882,0.01890964,0.00000000,0.00000000,0.00025954,0.00593945,0.00000000,0.07117800,0.23664500,0.00338310,0.12880456,0.00072263,0.02696641,0.00000000,0.00000000,0.00000000,0.00000000,0.07651340,0.00557121,0.00000000,0.14696920,0.01150423,0.00484442,0.00000000,0.00000000,0.24303010,0.17424941,0.01982551,0.00000000,0.00680751,0.06726405,0.00579828,0.02910969,0.03563939,0.00000000,0.05703994,0.01422827,0.00000000,0.12980528,0.00072410,0.00000000,0.02086052,0.00000000,0.00000000,0.00000000,0.08945387,0.58515263,0.01967394,0.05750168,0.02040819,0.00173812,0.00000000,0.04815347,0.00000000,0.11577804,0.02913271,0.01892765,0.02711814,0.01747305,0.98652530,0.00198741,0.01361981,0.00842334,0.03567476,0.03062736,0.00000000,0.04803663,0.01266403,0.04836977,0.00465552,0.03075340,0.01108206,0.00000000,0.16647585,0.00000000,0.01030918,0.00790448,0.22370888,0.03521315,0.04074775,0.01827088,0.00000000,0.00172216,0.00396218,0.00000000,0.00000000,0.00000000,0.00000000,0.00000000,0.03645147,0.00887802,0.00000000,0.01215316,0.00000000,0.00206231,0.00550123,0.00461809,0.00000000,0.08437411,0.00810884,0.01348474,0.00000000,0.00000000,0.05168650,0.14876327,0.11359348,0.01383687,0.00000000,0.00082103,0.03091085,0.00280087,0.00675802,0.00288534,0.08883044,0.00000000,0.00000000,0.00000000,0.34087017,0.02513427,0.04715607,0.00177188,0.02881454,0.33007360,0.49534211,0.01219593,0.26397252,0.41315195,0.01720317,0.17512512,0.00000000,0.15559040,0.29341546,0.00000000,0.02832836,0.11660229,0.00000000,0.03720248,0.00607095,0.01035372,0.01836031,0.00000000,0.00095848,0.00000000,0.00854920,0.01592500,0.18391438,0.00036395,0.00000000,0.00000000,0.01061013,0.00000000,0.01761492,0.00000000,0.00775609,0.00000000,0.00000000,0.00000000,0.00000000,0.00000000,0.00000000,0.01793485,0.00000000,0.01389164,0.00032075,0.00000000,0.00000000,0.00000000,0.00901654,0.08103792,0.00000000,0.04040325,0.00000000,0.62457365,0.00000000,0.00314557,0.00000000,0.00412075,0.00000000,0.10471585,0.26789898,0.01869068,0.02467655,0.00000000,0.09346136,0.00000000,0.22090030,0.00058211,0.00000000,0.45507643,0.07517532,0.01145036,0.00000000,0.02572657,0.00597397,0.00258037,0.00000000,0.03151742,0.07821667,0.00089365,0.00000000,0.00000000,0.05870836,0.03657968,0.00032044,0.01900134,0.00000000,0.00000000,0.18719052,0.00000000,0.00378197,0.00626601,0.00687318,0.00000000,0.00227662,0.00946950,0.00000000,0.16874966,0.04306904,0.12011027,0.16380206,0.00110624,0.07739954,0.00000000,0.00000000,0.00000000,0.02272251,0.00000000,0.00923215,0.22420694,0.00176134,0.00000000,0.01583946,0.39349538,0.05692899,0.00210347,0.00144596,0.01314206,0.00281883,0.13450891,0.20727767,0.00000000,0.14285508,0.02604701,0.01272879,0.02658793,0.06715944,0.81118041,0.01657475,0.00000000,0.00000000,0.23858248,0.03285767,0.01379022,0.00000000,0.01342769,0.00529412,0.00000000,0.00415246,0.00264701,0.00000000,0.00000000,0.00000000,0.00000000,0.01785089,0.00000000,0.00007051,0.01720718,0.00621437,0.00570373,0.04696319,0.04220711,0.01693391,0.00852341,0.28061113,0.00000000,0.00000000,0.04789859,0.00407132,0.00000000,0.00000000,0.00000000,0.04172317,0.05520282,0.00000000,0.03695779,0.00000000,0.00531650,0.00000000,0.13703531,0.24228640,0.01014405,0.01112889,0.02049603,0.01973721,0.22368135,0.00082311,0.00084539,0.00044942,0.00734454,0.00006495,0.18089320,0.06602163,0.02807542,0.00000000,0.00270847,0.01213797,0.00000000,0.02169279,0.01849675,0.00000000,0.01524679,0.00000000,0.03242956,0.00000000,0.00084539,0.00664184,0.00422138,0.04382901,0.00000000,0.05460411,0.00000000,0.01057425,0.13725232,0.01501233,0.20256546,0.00276997,0.00968730,0.00599261,0.32617256,0.00122298,0.10160847,0.00220277,0.00150838,0.00000000,0.03293831,0.00862657,0.01055393,0.00000000,0.00754623,0.00000000,0.00038760,0.12166154,0.00984378,0.00000000,0.00000000,0.00000000,0.00204323,0.01012001,0.02860381,0.07758050,0.02837040,0.00000000,0.00000000,0.00000000,0.02077902,0.00000000,0.01459381,0.00000000,0.19747169,0.18051417,0.14000379,0.00000000,0.00917657,0.01113563,0.20189673,0.01621184,0.01439092,0.03999249,0.04404924,0.00517782,0.03946643,0.00189621,0.01416016,0.02771104,0.00527836,0.00193154,0.07582012,0.03110032,0.00511117,0.24305518,0.00000000,0.00086118,0.00164896,0.00064083,0.02339942,0.05042072,0.06510261,0.01688235,0.00000000,0.01298418,0.00637075,0.00000000,0.30967119,0.00000000,0.00000000,0.00043980,0.01227555,0.01212638,0.04385744,0.00000000,0.00000000,0.00000000,0.00043575,0.00000000,0.02290569,0.21820650,0.01418986,0.00544991,0.02459922,0.00000000,0.01795023,0.00280066,0.00000000,0.13545823,0.00000000,0.20030552,0.14149380,0.00682914,0.00000000,0.53306818,0.01998966,0.00000000,0.00346500,0.00000000,0.01201251,0.10065575,0.01403201,0.01507220,0.03560449,0.03801170,0.00189720,0.00000000,0.05330183,0.03857357,0.00088887,0.00000000,0.00343442,0.06772415,0.08548927,0.03215747,0.06847200,0.00958932,0.00014998,0.00000000,0.00000000,0.09372298,0.00000000,0.01184977,0.00000000,0.15834138,0.03252750,0.11647902,0.05349348,0.00089434,0.00000000,0.00000000,0.07532819,0.00000000,0.54462934,0.00000000,0.00311120,0.09909609,0.00437134,0.20727673,0.00743539,0.00000000,0.01918615,0.00000000,0.01716488,0.07783142,0.00000000,0.08367351,0.00789030,0.01961694,0.01485967,0.07326107,0.00449824,0.16298537,0.14363381,0.00000000,0.00998116,0.01140814,0.00000000,0.00000000,0.00000000,0.04611454,0.01774682,0.00000000,0.00000000,0.00000000,0.00000000,0.00000000,0.03446945,0.01810442,0.04424969,0.15887563,0.13239188,0.05179109,0.00004744,0.00000000,0.08881788,0.12644587,0.02638657,0.00000000,0.11165383,0.00000000,0.06381322,0.00000000,0.00000000,0.01238101,0.00000000,0.00000000,0.01005146,0.07994755,0.01339789,0.03265480,0.06682570,0.00198152,0.03822834,0.00696162,0.01005791,0.00445485,0.00000000,0.03412846,0.00432066,0.00163337,0.01690279,0.01538566,0.00993132,0.02339032,0.01075882,0.02923075,0.00000000,0.01508214,0.00235018,0.72557819,0.03561940,0.00311002,0.00000000,0.00416365,0.00000000,0.27211788,0.32569787,0.00466391,0.00394756,0.24807249,0.01131028,0.00765270,0.01162864,0.00000000,0.03556150,0.01872910,0.07440356,0.01329331,0.02145957,0.00438671,0.00000000,0.00000000,0.00822751,0.08680088,0.15420195,0.00367739,0.00309433,0.09492463,0.01617397,0.11315445,0.04418729,0.00000000,0.04935340,0.00000000,0.00000000,0.00000000,0.09056966,0.00625167,0.00000000,0.02828334,0.00656857,0.00000000,0.00000000,0.00281036,0.00000000,0.05411924,0.00600887,0.04598622,0.00038795,0.00000000,0.02151954,0.06155549,0.00000000,0.13500410,0.44619000,0.00294816,0.17242795,0.00277400,0.00855858,0.00076477,0.38134605,0.00909854,0.03112860,0.02491793,0.00442744,0.01666775,0.01429668,0.00000000,0.02959176,0.00288522,0.01540552,0.05181324,0.00384205,0.00000000,0.01123851,0.00168551,0.03027805,0.00634724,0.00000000,0.00000000,0.14751752,0.00801103,0.01773230,0.10157391,0.05129489,0.01577060,0.00721471,0.00000000,0.00000000,0.00000000,0.00060907,0.00000000,0.00000000,0.03540401,0.00000000,0.00000000,0.08174592,0.00000000,0.00000000,0.00000000,0.04924767,0.05685719,0.11302841,0.08995929,0.00000000,0.05162849,0.00005547,0.00000000,0.00205518,0.00210982,0.00612927,0.00000000,0.05205365,0.00051379,0.08526265,0.01038467,0.00000000,0.00000000,0.00701169,0.16681089,0.00000000,0.00677723,0.03279532,0.00000000,0.00863781,0.01959613,0.00000000,0.00100142,0.00000000,0.00108989,0.00000000,0.00121964,0.00000000,0.00964236,0.19944802,0.05121592,0.00972603,0.20900147,0.38450933,0.02128829,0.00000000,0.00000000,0.08009276,0.03349107,0.00000000,0.00041908,0.00000000,0.00970158,0.02617831,0.00034238,0.04553101,0.00000000,0.01118598,0.29457116,0.13087511,0.00000000,0.00825241,0.00000000,0.02382696,0.24376662,0.02369008,0.00254835,0.00145332,0.03439663,0.00000000,0.00083572,0.03010686,0.01678522,0.00298979,0.00497053,0.02596868,0.01660793,0.09159742,0.01103456,0.00000000,0.00448586,0.23265299,0.01356648,0.00391881,0.00463810,0.45865604,0.03583374,0.05350456,0.00000000,0.00000000,0.09273660,0.00176894,0.06973212,0.00000000,0.00074080,0.01455900,0.31359169,0.00000000,0.00000000,0.00000000,0.00455960,0.00000000,0.00000000,0.00000000,0.00000000,0.08104583,0.00000000,0.00407033,0.00011559,0.00000000,0.05509874,0.04593557,0.07469861,0.01382343,0.00000000,0.03113361,0.00000000,0.00175979,0.18933678,0.46500301,0.06160234,0.35374734,0.04474287,0.00244382,0.03257710,0.00000000,0.00689405,0.00675522,0.01184458,0.00000000,0.00236013,0.04531316,0.06502829,0.02530487,0.20505278,0.00000000,0.01605235,0.03872613,0.02205933,0.00000000,0.00000000,0.10343479,0.00000000,0.07394810,0.00000000,0.00000000,0.00042841,0.01886500,0.00000000,0.00021599,0.05861646,0.01757648,0.00466674,0.00230068,0.03732940,0.00000000,0.02832925,0.00737592,0.07327865,0.00000000,0.00345741,0.04999036,0.00000000,0.06104434,0.00000000,0.00000000,0.01246438,0.01480446,0.00565944,0.04889287,0.01157977,0.05380765,0.00602680,0.00000000,0.52617216,0.00000000,0.00000000,0.01970441,0.01824223,0.01638586,0.36369690,0.01778801,0.00966390,0.01829699,0.28378636,0.00554325,0.01900092,0.00000000,0.02512855,0.00000000,0.28619409,0.01384215,0.01646813,0.00456922,0.37744939,0.00000000,0.00000000,0.00000000,0.00000000,0.00677897,0.00000000,0.23569995,0.00027069,0.07998195,0.00651516,0.00000000,0.05013268,0.21498533,0.00000000,0.02091549,0.00000000,0.04304823,0.00334205,0.34908256,0.00101694,0.14700212,0.02611768,0.00000000,0.05286840,0.00000000,0.00000000,0.01773373,0.03285410,0.00000000,0.00366727,0.05047714,0.00832271,0.04762294,0.00000000,0.00000000,0.11980922,0.01414917,0.00000000,0.00000000,0.25951818,0.03511567,0.02634762,0.05870424,0.02514322,0.12683833,0.02520687,0.00000000,0.02547686,0.03313454,0.03099218,0.09679737,0.00000000,0.00000000,0.00453726,0.01253437,0.73276114,0.00373486,0.01510647,0.00000000,0.00301956,0.00705838,0.00000000,0.00000000,0.00000000,0.00054071,0.01275908,0.01274597,0.00465794,0.01651953,0.02984129,0.00073834,0.00024540,0.00000000,0.00000000,0.29848820,0.00000000,0.02537552,0.03149019,0.01158367,0.02734660,0.00989201,0.25152239,0.00000000,0.09799245,0.49312741,0.02601652,0.00347533,0.08390172,0.07325798,0.00108686,0.00540797,0.03654774,0.00044977,0.01101287,0.00000000,0.02921066,0.15829259,0.02720702,0.00458825,0.00886157,0.00000000,0.01144108,0.00000000,0.03065363,0.00000000,0.00635626,0.00000000,0.06716212,0.01697919,0.00000000,0.00000000,0.00000000,0.00414750,0.00000000,0.01382306,0.11175974,0.00614204,0.00407335,0.00000000,0.00000000,0.10537477,0.00152335,0.01321806,0.36114782,0.03424251,0.00000000,0.11083320,0.00000000,0.14108653,0.10095297,0.00847840,0.00000000,0.00000000,0.18685739,0.00124282,0.05637549,0.00755554,0.04130485,0.00000000,0.17423902,0.00000000,0.05605571,0.00000000,0.02414924,0.00593885,0.00000000,0.00000000,0.01097053,0.03079830,0.00000000,0.00520884,0.01949560,0.00504381,0.03684409,0.00000000,0.00956736,0.01945438,0.00000000,0.00000000,0.03544152,0.00116519,0.00000000,0.00000000,0.00000000,0.00399306,0.00000000,0.01411952,0.13397031,0.33402303,0.00000000,0.00000000,0.00000000,0.01335542,0.40856025,0.00113127,0.02848746,0.01668754,0.00000000,0.01720906,0.00000000,0.00031320,0.00000000,0.02687186,0.00273277,0.00000000,0.00343958,0.01021549,0.00000000,0.00000000,0.00000000,0.05087796,0.00000000,0.06740127,0.00946661,0.24165933,0.07272143,0.04763282,0.00000000,0.00718999,0.00000000,0.05777314,0.00000000,0.01615701,0.08152160,0.01224564,0.01377700,0.00934493,0.00626379,0.03370315,0.00006449,0.18944407,0.00000000,0.05328488,0.02415698,0.00000000,0.00795495,0.03728898,0.00000000,0.03618588,0.01755664,0.05349595,0.00366339,0.00014524,0.00000000,0.01687660,0.07872233,0.08181518,0.00441059,0.02912821,0.00083053,0.00253881,0.02580923,0.00000000,0.08128448,0.01989860,0.01180198,0.00216841,0.05177804,0.04085654,0.00685351,0.01951922,0.10708105,0.00315887,0.13642202,0.00000000,0.03396297,0.01670486,0.00652237,0.20444264,0.03171003,0.00000000,0.36746448,0.00000000,0.13890818,0.44556174,0.00000000,0.00000000,0.05265300,0.00000000,0.04347198,0.00227709,0.00000000,0.04707754,0.08029278,0.08271848,0.00364411,0.00000000,0.02518408,0.00129385,0.00000000,0.00105340,0.00000000,0.00071702,0.04379638,0.14516124,0.00000000,0.00071016,0.00000000,0.02081280,0.00485299,0.41554305,0.03109661,0.08099233,0.01503340,0.01601616,0.38962999,0.03462735,0.00000000,0.00000000,0.00505074,0.01983407,0.01293911,0.00000000,0.00482522,0.00000000,0.00242951,0.00000000,0.00858583,0.00753203,0.04393638,0.00891155,0.00000000,0.00000000,0.00085868,0.05382963,0.00000000,0.01984588,0.00345130,0.04290561,0.00142509,0.10752621,0.00681163,0.00000000,0.11791939,0.00446784,0.00000000,0.08352309,0.00000000,0.01836501,0.00240598,0.01576956
6033,data/pair/6033/RHEED/3min GaSb.MOV,manifest_specified_rheed_path,25.730000,772,8,0.00754579,0.01367631,0.47022027,0.00000000,0.00000000,0.00000000,0.01402316,0.00109864,0.05402514,0.00078942,0.00800618,0.05906443,0.00000000,0.00000000,0.03782291,0.04248624,0.00000000,0.00001372,0.00000000,0.03176766,0.00000000,0.00000000,0.02274322,0.01150173,0.00045865,0.41832212,0.00166932,0.87692726,0.00240299,0.05094154,0.04912480,0.15556081,0.54655147,0.00552536,0.00778699,0.07205383,0.00000000,0.00000000,0.13009074,0.00027804,0.01904763,0.03561424,0.10498930,0.00000000,0.04258672,0.00309320,0.05785087,0.00003626,0.00000000,0.00325711,0.02272447,0.00197553,0.21124859,0.00000000,0.00741427,0.07250107,0.00000000,0.02634785,0.00000000,0.08182669,0.23819494,0.00000000,0.00000000,0.06134839,0.04464702,0.00347026,0.01854617,0.00746046,0.00782117,0.00194088,0.01408176,0.01329619,0.06119131,0.00499449,0.00777840,0.39758492,0.00701092,0.00000000,0.02149978,0.00006701,0.05920767,0.00733454,0.10022141,0.00000000,0.00000000,0.61034179,0.00000000,0.00983506,0.00102890,0.00380509,0.10948388,0.16853261,0.03432639,0.03248642,0.18779947,0.00000000,0.01254747,0.00000000,0.20333929,0.00587502,0.03070972,0.02523661,0.17069192,0.00154065,0.00000000,0.00559402,0.00000000,0.05177746,0.00000000,0.00000000,0.01030995,0.07830304,0.50261331,0.31655315,0.00991551,0.00215202,0.02901704,0.00965904,0.03739789,0.04248320,0.05815709,0.11950372,0.76811182,0.00000000,0.08645441,0.01344228,0.00029495,0.00000000,0.00736511,0.00004373,0.00006485,0.37891516,0.00034732,0.02202147,0.00022032,0.03719451,0.00000000,0.04853121,0.22165853,0.00128943,0.00000000,1.34371126,0.05318725,0.00000000,0.00985284,0.03828381,0.02148667,0.10897072,0.02243236,0.00000000,0.00240708,0.24789943,0.00331906,0.00000000,0.00359225,0.01187594,0.00000000,0.00000000,0.00000000,0.08633991,0.14412603,0.00214916,0.12539664,0.77420932,0.20492284,0.50767940,0.21713731,0.02786467,0.02687509,0.01885840,0.04651919,0.02268066,0.22719085,0.00166675,0.00613885,0.07917845,0.00000000,0.00618353,0.00730362,0.00000000,0.00398728,0.00836826,0.00000000,0.27099869,0.23971668,0.00585402,0.00528539,0.00343845,0.00000000,0.00021746,0.00000000,0.12805045,0.00000000,0.00683080,0.01456258,0.00255829,0.00000000,0.00102524,0.00000000,0.01709980,0.00035531,0.07039295,0.04701863,0.02558388,0.32399833,0.33182132,0.00000000,0.00657942,0.00000000,0.00225200,0.75866055,2.26921725,0.00706129,0.00272934,0.05935830,0.01086192,0.00607631,0.00000000,0.00000000,0.15612750,0.00000000,0.00806421,0.10516597,0.02490329,0.00275857,0.00800344,0.00093861,0.01045082,0.00000000,0.01648036,0.16965854,0.01572916,0.00278298,0.00000000,0.00193271,0.01246797,0.14930993,0.09434658,0.00000000,0.02688385,0.02720947,0.00000000,0.36762857,0.00966187,0.00000000,0.03494484,0.00317360,0.00000000,0.01117804,0.00000000,0.00000000,0.05950659,0.00000000,0.01910000,0.02066615,0.00164350,0.00067242,0.00175484,0.00000000,0.34879717,0.00000000,0.00442844,0.00441079,0.36041483,0.00000000,0.05227057,0.03892546,0.46869913,0.01369576,0.12947851,0.06230619,0.01828151,0.00121576,0.07169352,0.00534382,0.20965824,0.01239658,0.00773463,0.00000000,0.06267761,0.00211592,0.02260300,0.00199695,0.02179456,0.01520063,0.00000000,0.22005104,0.62798190,0.00000000,0.03241645,0.04561102,0.01117204,0.00285866,0.00000000,0.01821236,0.00461510,0.00027012,0.00612070,0.00000000,0.00000000,0.00070541,0.00637704,0.16353275,0.02430327,0.00070778,0.00442643,0.00115932,0.00355465,0.02446366,0.02628622,0.00000000,0.00242069,0.06112253,1.11377406,0.21845821,0.06269827,0.00000000,0.01801364,0.00000000,0.01967768,0.03780815,0.00634453,0.00479167,0.69564605,0.20084938,1.38320351,0.02818407,0.03497968,0.03376976,0.00607433,0.02631129,0.00000000,0.02524853,0.00000000,0.00000000,0.00000000,0.13381559,0.00786943,0.05582742,0.00005036,0.91594970,0.12898397,0.00061342,0.01802658,0.04208836,0.05689429,0.00000000,0.07328057,0.06041875,0.00000000,0.00107567,0.16866909,0.02628016,0.00000000,0.00823581,0.14626378,0.00000000,0.48859823,0.00000000,0.02189382,0.00000000,0.00000000,0.00647025,0.43009895,0.00412933,0.00005174,0.02310080,0.04554894,0.00000000,0.13104831,0.09064600,0.00000000,0.01100559,0.00014752,0.02280080,0.09329244,0.01298627,0.50471091,0.11024965,0.00000000,0.11997524,0.00122856,0.08272440,0.00113938,0.00066145,0.01308344,0.00000000,0.01948821,0.00000000,0.00027127,0.00557292,0.01281468,0.00425812,0.53717643,0.00000000,0.00659919,0.00000000,0.04000786,0.00142917,0.23466669,0.00413918,0.02030586,0.00875231,0.00000000,0.00000000,0.01384740,0.09495487,0.00403812,0.00016386,0.24199414,0.01981010,0.01422190,0.55003339,0.09673454,0.05609726,0.16582781,0.00861044,0.00000000,0.11184017,0.00959466,0.00519286,0.00277480,0.02412625,0.00574941,0.21201211,0.00060352,0.00000000,0.00000000,0.01610300,0.15524448,0.00000000,0.15397671,0.04584420,0.01913519,0.30044314,0.13495702,0.03260724,0.00000000,0.00061222,0.01052027,0.00790004,0.00744467,0.00165216,0.01881262,0.00049797,0.08133142,0.08466203,0.00000000,0.00135672,0.00000000,0.00000000,0.00010604,0.05882622,0.02348367,0.00900357,0.00000000,0.01017196,0.06515405,0.00276979,0.00000000,0.13579601,0.00076157,0.00067696,0.00284632,0.00023914,0.00000000,0.00000000,0.19015583,0.05940375,0.00000000,0.00000000,0.06363916,0.00000000,0.00289805,0.11117345,0.00193497,0.00000000,0.02021848,0.00317461,0.11509445,0.00087148,0.00109294,0.02362864,0.00030831,0.00000000,0.01033243,0.00275391,0.02543136,0.00000000,0.00001506,1.16822195,0.00447410,0.00000000,0.02237746,0.00115688,0.03418437,0.00000000,0.03034107,0.09049632,0.00205955,0.00000000,0.00000000,0.60186982,0.00527342,0.00000000,0.01208506,0.50680715,0.00293684,0.00029040,0.07773030,0.00673241,0.44563833,0.00185351,0.07240820,0.00496101,0.02597571,0.04409654,0.08600201,0.00442797,0.00049314,0.00451189,0.11389656,0.00030788,0.02496824,0.03642545,0.04485065,0.06565259,0.13858022,0.00000000,0.16494116,0.03428514,0.00000000,0.00000000,0.03535943,0.00000000,0.01433338,0.00000000,0.18282312,0.19455034,0.08889857,0.00000000,0.01490003,0.00000000,0.00000000,0.25045997,0.00210910,0.00000000,0.00027645,0.00000000,0.00000000,0.33741909,0.13892217,0.00785056,0.23400109,0.02034480,0.06824639,0.01370568,0.07371227,0.00092468,0.00000000,0.00440058,0.02547330,0.00175681,0.00000000,0.08654986,0.32085899,0.28065178,0.00000000,0.00287410,0.00000000,0.02439446,0.00000000,0.38435087,0.22895399,0.23819557,0.00000000,0.00000000,0.00000000,0.00070346,0.10905372,0.28529358,0.00061438,0.00438076,0.00277757,0.02369281,0.05951986,0.01992836,0.00000000,0.00912176,0.00178427,0.16507734,0.00000000,0.05771939,0.00012853,0.05392830,0.00787694,0.00254453,0.00000000,0.01869410,0.05358411,0.00748726,0.00005165,0.00000000,0.00000000,0.00000000,0.00698299,0.09626253,0.36984524,0.00000000,0.00109413,0.02788475,0.01290523,0.02235267,0.01795931,0.01445990,0.00328837,0.03632103,0.02407297,0.00000000,0.00000000,0.00000000,0.01277795,0.00659352,0.12109108,0.00000000,0.00125003,0.01829937,0.02893114,0.02314005,0.07851082,0.00182420,0.01607657,0.78576916,0.01733386,0.07148392,0.00000000,0.87553710,1.68184412,0.01292683,0.00000000,0.03883111,0.05649006,0.05856445,0.00078146,0.00998097,0.03890356,0.00243052,0.00000000,0.08705672,0.06113654,0.33676589,0.00000000,0.02103582,0.10717903,0.00411457,0.01063991,0.12419766,0.00000000,1.58847249,0.00000000,0.00167212,0.00361043,0.00008015,0.00680437,0.01257314,0.00215737,0.00038180,0.00088690,0.00351340,0.00000000,0.00634078,1.72837377,0.04326136,0.00246372,0.06581533,0.00000000,0.49588737,0.47214356,0.00941695,0.00420068,0.00229742,0.00008457,0.01915513,0.00935082,0.18365918,0.03842385,0.00000000,0.02229515,0.00187823,0.00000000,0.00278408,0.26674363,0.00566436,0.04546697,0.52145147,0.00000000,0.08313385,0.00120319,0.10485728,0.00000000,0.00906443,0.00000000,0.00062733,0.08696307,0.00513789,0.04242594,0.00332328,0.01976979,0.20663700,0.00678548,0.00451515,0.00127944,0.00000000,0.02942874,0.00019384,0.05679486,0.00055369,0.06447129,0.00789745,0.01325424,0.00212048,0.01549522,0.00117444,0.01997655,0.00060274,0.19448346,0.05540740,0.00000000,0.01289195,0.01054057,0.00107139,0.12835297,0.50574493,0.00264162,0.04128203,0.00011520,0.00000501,0.00000000,0.00439047,0.02055439,0.00000000,0.00000000,0.00961195,0.09088302,0.00912479,0.00590870,0.00000000,0.00216462,0.00397749,0.04690751,0.01675627,0.25117069,0.03264030,0.00455901,0.00914248,0.00000000,0.00000000,0.00006630,0.00787458,0.00000000,0.01585763,0.00104317,2.38687944,0.05296355,0.00000000,0.00171525,0.00638506,0.00066119,0.50762087,0.00328162,0.00045777,0.01664149,1.49958074,0.00118024,0.00000000,0.02463062,0.00144081,0.00000000,0.00819485,0.00000000,0.00499511,0.01956865,0.00008441,0.01216975,0.09902772,0.00000000,0.12056613,0.00183115,0.00000000,0.18649517,0.00000000,0.03830022,0.00000000,0.19828993,0.12832691,0.17642516,0.47984853,0.00331330,0.07902859,0.07966493,0.00876263,0.00622875,0.00939925,0.00000000,0.00000000,0.04166616,0.04716231,0.00000000,0.00000000,0.01496401,0.03666668,0.00732605,0.01984360,0.00000000,0.00000000,0.02462387,0.10018845,0.00011725,0.04102626,2.40828562,0.50088167,0.65754515,0.00000000,0.17519844,0.00098234,0.00000000,0.00263931,0.09694880,0.00504353,0.07358652,0.07671647,0.07855001,0.07073662,0.00094141,0.00121126,0.41923887,0.01095572,0.19255440,0.02015879,0.12901755,0.00051929,0.01156085,0.00543413,0.03586164,0.00000000,0.00031032,0.00012452,0.00354606,0.00116259,0.00422438,0.00102289,0.00000506,0.27814221,0.01186962,0.09277795,0.00203988,0.00000000,0.00150259,0.00841666,0.00070198,0.00000000,0.04677404,0.00000000,0.00059127,0.14998208,0.00889968,0.00000000,0.00470022,0.58915937,0.00000000,0.11165150,0.14718287,0.03671955,0.00000000,0.00000000,0.13916901,0.00053641,0.02284887,0.58338475,0.00000000,0.03174186,0.00000000,0.04359107,0.00978224,0.11325798,0.00498687,0.30850828,0.00066595,0.00000000,0.02785647,0.00546787,0.06282383,0.00000000,0.00000000,0.24365999,0.00074734,0.00000000,4.38308573,0.19885352,0.04754224,0.00337847,0.07498107,0.02755042,0.00508368,0.00000000,0.00000000,0.00373433,0.00000000,0.14047837,0.15496047,0.01383919,0.14347535,0.00053317,0.04509570,0.00285447,0.01712926,0.00258933,0.00000000,0.04392120,0.00030627,0.00360403,0.18432347,0.00340322,0.08603933,0.00000000,0.00000000,0.36997572,0.10379440,0.00693594,0.02121214,0.10552230,0.13914341,0.00000000,0.06548618,0.06396046,0.01182868,0.04287823,0.00286692,0.00000000,0.23418587,0.00000000,0.00062070,0.00538479,0.00000000,0.00000000,0.00000000,0.30251351,1.78264666,0.15602660,0.15693103,0.01167274,0.02923410,0.01891549,0.06695017,0.00000000,0.17134009,0.08206649,0.06562446,0.02493851,0.02111840,4.87911272,0.02253518,0.03173343,0.00000000,0.02032546,0.01345601,0.00000000,0.15532137,0.04685361,0.00560325,0.00106295,0.07994884,0.16310507,0.00000000,1.02203476,0.00000000,0.00415530,0.00233245,0.53223217,0.02042653,0.02134632,0.08605327,0.00487099,0.01797475,0.00000000,0.00000000,0.00009656,0.00000000,0.00000000,0.00000000,0.01744808,0.09321068,0.00000000,0.05138858,0.00000000,0.01013103,0.00021435,0.02659024,0.00056585,0.04186719,0.05102634,0.18378408,0.00007162,0.00708594,0.40818489,0.41135195,0.01549038,0.00000000,0.01307771,0.02048404,0.00844992,0.00054891,0.00913645,0.00094440,0.08996844,0.00000000,0.00051343,0.00000000,1.91565454,0.00189343,0.04551502,0.02822937,0.04821945,0.83013052,1.32779431,0.00409815,0.06684335,0.96314275,0.01522586,0.16029608,0.00270529,0.06842937,0.43505567,0.00975195,0.00662196,0.02409126,0.00000000,0.17832156,0.00143945,0.04990221,0.01202304,0.00361474,0.00159901,0.01533288,0.01722435,0.01085954,0.44492713,0.00000000,0.00316142,0.00000000,0.00000000,0.02170620,0.37291297,0.00000000,0.00083698,0.00792626,0.00362838,0.00000000,0.00000000,0.00834147,0.00312719,0.10351358,0.00000000,0.05771155,0.00562408,0.00136512,0.00809473,0.00000000,0.00000000,0.30083105,0.00428614,0.04194948,0.00000000,1.68267250,0.00000000,0.00855206,0.00012465,0.02939649,0.00000000,0.12071051,0.04141321,0.00656590,0.00821559,0.00000000,0.03100532,0.00000000,0.63457382,0.00000000,0.06884469,2.03414392,0.00961223,0.02481052,0.02124209,0.04618893,0.02227467,0.00001176,0.01270653,0.00696697,0.13081449,0.00000000,0.00125817,0.00292052,0.02919603,0.05684040,0.00003511,0.01864180,0.00000000,0.00000000,0.62271631,0.02088239,0.00000000,0.02446935,0.00149452,0.01424069,0.00000000,0.02296909,0.00001718,0.25837803,0.00985698,0.06541525,0.03219334,0.01721527,0.06027381,0.00000000,0.00549250,0.00000000,0.04622037,0.00544074,0.00233826,0.57205975,0.01134096,0.00000000,0.02524888,0.24599983,0.15964539,0.00687790,0.00023512,0.08886817,0.01825018,0.43271777,0.61729950,0.00000000,0.03027270,0.06720351,0.00971190,0.18105792,0.21701863,2.31175256,0.00956100,0.00184811,0.00864309,0.37577105,0.07442366,0.01535861,0.00122209,0.00999741,0.07069268,0.00544697,0.00346868,0.00100285,0.00000000,0.03262003,0.00000000,0.00006321,0.00000000,0.00000000,0.01581023,0.00099237,0.01016909,0.01492678,0.02203714,0.01591193,0.01465538,0.04088721,0.14034200,0.00000000,0.00000000,0.04862037,0.00543926,0.00000000,0.00862843,0.00000000,0.26228958,0.05210400,0.00462017,0.03788879,0.00258416,0.00152947,0.00000000,0.10049438,0.17594230,0.00429381,0.15142269,0.02221771,0.02328441,1.54980886,0.00010989,0.00023351,0.00907044,0.00161733,0.02331422,0.25657722,0.24928001,0.00767336,0.00440847,0.00194007,0.00152526,0.00790180,0.00427346,0.00173613,0.00000000,0.02482484,0.00000000,0.22125097,0.00232831,0.00598063,0.01258807,0.00830893,0.04877820,0.00157811,0.02237227,0.00000000,0.05871907,0.30329782,0.01591851,0.41934580,0.00000000,0.01895615,0.00000000,1.63276172,0.00000000,0.05950799,0.03391836,0.00000000,0.00000000,0.05888684,0.06544899,0.00235690,0.00612001,0.00038741,0.00226189,0.00000000,0.08102666,0.01371099,0.00000000,0.00069328,0.00000000,0.01488895,0.00068018,0.02092285,0.05005711,0.03596851,0.00000000,0.00321081,0.00451428,0.02638627,0.00617429,0.00000000,0.00242749,0.01817776,0.35794494,1.09588480,0.00000000,0.00490441,0.00000000,0.16250110,0.03618661,0.01706492,0.00834387,0.08421117,0.02023664,0.16890533,0.01311368,0.00804766,0.14653470,0.00203692,0.00305324,0.16166228,0.02952866,0.00017793,0.74583471,0.00000000,0.00924253,0.00003892,0.01456372,0.02010042,0.00620448,0.01206025,0.02880601,0.00000000,0.00050813,0.00445014,0.00269883,0.14375880,0.00000000,0.00000000,0.00296165,0.00548336,0.02159970,0.17782329,0.00000000,0.00532530,0.00491348,0.03674788,0.00000000,0.02548634,0.48272526,0.02011616,0.04382909,0.02470758,0.01057790,0.01539213,0.00068668,0.00107930,0.04144300,0.00000000,0.56287760,0.10630637,0.00456202,0.00000000,1.73036301,0.02203146,0.00000000,0.02091962,0.00071068,0.01910884,0.03672679,0.00692736,0.16585150,0.09159444,0.01592854,0.00809780,0.00000000,0.17461379,0.01894076,0.01314446,0.00062505,0.00000000,0.07489061,0.04417949,0.02785193,0.13151315,0.00000000,0.00408093,0.00000000,0.21615168,0.08186752,0.00000000,0.00424761,0.00107673,0.10399287,0.01546627,0.27583978,0.36902711,0.00000000,0.00000000,0.00000000,0.62615949,0.00000000,0.55354267,0.00013211,0.00000000,0.00036995,0.01221749,0.07394429,0.00759216,0.00000000,0.00575995,0.04588488,0.00296672,0.04184506,0.00408002,0.57983273,0.00000000,0.00357595,0.03137572,0.01914529,0.00389820,0.80036145,0.23149885,0.00521213,0.00290395,0.01036119,0.00000000,0.01684610,0.00000000,0.04546425,0.01380985,0.00000000,0.00000000,0.00059368,0.00010652,0.00000000,0.06643869,0.08007316,0.08274860,0.22900380,0.11950370,0.05325640,0.00641234,0.00000000,0.47907686,0.24114107,0.00000000,0.00000000,0.07725429,0.00000000,0.30250704,0.00036187,0.00000000,0.00440819,0.00000000,0.00000000,0.00581553,0.04644196,0.00010032,0.02376059,0.00685442,0.00335241,0.13257371,0.02816341,0.17361449,0.00000000,0.00000000,0.34628284,0.00159998,0.00084716,0.00639545,0.00000000,0.00026731,0.02321371,0.04635493,0.01911852,0.01337296,0.00243983,0.00089489,2.35961914,0.01531233,0.02581241,0.00030280,0.02317992,0.00180016,0.32765076,0.15554841,0.00402321,0.00060698,1.15521550,0.00992017,0.01279428,0.05236405,0.00693206,0.00301937,0.00015872,0.33037910,0.00000000,0.02146664,0.00016842,0.00000000,0.00041849,0.00241496,0.33733854,0.15008117,0.00000000,0.00948549,0.03559150,0.00761647,0.26846328,0.08570686,0.00000000,0.02883347,0.00000000,0.00142052,0.00000000,0.13999178,0.00536370,0.00302823,0.02460261,0.01742947,0.00073165,0.00069073,0.02253377,0.00482735,0.03554640,0.01390915,0.00514829,0.00000000,0.00000000,0.01430686,0.01754097,0.00066416,0.12267626,0.23302296,0.01179292,0.03575097,0.00875274,0.02309947,0.00000000,0.78156114,0.00000000,0.24102741,0.00204506,0.00172161,0.02469802,0.00518104,0.00000000,0.02501462,0.02315011,0.00731385,0.09627714,0.00000000,0.00000000,0.02320293,0.02203386,0.13365518,0.00211521,0.00591581,0.00289348,0.26287976,0.00000000,0.00220569,0.57794201,0.00272597,0.02157848,0.00774979,0.00000000,0.00000000,0.00000000,0.00908804,0.00079938,0.02045356,0.00662410,0.00000000,0.04103471,0.17821479,0.02810182,0.00000000,0.00000000,0.00000000,0.00514412,0.02442248,0.01865283,0.00000000,0.00408344,0.03776164,0.00882567,0.05037760,0.00044666,0.00663275,0.00119170,0.05583119,0.00000000,0.10824814,0.01582094,0.00000000,0.00000000,0.00522645,0.51334250,0.00000000,0.09958838,0.03607472,0.01119167,0.04680481,0.00055640,0.00122264,0.00000000,0.00000000,0.06024077,0.00000000,0.00000000,0.00000000,0.05076788,0.10325553,0.03877633,0.00000000,0.49552673,2.66427612,0.00456792,0.00122417,0.00477811,0.00676380,0.00731134,0.00104326,0.01171710,0.01658786,0.01960669,0.09079251,0.00466785,0.01343541,0.00000000,0.02653400,0.17527875,0.07045506,0.00072449,0.01452672,0.00000000,0.00457645,0.19610061,0.00400488,0.01645875,0.00086248,0.04229671,0.00341803,0.00000000,0.05185528,0.00080995,0.00416512,0.00000000,0.12392865,0.00004945,0.09497715,0.01585936,0.05739195,0.00767831,0.26305717,0.00109585,0.00846436,0.00000000,0.31344837,0.05734453,0.16172916,0.00086079,0.00000000,0.00883056,0.00414398,0.26753831,0.00000000,0.00602199,0.00280136,0.41519919,0.00000000,0.01496796,0.00486228,0.00057145,0.00540165,0.00713062,0.00040467,0.00188445,0.12559482,0.00537553,0.00031522,0.00116083,0.00000000,0.01894848,0.01305777,0.09245029,0.02872858,0.00000000,0.01270667,0.00306747,0.00832095,0.23916626,2.06775761,0.13382573,1.59589529,0.00836229,0.02240780,0.02480504,0.00000000,0.00662199,0.00081580,0.04567489,0.00000000,0.00312260,0.00343080,0.04005268,0.01060166,0.14191225,0.00098843,0.00692278,0.01154950,0.00752716,0.00056079,0.00573580,0.00428454,0.00000000,0.09095852,0.00000000,0.00079958,0.00325893,0.00359699,0.00000000,0.00000000,0.14573729,0.00719434,0.00032305,0.00485517,0.01402222,0.00000000,0.01255919,0.00000000,0.43845800,0.00000000,0.00065730,0.01206534,0.00000000,0.13124706,0.00000000,0.00150273,0.03567113,0.00760416,0.04726954,0.00000000,0.13294488,0.12974767,0.00051070,0.00000000,2.46073174,0.00148148,0.01234538,0.02250142,0.00654810,0.00576553,1.44258833,0.01090558,0.00387694,0.00149388,0.58682972,0.00787526,0.01182496,0.00000000,0.00364219,0.00054929,0.44634902,0.03499045,0.03649433,0.00000000,0.40609267,0.00183700,0.00000000,0.00000000,0.00000000,0.03277961,0.00000000,0.67301613,0.00000000,0.10432464,0.00000000,0.00267339,0.71919364,0.36850703,0.00000000,0.00806683,0.02062262,0.08033745,0.00102150,0.84082335,0.00777278,0.23509789,0.00249989,0.00000000,0.00000000,0.00263230,0.00050751,0.04288337,0.04003305,0.01504341,0.00270862,0.24231419,0.00042459,0.02065552,0.00278872,0.00000000,0.00330780,0.01812650,0.00000000,0.00000000,0.26707575,0.00738774,0.02498361,0.05502572,0.00640140,0.17020003,0.00796461,0.00010760,0.00000000,0.01054473,0.02720013,0.05898964,0.00000000,0.00938339,0.03446988,0.04967176,0.61307126,0.09138095,0.23032011,0.00000000,0.00000000,0.05678522,0.00000000,0.00000000,0.00209274,0.00589089,0.05658247,0.00012716,0.00500512,0.08190832,0.10559985,0.00115932,0.00122548,0.00000000,0.00011227,2.39679265,0.00462663,0.02327465,0.02625486,0.00156207,0.15831847,0.00055911,0.37520126,0.00000000,0.03952404,0.73235613,0.06848611,0.02140529,0.21519479,0.29997563,0.00002298,0.00451211,0.18091644,0.00353570,0.04691449,0.00042240,0.03502314,0.01291594,0.00804865,0.00053574,0.00000000,0.02651905,0.00986051,0.00005774,0.01910586,0.00000000,0.00430516,0.00000000,0.11562698,0.02102526,0.00007483,0.00467673,0.00000000,0.00487298,0.00027085,0.00221984,0.52440822,0.01200217,0.00013240,0.09747395,0.00288054,0.39673164,0.02229945,0.02435834,1.43975663,0.01446476,0.00000000,0.19070593,0.00000000,0.13581207,0.34051603,0.01804385,0.00000000,0.00000000,0.36188927,0.00000000,0.13752946,0.00000000,0.02518601,0.00000000,0.04936418,0.00000000,0.47421882,0.00277319,0.05318532,0.01775399,0.00000000,0.00000000,0.00646829,0.00000000,0.01598311,0.00155168,0.03165169,0.00935714,0.00000000,0.00000000,0.00038304,0.03959647,0.00022506,0.00348373,0.03682411,0.00355198,0.00207791,0.00000000,0.00066862,0.09313621,0.00000000,0.08675625,0.32404718,2.72118711,0.00000000,0.00000000,0.00000000,0.04066493,0.13895918,0.00000000,0.00388686,0.00131558,0.00000000,0.02847744,0.00000000,0.02337163,0.00000000,0.08317915,0.00220672,0.01000925,0.01591916,0.03730499,0.00000000,0.00000000,0.00041620,0.18115391,0.00000000,0.17527048,0.00431060,0.54259181,0.08957575,0.04984365,0.01024895,0.00240776,0.00458733,0.03054578,0.00000000,0.00891014,0.19214079,0.00000000,0.26849985,0.03115700,0.04911846,0.02402645,0.00407248,0.15062705,0.00022288,0.01684257,0.00452035,0.00000000,0.05740877,0.03880823,0.00000000,0.11852143,0.02840362,0.01482897,0.02855491,0.00291009,0.00836712,0.00000000,0.01481036,0.05994410,0.00883715,0.01366123,0.00842379,0.01767806,0.09944200,0.02315363,0.39373058,0.01204204,0.01242361,0.00131817,0.03352775,0.09169207,0.00027795,0.00315523,0.09295984,0.00000000,0.29969049,0.00000000,0.00366513,0.01847621,0.00574848,0.29477352,0.01542315,0.00207947,1.53534770,0.01490048,0.42452812,0.96091139,0.00000000,0.00000000,0.01075355,0.00000000,0.01803667,0.09533959,0.00000000,0.13535324,0.18077706,0.06155731,0.00013353,0.00282196,0.02861054,0.00244130,0.00257226,0.00000000,0.01037221,0.02003484,0.25562328,0.04176240,0.00000000,0.00000000,0.00000000,0.12696208,0.00509353,3.40884066,0.03891021,0.11379574,0.01522365,0.00041872,1.11558139,0.00992387,0.00000000,0.00000000,0.00023605,0.00000000,0.01119588,0.00000000,0.00202134,0.00236561,0.00254400,0.13452648,0.02989280,0.02909975,0.15774973,0.00186626,0.00000000,0.01038735,0.01223736,0.08231977,0.00179611,0.02013788,0.00999103,0.35218611,0.00079049,0.09513258,0.00240621,0.00000000,0.05640885,0.07940695,0.00000000,0.13772571,0.00000000,0.00105804,0.00995404,0.01803794,0.01014778,0.03547362,0.28585860,0.00000000,0.00000000,0.00000000,0.02226533,0.00290673,0.03358374,0.00137792,0.00957323,0.06076087,0.00000000,0.00000000,0.04742028,0.04535766,0.00000000,0.00003630,0.00000000,0.05156684,0.00000000,0.00000000,0.03703842,0.02812386,0.00109862,0.26778421,0.00256989,0.32438257,0.00325861,0.13178974,0.08427758,0.09234304,0.24273854,0.01004923,0.01607078,0.08210294,0.00000000,0.00000000,0.16193204,0.00073563,0.05039528,0.03668933,0.08327935,0.00000000,0.03091894,0.00475430,0.07522182,0.00009594,0.00000000,0.00573867,0.06012329,0.00320560,0.09991401,0.00000000,0.01090975,0.05810266,0.00000000,0.04452681,0.00000000,0.05501834,0.14760195,0.00000000,0.00000000,0.07710871,0.04930735,0.00918144,0.02274021,0.01071633,0.01366200,0.00513508,0.03720000,0.02701631,0.05141436,0.00932397,0.00885673,0.10482939,0.00883885,0.00000000,0.03515975,0.00017728,0.04095361,0.01940536,0.15490353,0.00000000,0.00000000,0.47319499,0.00000000,0.01044632,0.00272220,0.00885432,0.11654152,0.11850435,0.05851960,0.03535125,0.19275901,0.00000000,0.02177741,0.00000000,0.20297350,0.01554385,0.03093090,0.02360240,0.08760295,0.00407619,0.00000000,0.01374339,0.00000000,0.05411587,0.00000000,0.00000000,0.02727757,0.08662535,0.21729463,0.29912972,0.02623397,0.00540132,0.03101984,0.01234117,0.02014059,0.01956719,0.06320913,0.10165498,0.39901158,0.00000000,0.07388244,0.03103716,0.00064331,0.00000000,0.01609505,0.00011569,0.00017158,0.18137278,0.00091892,0.02972701,0.00058291,0.02940087,0.00000000,0.09290329,0.09169383,0.00341151,0.00000000,0.30650944,0.06788097,0.00000000,0.01207383,0.03679801,0.05450505,0.06662669,0.03696780,0.00000000,0.00511973,0.14065254,0.00653148,0.00000000,0.00740837,0.02175295,0.00000000,0.00000000,0.00000000,0.03598395,0.12948009,0.00568615,0.11410689,0.35217428,0.18903482,0.65268505,0.18580142,0.04775304,0.04124798,0.04989463,0.05053565,0.03431812,0.14093089,0.00318288,0.01624187,0.08216638,0.00000000,0.00712991,0.01514549,0.00000000,0.00710722,0.01942884,0.00000000,0.12414455,0.18114874,0.01500521,0.01066439,0.00909729,0.00000000,0.00057535,0.00000000,0.09854532,0.00000000,0.01514140,0.01363460,0.00569548,0.00000000,0.00271253,0.00000000,0.02160379,0.00094007,0.06925718,0.05590522,0.02848299,0.18122138,0.25475675,0.00000000,0.01115328,0.00000000,0.00442804,0.46689588,0.49447080,0.01260759,0.00420132,0.07947718,0.01344633,0.01061324,0.00000000,0.00000000,0.08656676,0.00000000,0.01654199,0.07068899,0.05638063,0.00636722,0.01209394,0.00221027,0.01532362,0.00000000,0.04360293,0.13085799,0.04149399,0.00518234,0.00000000,0.00511346,0.03298716,0.07773030,0.16523571,0.00000000,0.02505498,0.04636687,0.00000000,0.12426578,0.02058497,0.00000000,0.05059815,0.00412643,0.00000000,0.01449374,0.00000000,0.00000000,0.05544195,0.00000000,0.02928245,0.04622289,0.00428081,0.00177905,0.00464287,0.00000000,0.18669155,0.00000000,0.00783422,0.01166986,0.22233663,0.00000000,0.03077680,0.03325962,0.22081572,0.02258642,0.15027688,0.05592150,0.03802707,0.00321660,0.04343513,0.00918742,0.04211850,0.03279828,0.02011778,0.00000000,0.09740703,0.00559821,0.02684987,0.00528342,0.04082019,0.02783073,0.00000000,0.16624102,0.17836198,0.00000000,0.04260051,0.07292752,0.02273032,0.00581589,0.00000000,0.02727476,0.00850907,0.00071467,0.01013555,0.00000000,0.00000000,0.00186634,0.01329771,0.08020861,0.02011867,0.00187262,0.00357256,0.00234254,0.00508008,0.03471937,0.04613670,0.00000000,0.00583870,0.06150723,0.78880066,0.13579735,0.05041075,0.00000000,0.04765960,0.00000000,0.05206225,0.04491453,0.00566359,0.00753646,0.31995979,0.13139319,0.73757982,0.04122173,0.07097203,0.02463107,0.00799894,0.03119178,0.00000000,0.06680132,0.00000000,0.00000000,0.00000000,0.08959019,0.01558937,0.04985909,0.00013323,0.36065710,0.10378482,0.00123329,0.02524011,0.03445193,0.05354717,0.00000000,0.08418928,0.09971365,0.00000000,0.00171230,0.15020874,0.05794828,0.00000000,0.00946234,0.08907992,0.00000000,0.27885598,0.00000000,0.05792560,0.00000000,0.00000000,0.00916403,0.30453917,0.00984223,0.00013689,0.02166278,0.06896554,0.00000000,0.09716234,0.04876841,0.00000000,0.02911805,0.00039031,0.02414595,0.14031288,0.01846092,0.41706356,0.12879081,0.00000000,0.13512063,0.00325046,0.09711816,0.00212673,0.00117290,0.01760675,0.00000000,0.02929116,0.00000000,0.00071771,0.01255377,0.01580429,0.01126591,0.34233627,0.00000000,0.01182925,0.00000000,0.02110330,0.00378124,0.06655733,0.01095125,0.01232151,0.01205174,0.00000000,0.00000000,0.02131477,0.08138047,0.00632558,0.00043354,0.09835039,0.01858836,0.01654695,0.34339252,0.04666791,0.04963688,0.06910567,0.01579329,0.00000000,0.07769023,0.01271808,0.00905194,0.00734143,0.05514577,0.01165541,0.13074405,0.00156211,0.00000000,0.00000000,0.01906622,0.19729924,0.00000000,0.21397419,0.03599123,0.02461775,0.26031521,0.10586612,0.08577363,0.00000000,0.00161978,0.01395654,0.00722528,0.00985097,0.00394672,0.02583488,0.00131751,0.11387879,0.04117321,0.00000000,0.00358955,0.00000000,0.00000000,0.00028055,0.02464936,0.01777684,0.01412094,0.00000000,0.01704704,0.04817244,0.00413202,0.00000000,0.12971798,0.00143147,0.00179107,0.00425857,0.00063271,0.00000000,0.00000000,0.16333304,0.08698490,0.00000000,0.00000000,0.16262299,0.00000000,0.00766752,0.08940510,0.00368961,0.00000000,0.02570658,0.00551228,0.09250099,0.00230573,0.00289166,0.03250349,0.00081571,0.00000000,0.01570425,0.00439580,0.04021990,0.00000000,0.00003984,0.24634430,0.01011799,0.00000000,0.04492285,0.00306081,0.04171352,0.00000000,0.04775001,0.02837042,0.00544905,0.00000000,0.00000000,0.32965413,0.00814497,0.00000000,0.01370492,0.37794289,0.00421854,0.00076834,0.04571097,0.01039309,0.50104469,0.00372873,0.09939510,0.00837118,0.04501516,0.04992844,0.06929578,0.01171529,0.00130472,0.01193734,0.10620153,0.00081457,0.03839153,0.09550978,0.08419955,0.05318940,0.19746505,0.00000000,0.15861855,0.03696137,0.00000000,0.00000000,0.03338993,0.00000000,0.02273071,0.00000000,0.11909577,0.28018251,0.21451531,0.00000000,0.01626251,0.00000000,0.00000000,0.27544087,0.00558016,0.00000000,0.00073141,0.00000000,0.00000000,0.23170759,0.12971446,0.02077062,0.13241921,0.05382729,0.08852290,0.02966265,0.07595783,0.00244647,0.00000000,0.01164285,0.05437441,0.00464808,0.00000000,0.06079990,0.35152048,0.11306778,0.00000000,0.00702433,0.00000000,0.02312502,0.00000000,0.22999768,0.13861939,0.11387718,0.00000000,0.00000000,0.00000000,0.00186118,0.07886229,0.19749348,0.00162550,0.01096546,0.00734877,0.03523079,0.05574081,0.02787350,0.00000000,0.01325198,0.00325117,0.10316893,0.00000000,0.09093863,0.00034006,0.05290445,0.01365057,0.00673219,0.00000000,0.03233162,0.06866361,0.01980942,0.00013664,0.00000000,0.00000000,0.00000000,0.00996113,0.13162999,0.24430324,0.00000000,0.00289480,0.03105401,0.02866056,0.02293336,0.03037567,0.02520989,0.00870020,0.05681330,0.02749883,0.00000000,0.00000000,0.00000000,0.02848708,0.00807332,0.13349563,0.00000000,0.00330726,0.04841558,0.02603606,0.02058110,0.05512167,0.00482639,0.02591674,0.40548056,0.01784641,0.12132847,0.00000000,0.35355377,0.83574682,0.03420117,0.00000000,0.03292535,0.02959300,0.08418305,0.00206754,0.02640716,0.06574360,0.00643054,0.00000000,0.08010664,0.04774838,0.20698491,0.00000000,0.02235581,0.08968192,0.01088614,0.02172518,0.07488513,0.00000000,0.72754043,0.00000000,0.00442401,0.00704069,0.00021206,0.01353719,0.01136319,0.00542645,0.00081788,0.00234651,0.00698586,0.00000000,0.01196895,0.79837257,0.05185432,0.00588844,0.05688186,0.00000000,0.29839745,0.40198076,0.00933178,0.01111395,0.00415932,0.00022375,0.02267954,0.01414888,0.12013540,0.02627371,0.00000000,0.04136835,0.00496933,0.00000000,0.00736598,0.26363304,0.00911211,0.11654568,0.24696939,0.00000000,0.05645519,0.00318333,0.21871409,0.00000000,0.01717181,0.00000000,0.00131717,0.08300215,0.00903964,0.03750455,0.00879257,0.04898756,0.14634663,0.01795270,0.01194597,0.00338509,0.00000000,0.03479486,0.00051286,0.14978047,0.00146492,0.12073269,0.02089468,0.02264674,0.00561026,0.01729240,0.00310727,0.01077105,0.00113165,0.21575424,0.05503916,0.00000000,0.02235588,0.01043195,0.00283463,0.07603022,0.33352906,0.00647468,0.05347079,0.00030480,0.00001324,0.00000000,0.00670967,0.02810755,0.00000000,0.00000000,0.02266113,0.08279423,0.01673774,0.01472219,0.00000000,0.00572706,0.00748253,0.05165429,0.04433293,0.50769913,0.07628611,0.00834204,0.02418873,0.00000000,0.00000000,0.00017541,0.01150470,0.00000000,0.01804652,0.00185803,1.27674210,0.03693336,0.00000000,0.00305185,0.01074067,0.00174934,0.28733814,0.00381047,0.00121116,0.04402924,0.27876437,0.00312263,0.00000000,0.02342103,0.00317842,0.00000000,0.00893578,0.00000000,0.00534015,0.02439076,0.00022332,0.01719423,0.08839281,0.00000000,0.07273553,0.00358593,0.00000000,0.10647354,0.00000000,0.04021847,0.00000000,0.11594830,0.06922413,0.08696295,0.18456298,0.00682082,0.05716820,0.06773735,0.01476431,0.00918244,0.01202475,0.00000000,0.00000000,0.05120981,0.03355779,0.00000000,0.00000000,0.01921778,0.05600640,0.01693437,0.03819738,0.00000000,0.00000000,0.04158743,0.07292213,0.00031022,0.05018928,0.45186010,0.44498590,0.48976919,0.00000000,0.12869056,0.00259902,0.00000000,0.00698296,0.21618116,0.00707924,0.08545953,0.05739433,0.08625618,0.03043461,0.00249074,0.00216954,0.19284454,0.02898611,0.12023620,0.02914271,0.27414334,0.00093207,0.01467082,0.00943480,0.02757763,0.00000000,0.00058532,0.00032944,0.00567466,0.00229740,0.00557775,0.00143643,0.00001338,0.13690241,0.01803148,0.17979173,0.00539702,0.00000000,0.00310357,0.01825592,0.00185727,0.00000000,0.10949453,0.00000000,0.00125141,0.10517742,0.01147077,0.00000000,0.00748012,0.50379246,0.00000000,0.10318004,0.13467106,0.04265756,0.00000000,0.00000000,0.15824005,0.00141921,0.05547479,0.30113924,0.00000000,0.03213882,0.00000000,0.03945472,0.01687244,0.08399836,0.00685746,0.12017208,0.00117184,0.00000000,0.03251774,0.01446662,0.06028390,0.00000000,0.00000000,0.18967511,0.00197728,0.00000000,2.21951461,0.07808044,0.04594272,0.00585800,0.08779164,0.03298552,0.01224089,0.00000000,0.00000000,0.00959998,0.00000000,0.06741050,0.07378229,0.02056964,0.15665191,0.00141063,0.04075396,0.00669143,0.04531976,0.00508375,0.00000000,0.02608535,0.00048920,0.00953536,0.16283758,0.00713066,0.20285685,0.00000000,0.00000000,0.23339003,0.07370576,0.01391955,0.04586784,0.16043264,0.10481209,0.00000000,0.16892014,0.07432669,0.03058422,0.04454271,0.00627796,0.00000000,0.36539257,0.00000000,0.00164222,0.01342644,0.00000000,0.00000000,0.00000000,0.10236530,0.78323948,0.26431113,0.22424363,0.01404866,0.07720330,0.05004568,0.06981153,0.00000000,0.09475944,0.08255371,0.04673457,0.03081240,0.04510920,1.67929006,0.01862187,0.02620307,0.00000000,0.02679569,0.02822417,0.00000000,0.19247565,0.04644915,0.00742077,0.00206965,0.10016124,0.11122098,0.00000000,0.52262920,0.00000000,0.00521065,0.00301513,0.44100094,0.04825327,0.02043183,0.07675947,0.01288744,0.01830646,0.00000000,0.00000000,0.00020149,0.00000000,0.00000000,0.00000000,0.02207572,0.05869303,0.00000000,0.04903201,0.00000000,0.02648898,0.00038043,0.02250488,0.00149710,0.05669774,0.03834754,0.11725391,0.00018949,0.00848475,0.33212438,0.12592812,0.02687537,0.00000000,0.03460038,0.04822864,0.01052554,0.00145227,0.02415949,0.00163699,0.11612684,0.00000000,0.00135841,0.00000000,1.06125391,0.00500955,0.05559671,0.02990940,0.04983938,0.68678170,0.41769308,0.00540317,0.07499150,0.32568279,0.02317773,0.18571281,0.00715752,0.08842860,0.61117345,0.02580123,0.01464153,0.03105252,0.00000000,0.11706146,0.00380842,0.04843647,0.02232382,0.00956371,0.00221003,0.02075322,0.04343362,0.01697678,0.23664340,0.00000000,0.00836433,0.00000000,0.00000000,0.05372122,0.38599390,0.00000000,0.00221445,0.01776139,0.00677341,0.00000000,0.00000000,0.01304886,0.00827377,0.12915644,0.00000000,0.04898074,0.01019334,0.00361178,0.01178079,0.00000000,0.00000000,0.17800136,0.01062900,0.05631832,0.00000000,0.78343028,0.00000000,0.01977941,0.00032979,0.03764359,0.00000000,0.09762269,0.05933302,0.01194452,0.01598547,0.00000000,0.02089475,0.00000000,0.27789870,0.00000000,0.17057313,0.49902469,0.01341194,0.03628587,0.04308950,0.10526955,0.01711403,0.00003111,0.03361831,0.00718044,0.07498624,0.00000000,0.00332881,0.00772697,0.02645885,0.05135147,0.00009289,0.03080701,0.00000000,0.00000000,0.37330240,0.03850629,0.00000000,0.02817217,0.00278804,0.03767731,0.00000000,0.06052590,0.00004545,0.13457769,0.02060719,0.07709256,0.06619117,0.03332546,0.06672482,0.00000000,0.00609571,0.00000000,0.05155353,0.01439483,0.00372980,0.27253640,0.01512384,0.00000000,0.06680225,0.25342384,0.14098613,0.01065286,0.00062208,0.05846612,0.04828545,0.16466579,0.37063745,0.00000000,0.03953485,0.06605414,0.01673151,0.11130030,0.16840227,0.48662087,0.01287611,0.00320822,0.02286746,0.21948476,0.11053133,0.03280585,0.00323335,0.01879098,0.04106581,0.01441133,0.00696127,0.00211628,0.00000000,0.08292839,0.00000000,0.00016724,0.00000000,0.00000000,0.02894072,0.00262557,0.02690487,0.02120545,0.03592360,0.01424067,0.02126821,0.06245645,0.13439688,0.00000000,0.00000000,0.03936688,0.00636003,0.00000000,0.02282867,0.00000000,0.14611933,0.05762656,0.01222382,0.04285751,0.00546990,0.00346410,0.00000000,0.15016694,0.18489999,0.00744046,0.15607572,0.04399785,0.03590975,0.39361334,0.00029073,0.00061780,0.01585474,0.00427904,0.05934558,0.15866660,0.13368881,0.01164220,0.00667330,0.00513295,0.00403545,0.02090620,0.00730914,0.00459338,0.00000000,0.04093556,0.00000000,0.16121911,0.00616014,0.01582325,0.03003046,0.02198336,0.05673600,0.00417530,0.02970833,0.00000000,0.07255656,0.14931671,0.02138186,0.25944212,0.00000000,0.04535637,0.00000000,0.66086328,0.00000000,0.03433234,0.03761267,0.00000000,0.00000000,0.06301945,0.04660527,0.00623577,0.01065943,0.00102499,0.00598439,0.00000000,0.06765982,0.02791772,0.00000000,0.00183426,0.00000000,0.03723210,0.00179958,0.01414234,0.06227801,0.03527350,0.00000000,0.00581552,0.01194367,0.01737715,0.01509997,0.00000000,0.00642253,0.03328156,0.26436126,0.24797241,0.00000000,0.00601928,0.00000000,0.21326210,0.03006531,0.02304850,0.01993242,0.07067707,0.05354113,0.08851500,0.01274534,0.01437251,0.06491181,0.00369748,0.00739562,0.14041264,0.04381673,0.00047075,0.34707570,0.00000000,0.02445344,0.00010297,0.02570675,0.02687703,0.00898050,0.01278843,0.03465179,0.00000000,0.00134439,0.00905505,0.00714043,0.14533758,0.00000000,0.00000000,0.00783579,0.00760058,0.02647688,0.17503622,0.00000000,0.01408943,0.01253158,0.03019553,0.00000000,0.04445153,0.20359114,0.02897226,0.06999972,0.03778470,0.02798649,0.02042068,0.00181679,0.00255460,0.06885672,0.00000000,0.41624025,0.10753011,0.01206998,0.00000000,0.79906058,0.02656752,0.00000000,0.04993562,0.00188029,0.02389382,0.03477660,0.00840860,0.07035862,0.04191314,0.02508410,0.01234003,0.00000000,0.07316475,0.02370484,0.01793496,0.00165372,0.00000000,0.07197907,0.03884221,0.03232968,0.21472053,0.00000000,0.00490631,0.00000000,0.20378524,0.04766647,0.00000000,0.00751288,0.00284683,0.11048061,0.02115359,0.19835733,0.24372527,0.00000000,0.00000000,0.00000000,0.41036350,0.00000000,0.47096515,0.00034953,0.00000000,0.00091618,0.02846086,0.06809030,0.00840732,0.00000000,0.00989663,0.03375476,0.00749437,0.04745789,0.01079472,0.28763488,0.00000000,0.00465595,0.04561329,0.02344854,0.00627272,0.20730844,0.15760371,0.01235809,0.00602207,0.00784619,0.00000000,0.04409210,0.00000000,0.06779201,0.02901334,0.00000000,0.00000000,0.00157074,0.00022855,0.00000000,0.07237744,0.07616778,0.04404278,0.16673581,0.07919443,0.05900855,0.01696546,0.00000000,0.39628121,0.20987399,0.00000000,0.00000000,0.07522004,0.00000000,0.40083483,0.00095741,0.00000000,0.00769117,0.00000000,0.00000000,0.01297233,0.05591039,0.00026541,0.03278765,0.00879794,0.00886964,0.11097938,0.03598081,0.27931136,0.00000000,0.00000000,0.20826268,0.00342377,0.00224138,0.00730775,0.00000000,0.00070724,0.02132680,0.03820846,0.03216661,0.03474727,0.00425908,0.00236766,0.59356165,0.02166469,0.01906976,0.00080113,0.03699879,0.00313548,0.28760403,0.13966186,0.01017743,0.00160591,0.65212333,0.01043235,0.03113013,0.08490834,0.01224392,0.00451827,0.00041994,0.33342719,0.00000000,0.05089481,0.00044559,0.00000000,0.00110721,0.00427399,0.14552434,0.15671456,0.00000000,0.01629902,0.03458033,0.01258309,0.13579446,0.09173925,0.00000000,0.03612488,0.00000000,0.00375833,0.00000000,0.12141117,0.00951017,0.00582099,0.06323294,0.01621777,0.00193575,0.00182751,0.02758481,0.01027910,0.02912575,0.02226922,0.01362110,0.00000000,0.00000000,0.01637403,0.02240463,0.00175720,0.14194283,0.18043764,0.02113203,0.09057388,0.01290850,0.02090245,0.00000000,0.52011490,0.00000000,0.50051367,0.00312575,0.00455496,0.06534482,0.00897734,0.00000000,0.02957394,0.05814259,0.01059693,0.05391869,0.00000000,0.00000000,0.02835638,0.01673025,0.08971314,0.00559632,0.01565176,0.00765543,0.35465083,0.00000000,0.00583570,0.29923952,0.00658584,0.02811617,0.01646752,0.00000000,0.00000000,0.00000000,0.02404470,0.00211496,0.05411504,0.01045938,0.00000000,0.10856763,0.18886350,0.07435042,0.00000000,0.00000000,0.00000000,0.00642190,0.04299473,0.01030136,0.00000000,0.01080377,0.05166160,0.02302017,0.03275806,0.00105239,0.01418376,0.00315293,0.06070223,0.00000000,0.11308537,0.02526578,0.00000000,0.00000000,0.00624121,0.34650430,0.00000000,0.14729562,0.03149052,0.02961038,0.11508242,0.00096954,0.00212462,0.00000000,0.00000000,0.03490238,0.00000000,0.00000000,0.00000000,0.05507008,0.06734925,0.06030412,0.00000000,0.49406514,1.10745835,0.00982415,0.00323885,0.01264169,0.01091762,0.01301983,0.00276020,0.01118680,0.02895446,0.03341122,0.09326924,0.00652036,0.03297795,0.00000000,0.02278868,0.29517984,0.06271278,0.00191682,0.02583113,0.00000000,0.01120455,0.20749927,0.00588139,0.02232508,0.00228190,0.03540769,0.00904326,0.00000000,0.05211803,0.00140368,0.00692132,0.00000000,0.09186184,0.00013083,0.09425188,0.01229909,0.04097698,0.00819129,0.13208406,0.00219242,0.02100306,0.00000000,0.30543894,0.15171936,0.23034830,0.00227743,0.00000000,0.01725201,0.00611823,0.20148608,0.00000000,0.01593269,0.00283757,0.53912914,0.00000000,0.03960149,0.01286439,0.00124351,0.00991245,0.01886586,0.00107066,0.00498579,0.25108877,0.01422231,0.00054338,0.00231548,0.00000000,0.02797312,0.02044152,0.06501629,0.05736216,0.00000000,0.02540437,0.00472231,0.00847384,0.19503306,0.66833085,0.12110312,0.72966272,0.00947371,0.02560929,0.04224819,0.00000000,0.01631556,0.00215840,0.03083709,0.00000000,0.00440541,0.00639206,0.05792303,0.01246552,0.10793131,0.00261513,0.01700445,0.02093657,0.00906403,0.00148370,0.01517550,0.00946985,0.00000000,0.07341108,0.00000000,0.00211550,0.00862231,0.00498614,0.00000000,0.00000000,0.20852993,0.01432861,0.00085471,0.00869494,0.01696705,0.00000000,0.01921506,0.00000000,0.49289909,0.00000000,0.00173906,0.02153754,0.00000000,0.07188030,0.00000000,0.00242892,0.02090447,0.01300809,0.04755018,0.00000000,0.09874313,0.08646719,0.00108642,0.00000000,0.69226521,0.00391964,0.01972142,0.01534813,0.00977074,0.01462608,0.65459532,0.01808795,0.00457812,0.00258750,0.35269991,0.00855751,0.02058718,0.00000000,0.00502241,0.00145330,0.31778568,0.04221403,0.05066345,0.00000000,0.21430953,0.00486025,0.00000000,0.00000000,0.00000000,0.04732497,0.00000000,0.43759128,0.00000000,0.07353140,0.00000000,0.00358093,0.52468729,0.14069003,0.00000000,0.02134282,0.05456233,0.05887015,0.00204371,0.25235623,0.01128649,0.14071363,0.00604896,0.00000000,0.00000000,0.00515119,0.00134275,0.10328820,0.02966098,0.02410240,0.00716634,0.15312098,0.00112335,0.02074179,0.00737826,0.00000000,0.00875161,0.04795823,0.00000000,0.00000000,0.50783741,0.01050719,0.02166120,0.03945395,0.00574855,0.08560751,0.01918588,0.00028467,0.00000000,0.01311255,0.07196477,0.10364771,0.00000000,0.02326312,0.03748697,0.03612900,0.57616192,0.20508689,0.16145630,0.00000000,0.00000000,0.07469018,0.00000000,0.00000000,0.00553686,0.01043202,0.09794445,0.00033644,0.01204868,0.14017351,0.08056839,0.00306728,0.00324231,0.00000000,0.00029703,0.88778394,0.01224091,0.02607812,0.02520961,0.00413284,0.10769849,0.00087911,0.09216730,0.00000000,0.09380452,0.42927897,0.09170499,0.04117527,0.04302143,0.35515144,0.00006081,0.00580686,0.07063813,0.00935458,0.04704402,0.00111757,0.07594608,0.02072670,0.01461143,0.00141743,0.00000000,0.07016283,0.02403104,0.00015277,0.02582781,0.00000000,0.01037824,0.00000000,0.08148194,0.02714257,0.00019798,0.00869976,0.00000000,0.00976121,0.00071659,0.00587315,0.51514155,0.01559427,0.00035030,0.13847324,0.00563090,0.14905006,0.03808598,0.02828219,0.46132743,0.02081449,0.00000000,0.09290639,0.00000000,0.23136285,0.17508607,0.02004766,0.00000000,0.00000000,0.22284643,0.00000000,0.06891635,0.00000000,0.01677081,0.00000000,0.11779120,0.00000000,0.35820806,0.00612620,0.05973394,0.02809832,0.00000000,0.00000000,0.01651879,0.00000000,0.02754321,0.00352002,0.03048383,0.01646280,0.00000000,0.00000000,0.00087439,0.04156323,0.00059545,0.00921708,0.03862842,0.00753842,0.00549762,0.00000000,0.00176899,0.07122592,0.00000000,0.07629545,0.20304336,0.59977317,0.00000000,0.00000000,0.00000000,0.04670024,0.25546864,0.00000000,0.00563931,0.00348069,0.00000000,0.03432636,0.00000000,0.02271128,0.00000000,0.13676216,0.00583843,0.02004868,0.02134768,0.03776246,0.00000000,0.00000000,0.00110117,0.08639824,0.00000000,0.20871907,0.00743014,0.24768379,0.06444703,0.03724416,0.02711617,0.00637034,0.00801498,0.03228479,0.00000000,0.02357402,0.13591501,0.00000000,0.23464796,0.07617534,0.05178705,0.02480114,0.00569973,0.17641006,0.00058969,0.01856901,0.00962900,0.00000000,0.07666715,0.04153515,0.00000000,0.16560297,0.05224331,0.01847242,0.04480710,0.00745188,0.01132227,0.00000000,0.02917790,0.04062990,0.01404897,0.03015423,0.02228726,0.03655263,0.16388181,0.06125874,0.24015063,0.01878140,0.02784058,0.00289606,0.03881463,0.09442990,0.00073538,0.00834796,0.05452853,0.00000000,0.20037983,0.00000000,0.00689768,0.01863388,0.00914523,0.25053293,0.01828263,0.00550176,0.71937048,0.03942297,0.12988845,0.49074501,0.00000000,0.00000000,0.01631720,0.00000000,0.03575121,0.14475192,0.00000000,0.09585355,0.17566751,0.03011966,0.00035329,0.00421750,0.03390216,0.00380142,0.00598305,0.00000000,0.02316314,0.04012071,0.16161081,0.07808888,0.00000000,0.00000000,0.00000000,0.08871788,0.00594333,1.27366734,0.04789929,0.07725585,0.02662221,0.00110784,0.48452997,0.01002141,0.00000000,0.00000000,0.00040954,0.00000000,0.01562630,0.00000000,0.00469689,0.00625883,0.00673078,0.08927088,0.06585404,0.07682489,0.09430009,0.00341970,0.00000000,0.01129565,0.03237702,0.07063636,0.00475205,0.02427653,0.02599482,0.14432356,0.00209143,0.04002248,0.00461272,0.00000000,0.04167666,0.06699284,0.00000000,0.12354995,0.00000000,0.00279930,0.01730798,0.01588673
6041,data/pair/6041/RHEED/End of AlSb.MOV,manifest_specified_rheed_path,20.400000,612,8,0.06367064,0.00334808,0.36674774,0.00000000,0.04966433,0.00000000,0.03986242,0.01676926,0.11642317,0.00619802,0.06218442,0.01950531,0.00000000,0.00240525,0.22193114,0.06376209,0.00000000,0.00185498,0.00000000,0.01981187,0.00000000,0.00000000,0.00100128,0.03392560,0.00366221,0.13650842,0.00000000,0.43969384,0.00018991,0.10992242,0.36730930,0.14291240,0.47088137,0.01394263,0.00476196,0.23942918,0.00071154,0.00000000,0.06257223,0.00106143,0.00000000,0.10660276,0.03553060,0.00000000,0.23018587,0.00061252,0.41817489,0.00277968,0.00000000,0.00537777,0.00227633,0.00672639,0.19321021,0.00000000,0.00739586,0.07896224,0.00000000,0.05375770,0.00000000,0.18443339,0.29000029,0.00303928,0.00000000,0.02935866,0.01266573,0.00000000,0.00239165,0.02128993,0.00449492,0.00000000,0.09035989,0.00006009,0.10832730,0.01608975,0.00229856,0.29497644,0.01515717,0.00000000,0.03274756,0.00000000,0.04858483,0.00132958,0.05837230,0.01771966,0.00345337,0.29692042,0.00000000,0.03722359,0.00000000,0.02012706,0.05502344,0.23090851,0.04876797,0.09588256,0.16260661,0.00000000,0.04056656,0.00052614,0.20052111,0.00046641,0.01035470,0.28322864,0.35898307,0.00050070,0.00000000,0.03073887,0.00000000,0.02538275,0.00000000,0.00000000,0.00287057,0.01953022,0.31996882,0.42951834,0.00000000,0.01495618,0.02617002,0.06387130,0.10694093,0.03942022,0.00308175,0.13210225,1.45958900,0.00000000,0.10296445,0.01353431,0.01047334,0.01235638,0.00904974,0.00000000,0.00000000,0.50669944,0.00734355,0.03685816,0.00053214,0.01845537,0.00000000,0.09720398,0.54324687,0.00548188,0.00000000,1.16972733,0.01817049,0.00574153,0.01416596,0.02557757,0.04242243,0.10995185,0.02665018,0.00000000,0.00042490,0.11326157,0.00505939,0.00000000,0.00320785,0.00000000,0.00045114,0.00000000,0.00000000,0.12619084,0.09093976,0.00000000,0.05744870,0.57304978,0.09748849,0.22962159,0.13395908,0.01139399,0.04586547,0.00000000,0.05784938,0.04974141,0.15034634,0.00165124,0.00000000,0.02162888,0.00000000,0.00344818,0.00865741,0.00000000,0.05067207,0.04588118,0.00000000,0.29226607,0.13206951,0.09528267,0.00000000,0.00508647,0.00000000,0.00007602,0.00155962,0.13065094,0.00000000,0.00343600,0.01996991,0.01457028,0.00181551,0.00000000,0.00076677,0.01107568,0.05999858,0.06982121,0.24771921,0.06353311,0.59134591,1.16091073,0.00029870,0.05482712,0.00025586,0.00285666,0.76648355,1.64548588,0.00253117,0.00020345,0.12217820,0.02180217,0.11900218,0.00944490,0.00519523,0.33024776,0.00000000,0.00135132,0.05494577,0.05549639,0.00481644,0.00155938,0.00537958,0.00603348,0.00000000,0.00000000,0.07336103,0.00022926,0.01784724,0.00000000,0.00277804,0.00020666,0.19763264,0.09658191,0.00000000,0.03828269,0.07025763,0.00120111,0.36228245,0.01044482,0.01307759,0.09468259,0.00401876,0.00417184,0.03053826,0.00000000,0.00144925,0.00306468,0.01511272,0.00914870,0.06942982,0.00221084,0.00000000,0.01030900,0.00417672,0.24656819,0.00000000,0.01354838,0.02140529,0.20780174,0.00000000,0.05356035,0.07645020,0.41704762,0.02872662,0.07963871,0.03301466,0.01609215,0.00000000,0.09949746,0.01974179,0.29651284,0.00000000,0.00000000,0.00000000,0.00694187,0.00000000,0.00485909,0.00000000,0.03089206,0.01628639,0.00000000,0.25222766,0.51333654,0.00000000,0.01483289,0.00969925,0.01525267,0.00013105,0.00557517,0.01780092,0.01522965,0.00019169,0.01778821,0.00720502,0.00792360,0.02013357,0.00000000,0.35844162,0.05654106,0.00045031,0.02338163,0.00000000,0.00898568,0.21141231,0.05814938,0.00000000,0.00138498,0.04700134,1.64577627,0.09982426,0.02632997,0.00011434,0.00356298,0.00479950,0.00000000,0.05991764,0.02315636,0.01096377,2.09077048,0.12684003,1.13816917,0.10605540,0.09510989,0.00742511,0.01928217,0.02851810,0.00000000,0.10361980,0.00000000,0.00000000,0.00000000,0.09333004,0.00331643,0.09125881,0.01410986,1.27909160,0.14102557,0.01659819,0.01876744,0.03016809,0.03529834,0.04245795,0.02132386,0.07150654,0.00000000,0.00015393,0.04668733,0.03942173,0.00000000,0.03661822,0.12937464,0.00246874,0.24521996,0.00006861,0.00006983,0.00000000,0.00000000,0.00700868,0.85752404,0.00000000,0.00661182,0.09367990,0.12287924,0.00000000,0.06268284,0.04304544,0.00028205,0.02222193,0.00410638,0.02323774,0.07480942,0.00184727,0.23074789,0.06352663,0.00000000,0.12256629,0.00000000,0.03770662,0.01271287,0.00658476,0.01863755,0.00000000,0.07174429,0.00000000,0.00060985,0.00963389,0.00411958,0.00016739,0.33307347,0.00000000,0.04816917,0.00000000,0.04984126,0.03834094,0.15040945,0.00037599,0.01254050,0.05138166,0.00007090,0.00000000,0.04070321,0.04826416,0.00274875,0.00293239,0.11583735,0.02245148,0.02527975,0.05740176,0.02480375,0.04060762,0.17689297,0.02049045,0.00000000,0.12347400,0.06635892,0.00000000,0.00000000,0.02557041,0.00123391,0.04190411,0.00000000,0.00000000,0.00012549,0.05226130,0.53960520,0.00000000,0.17227963,0.06883980,0.02323650,0.51509106,0.21256007,0.18730675,0.00000000,0.00000000,0.03089828,0.06746855,0.01745454,0.00153950,0.00576544,0.00320380,0.06031341,0.04940047,0.00000000,0.00000000,0.01164024,0.00000000,0.00010742,0.04457446,0.03426813,0.05493620,0.00000000,0.00094285,0.01114800,0.01644341,0.00214791,0.04026994,0.01385730,0.00000000,0.01743425,0.00000000,0.00000000,0.00027395,0.24660471,0.16791917,0.00000000,0.00398637,0.04958530,0.00089438,0.00000000,0.13336581,0.00643450,0.00000000,0.05554962,0.00159162,0.23783712,0.00000000,0.00465799,0.04188325,0.00000000,0.00022653,0.00693925,0.01694105,0.08553701,0.00000000,0.00047770,0.19758913,0.00571872,0.00000000,0.19117473,0.00000000,0.00987854,0.00271113,0.02412527,0.25287133,0.00076173,0.00028922,0.00000000,0.15489447,0.00817714,0.00066690,0.00686875,0.80338842,0.09342425,0.00000000,0.08933730,0.00747180,0.67912698,0.00264691,0.04614550,0.02004730,0.01531413,0.03236367,0.06927347,0.01043850,0.00000000,0.00000000,0.01560823,0.00000000,0.12075347,0.07997520,0.08406219,0.03858441,0.33286431,0.00000000,0.04852293,0.05979273,0.00000000,0.00000000,0.04848228,0.02942681,0.07152845,0.06587108,0.05226364,0.53872198,0.25660235,0.00029280,0.00223681,0.00000000,0.00000000,0.15508556,0.00169329,0.00601249,0.00178232,0.00000000,0.00081277,0.08862226,0.05599665,0.00000000,0.14979786,0.00000000,0.05121366,0.00000000,0.09438781,0.00000000,0.00000000,0.00169832,0.03335299,0.00129464,0.00000000,0.10855142,0.26952878,0.47921905,0.00053504,0.01078736,0.00000000,0.00278062,0.00000000,0.25459009,0.19676374,0.35300377,0.00257883,0.00000000,0.00000000,0.00000000,0.15738636,0.75332731,0.00000000,0.00000000,0.01592929,0.16228689,0.02686595,0.06684060,0.00321436,0.00630483,0.02014131,0.11009507,0.00054213,0.11868343,0.00057879,0.05325702,0.01886119,0.01030309,0.00222272,0.01414419,0.04862779,0.00005819,0.00610460,0.00000000,0.00018233,0.00402270,0.00310360,0.15162337,0.47318748,0.05152880,0.00627005,0.07498264,0.01428409,0.02241121,0.02975942,0.05712130,0.00187189,0.01511589,0.05297546,0.00021391,0.00267855,0.00000000,0.00385081,0.04427911,0.01034090,0.00000000,0.02555272,0.00196497,0.02549553,0.05776809,0.06580263,0.00761295,0.00505861,1.36870575,0.06052243,0.11848992,0.00200368,0.96262306,1.70090973,0.00141472,0.00005373,0.04574649,0.07999235,0.12144338,0.00000000,0.00000000,0.00146343,0.00044332,0.00000000,0.02805355,0.06586335,0.09016962,0.00252436,0.04891493,0.10329565,0.01750917,0.00221051,0.20480907,0.00000000,1.63300335,0.00054025,0.00000000,0.00157737,0.08173136,0.01158985,0.31298542,0.00084995,0.00458123,0.00735675,0.00264574,0.00353426,0.00600783,2.36526728,0.03093635,0.00518762,0.09904429,0.00000000,0.18629993,0.78862619,0.02304730,0.01822596,0.00145456,0.01420722,0.03138857,0.01054126,0.01751739,0.07427901,0.00499940,0.02568338,0.00000000,0.00766182,0.03315666,0.04144063,0.01582904,0.00000000,0.76808929,0.00000000,0.07545508,0.00000000,0.04843096,0.00053196,0.00315292,0.00679546,0.00998890,0.00304798,0.00023342,0.05645873,0.03088975,0.03380784,0.09451286,0.00000000,0.00000000,0.05599000,0.00221324,0.01087128,0.00000000,0.14376475,0.00832398,0.23099671,0.00000000,0.00892378,0.00031263,0.02218025,0.00262894,0.00309695,0.00275189,0.08138161,0.07002914,0.00091799,0.00450088,0.00311732,0.00125668,0.08116105,0.77001899,0.00008199,0.01437498,0.00312633,0.00013958,0.00000000,0.00777485,0.05743056,0.00208593,0.00000000,0.15740952,0.07480231,0.00187197,0.00345717,0.00000000,0.01452983,0.00000000,0.04509379,0.00064271,0.28535539,0.01069336,0.00969270,0.01281971,0.01405298,0.00026074,0.00000000,0.05401231,0.00000000,0.09128091,0.00691970,1.65779912,0.14952751,0.00000124,0.00023078,0.04123456,0.00006144,0.32692775,0.00000380,0.01237467,0.03117692,1.08178377,0.00000000,0.00802317,0.00531902,0.01180230,0.00157715,0.01035418,0.00021859,0.02899561,0.02808272,0.00143701,0.02205170,0.08531266,0.00073805,0.14004061,0.00091696,0.01277951,0.19275551,0.00089048,0.17743585,0.00000000,0.10381342,0.23659094,0.23599383,0.32912278,0.00965613,0.05503717,0.06041244,0.00000000,0.00099949,0.02096737,0.00000000,0.00000000,0.13742670,0.14061873,0.00000000,0.00243013,0.02128278,0.09610122,0.00004709,0.04712998,0.00000000,0.00000000,0.01142388,0.10193519,0.00301126,0.07356447,1.81286883,0.36881456,0.31179088,0.00000000,0.03790887,0.00550646,0.00000000,0.00000000,0.12736163,0.01880212,0.02227286,0.18505125,0.15006131,0.10345219,0.00000000,0.00425174,0.45064908,0.00000000,0.09998613,0.01121328,0.37055761,0.00032093,0.02815627,0.05284100,0.02970478,0.00000000,0.00110132,0.01392030,0.00000000,0.00012970,0.01179289,0.00592238,0.00818688,0.41519061,0.04334810,0.49437186,0.00071640,0.00025623,0.00548390,0.00095402,0.00124796,0.00078391,0.03348085,0.00000000,0.00033396,0.04679455,0.00472321,0.00054492,0.02358278,0.82767808,0.00298891,0.23641962,0.17966966,0.04074712,0.00000000,0.00000000,0.14742321,0.00006058,0.00070918,0.53310829,0.00000000,0.04380303,0.00000000,0.00000000,0.03558325,0.04641724,0.00973675,0.79538542,0.00419304,0.00003932,0.02844342,0.00000000,0.18790342,0.00000000,0.00204683,0.24970599,0.00014022,0.00000000,2.83186960,0.21944186,0.01643565,0.00000000,0.05718020,0.11193119,0.00000000,0.00000000,0.00000000,0.01612462,0.00000000,0.22416463,0.14317729,0.01488536,0.24579754,0.00000000,0.11173956,0.00051434,0.00056233,0.00000000,0.00053092,0.03981603,0.00398063,0.02093265,0.09190032,0.02698550,0.10746680,0.00000000,0.00176266,0.64806926,0.26469776,0.00565528,0.04331693,0.02241034,0.06117436,0.00000000,0.01017619,0.04139971,0.00000000,0.03691817,0.00723828,0.00000000,0.38479435,0.03864048,0.00067766,0.02575390,0.00000000,0.00093705,0.00000000,0.34903246,1.29730916,0.37938598,0.22536391,0.03858146,0.05529296,0.00503900,0.19270125,0.00091207,0.46160138,0.15922837,0.10389645,0.13742718,0.04447684,4.17223358,0.03300525,0.09379767,0.00025397,0.08095013,0.02536299,0.00000000,0.14027888,0.00189530,0.00621026,0.00045719,0.02550297,0.21480063,0.00000000,0.58027434,0.00000000,0.00399896,0.03217540,0.59836966,0.00777877,0.03222428,0.04422034,0.00000000,0.01037691,0.00069963,0.00000000,0.00000000,0.00000000,0.00000000,0.00000000,0.01700501,0.04179461,0.00000000,0.04148772,0.00251260,0.00837117,0.00031337,0.00436932,0.01110389,0.10815075,0.06395777,0.20682691,0.00000000,0.00381574,0.15776761,0.56692737,0.02594684,0.01856240,0.00000000,0.05312007,0.03339611,0.00091731,0.00002970,0.00155864,0.09982903,0.00000000,0.00092445,0.00000000,1.49405301,0.00244196,0.05567556,0.00208853,0.01654771,0.25756052,1.36961436,0.02036434,0.09319044,0.90384638,0.07517597,0.12190814,0.00559734,0.11142135,0.85414648,0.00000000,0.01542122,0.28903008,0.00203713,0.22977108,0.00791006,0.03045550,0.02154746,0.00000000,0.00216508,0.00283503,0.03250662,0.01375442,0.21393150,0.00877512,0.02477972,0.00000000,0.00588147,0.02927168,0.33942446,0.00000000,0.01613802,0.01395853,0.00119060,0.00000000,0.00000000,0.02048305,0.00000000,0.03989589,0.00539763,0.00223653,0.00982669,0.00007772,0.01536990,0.00183560,0.00000000,0.17021242,0.01583748,0.01691294,0.00000000,1.91561079,0.00000000,0.01284477,0.00285510,0.00730061,0.00103860,0.12406543,0.05128448,0.04192043,0.00332417,0.00210829,0.23040661,0.00063697,1.46865523,0.02630490,0.07047170,3.23099971,0.04536547,0.01040800,0.00637757,0.16433278,0.01915239,0.00012013,0.00000000,0.05758681,0.18516405,0.00000000,0.00436931,0.00000000,0.01055896,0.00522302,0.00000000,0.08691440,0.00017906,0.00000000,0.65623885,0.00466583,0.00929562,0.01925106,0.01068747,0.01859492,0.00633443,0.00048519,0.00492804,0.07912788,0.02772538,0.01207793,0.16147316,0.01270815,0.02870598,0.00000000,0.00288464,0.00000000,0.03848455,0.00000000,0.00309339,0.23845638,0.00752141,0.00000000,0.00563338,0.16652909,0.16448221,0.00000000,0.00293493,0.13129231,0.00000000,0.60746372,0.29367009,0.00000000,0.02228631,0.02599135,0.00217745,0.05871851,0.09759690,2.74978709,0.00537011,0.00001857,0.00100618,0.27988771,0.02987944,0.00327709,0.00706949,0.01567258,0.01233035,0.00000000,0.02053347,0.00003095,0.00000000,0.00000000,0.00000000,0.00050800,0.00086897,0.00000000,0.12836561,0.03296065,0.00874447,0.01190533,0.00677411,0.04255679,0.00262562,0.00502159,0.26385444,0.00000000,0.00000000,0.12906644,0.00403241,0.00000000,0.00000000,0.00000000,0.04710541,0.00146520,0.01373416,0.03298743,0.00604571,0.01202779,0.00062969,0.16698323,0.45586967,0.01772499,0.00211108,0.03559859,0.09647501,1.67464447,0.02775039,0.00000000,0.00692941,0.00167703,0.02507452,0.00454527,0.26680398,0.00608307,0.00025581,0.00000000,0.00631071,0.05830676,0.02188823,0.00980868,0.01078131,0.00015083,0.00000000,0.10085971,0.00042120,0.01224854,0.02990043,0.00119571,0.02798780,0.00185012,0.33207387,0.01947158,0.04929285,0.17245565,0.04070460,0.78141820,0.00000000,0.05959819,0.00000000,1.46311057,0.00000000,0.06003379,0.00465922,0.00677601,0.00000000,0.03817949,0.01821379,0.00149771,0.00000000,0.00113644,0.00001430,0.00000000,0.03139469,0.01016669,0.00192898,0.00000000,0.01603006,0.00576187,0.00080752,0.00647892,0.08749399,0.16235241,0.00246521,0.00331734,0.00000000,0.13011861,0.00016830,0.01350118,0.00000000,0.02907665,0.39667308,0.64280456,0.00000000,0.00795602,0.00031743,0.00000190,0.10948056,0.00422888,0.01524843,0.01930384,0.00370429,0.13888365,0.00843643,0.00000000,0.12257888,0.00390504,0.00215649,0.10476112,0.02728175,0.00095739,0.82904279,0.00000000,0.00000000,0.00016149,0.03900420,0.11802829,0.00807473,0.18613754,0.00516671,0.00000000,0.00646170,0.02762600,0.00082096,0.05543324,0.00000000,0.00000000,0.00291065,0.01302310,0.00000000,0.07512373,0.00000000,0.00000000,0.00516908,0.05478499,0.00000000,0.07887110,0.26899880,0.00811170,0.05304325,0.06389761,0.00000000,0.11099876,0.00098948,0.00000000,0.02636653,0.00000000,0.16306300,0.07423048,0.00452690,0.00000000,1.64470923,0.02634393,0.00000000,0.05253762,0.01164831,0.01429855,0.04111052,0.01502537,0.09682725,0.17493872,0.01239632,0.00350073,0.00000000,0.29209545,0.15998791,0.02123014,0.00000000,0.01094072,0.07372944,0.01094355,0.02793721,0.08966934,0.00212790,0.00756397,0.00000000,0.05277498,0.11253036,0.00074962,0.00000000,0.00000000,0.54127753,0.03813529,0.17937824,0.35309356,0.00237517,0.00000000,0.00000000,0.58007497,0.00000000,1.22759521,0.00000000,0.00000000,0.02249430,0.04497941,0.13353637,0.03466567,0.00000000,0.01487213,0.01209283,0.00217968,0.06075796,0.02772428,0.12295344,0.00092514,0.00775609,0.00889591,0.03858833,0.00569879,1.04815173,0.14911969,0.00273432,0.01142734,0.00609445,0.00454761,0.00083670,0.00000000,0.00984681,0.00163850,0.00000000,0.00043111,0.00075791,0.00174209,0.00378486,0.07301739,0.04741319,0.10759366,0.04217102,0.11834553,0.09774273,0.00000000,0.00151945,0.21607237,0.53686261,0.00188786,0.00000000,0.14690791,0.00000000,1.08157182,0.00000000,0.00000000,0.02439986,0.00000000,0.00000000,0.00984196,0.17743185,0.01095696,0.17323764,0.04347551,0.00758285,0.07868546,0.02641079,0.33547515,0.00371519,0.00000000,0.29010126,0.00219592,0.00000000,0.01449883,0.00000000,0.00495641,0.03808214,0.03438023,0.05371693,0.00757502,0.00645486,0.00000000,1.89339936,0.01084554,0.05115596,0.00402530,0.00077149,0.00000000,0.37441918,0.83121181,0.00816123,0.00248844,0.58375454,0.01697877,0.00603073,0.11602904,0.00073020,0.02332154,0.09958582,0.18221557,0.00000000,0.03243919,0.00050038,0.00000000,0.00042558,0.00252856,0.41746628,0.13277683,0.00106683,0.06295484,0.08969275,0.00912898,0.20645484,0.04293104,0.00000000,0.13421983,0.00000000,0.00015666,0.00000000,0.04471988,0.03650536,0.00168383,0.18285987,0.08246057,0.00169817,0.00000000,0.09406151,0.00000000,0.06079557,0.01393275,0.02987300,0.00000000,0.00000000,0.09858111,0.03537646,0.00000000,0.05466074,0.36979905,0.00695956,0.06476948,0.00736430,0.04403673,0.00033061,0.86343610,0.00000000,0.38583443,0.02305217,0.00235893,0.00247473,0.00545024,0.00524089,0.01246150,0.00558593,0.01248798,0.11000393,0.00000000,0.00000000,0.02512128,0.04607814,0.06257430,0.00265328,0.01648262,0.00431686,0.09686175,0.03367854,0.05186183,0.19740169,0.00681231,0.04683305,0.03478574,0.00211870,0.00000000,0.00000000,0.00330967,0.01458864,0.00747991,0.01305882,0.00001535,0.00000000,0.35383302,0.10558828,0.00000000,0.00085754,0.03751166,0.02296272,0.14749552,0.15010604,0.00000000,0.01469043,0.00584027,0.02253455,0.02337722,0.00453287,0.05365767,0.00000000,0.05865431,0.00135543,0.07911535,0.00536300,0.00000000,0.02039878,0.02410421,0.29151660,0.00000000,0.14224949,0.03009138,0.00607299,0.13803963,0.00527049,0.00668457,0.00000000,0.00031770,0.00157655,0.00000000,0.00000000,0.00011943,0.06319848,0.19888730,0.08459539,0.00023043,0.37549096,1.69042110,0.00900437,0.00000000,0.00000000,0.06593045,0.00610884,0.00000000,0.03108684,0.00876891,0.02127089,0.03699001,0.00194338,0.00464238,0.00022990,0.03751121,1.05545735,0.06995489,0.00192197,0.08959064,0.00000000,0.00305569,1.09278321,0.14965370,0.00313633,0.00000000,0.02017296,0.00162508,0.01645896,0.07592980,0.00683171,0.01223942,0.00000000,0.11768091,0.03437778,0.08303896,0.02958956,0.02324686,0.01179073,0.33698139,0.01984103,0.00033654,0.00041605,0.52280879,0.06480692,0.34262571,0.00000000,0.00000000,0.09330204,0.00072419,0.15628375,0.00008787,0.00000000,0.11306071,0.98340011,0.00000000,0.00121589,0.00064615,0.00000000,0.00081982,0.00000000,0.00000000,0.00358901,0.02504475,0.00950575,0.00563967,0.00074075,0.00000000,0.01481894,0.02145956,0.22325313,0.09428040,0.00000000,0.00998738,0.00323789,0.01936392,0.10413991,1.68168259,0.09068086,0.98988414,0.03040332,0.00442677,0.13099650,0.00000000,0.00096271,0.00557662,0.06785486,0.00000000,0.02443645,0.00459123,0.18435544,0.03339987,0.13726395,0.00000000,0.01032630,0.00734438,0.03373935,0.00000000,0.00360739,0.12536366,0.00000000,0.04471929,0.00056646,0.24647845,0.01733198,0.00467806,0.00000000,0.00209885,0.34384260,0.00575870,0.00456232,0.01026797,0.01851604,0.00000000,0.06370501,0.00000000,0.75603235,0.00000000,0.00000000,0.08114840,0.00000000,0.30942446,0.00002125,0.01122853,0.02391266,0.00682951,0.02601667,0.00000000,0.00842953,0.13585985,0.00274774,0.00282609,3.00187087,0.00000000,0.00125717,0.15702970,0.00151915,0.01184676,0.91472936,0.04220613,0.06028432,0.01001819,1.05632341,0.00915038,0.03964064,0.00151303,0.02266243,0.00000000,0.52391696,0.10420972,0.03297964,0.00700771,0.40727061,0.00469489,0.00000000,0.00000000,0.00000000,0.07915504,0.02008381,0.50310844,0.00000000,0.17929669,0.00677296,0.00416585,0.73995209,0.62483943,0.00049193,0.01128442,0.00000000,0.05854985,0.00612813,0.82249677,0.02328380,0.15021963,0.01199068,0.00004452,0.00144492,0.00198283,0.00637149,0.06242596,0.03333034,0.00065590,0.00763528,0.15251370,0.02437115,0.00281469,0.00080605,0.00041073,0.04226881,0.01303496,0.00000000,0.03108180,0.38624105,0.00435628,0.03169713,0.10390949,0.01875034,0.20122670,0.01244911,0.00000000,0.01131705,0.04409709,0.00000000,0.20990434,0.00000000,0.00039901,0.07271673,0.01673745,0.28730264,0.00493439,0.30199862,0.00000000,0.00045585,0.05981830,0.00000000,0.00000000,0.03153748,0.01192663,0.10221877,0.00216745,0.00366654,0.00316911,0.11880732,0.00024046,0.00048178,0.00000000,0.00348815,2.06726813,0.00049909,0.05837718,0.05436511,0.00239664,0.24935745,0.00076122,0.19134492,0.00000000,0.26025704,0.51279932,0.06092385,0.02131722,0.34608939,0.12208894,0.00002120,0.01131073,0.09755810,0.00081274,0.00318551,0.00148954,0.01628424,0.09243610,0.06117242,0.00015555,0.00000000,0.08640000,0.02157230,0.00007563,0.00690765,0.00000000,0.00667440,0.00000000,0.13454175,0.00384322,0.00000000,0.00142317,0.00929921,0.03227135,0.00000000,0.01032698,0.20797268,0.00937322,0.02125046,0.00755433,0.00000000,0.26184684,0.00508622,0.05733186,1.55472302,0.18357538,0.00000000,0.13697636,0.00000000,0.56441772,0.42448825,0.01291231,0.00000000,0.00000000,0.17211410,0.00074083,0.05602823,0.00000000,0.03171809,0.00000000,0.28079429,0.00000000,0.35274664,0.00120359,0.02205403,0.00427864,0.00043296,0.00918813,0.02062600,0.01020371,0.00380169,0.00113165,0.00942820,0.00362529,0.00075510,0.00000000,0.00000000,0.04066369,0.00000000,0.00000000,0.03295011,0.01124096,0.00195123,0.00000000,0.00000000,0.11082326,0.00000000,0.04345417,0.17712025,1.70665812,0.00000000,0.00007217,0.00000000,0.00661582,0.24862856,0.00261204,0.00000000,0.03542990,0.00000000,0.00087598,0.00000000,0.01729306,0.01800806,0.25127879,0.00175310,0.00103474,0.00108896,0.01784069,0.00000000,0.00000000,0.00000000,0.12448242,0.00000000,0.36611798,0.00525609,0.64885414,0.04067853,0.04857228,0.00000000,0.00282293,0.00505424,0.19828963,0.00000000,0.00711848,0.35896331,0.00086786,0.02754388,0.04103103,0.00373631,0.10447956,0.00153484,0.17958669,0.00000000,0.02204135,0.00284801,0.00000000,0.13907896,0.00808566,0.00000000,0.25185034,0.04691530,0.07343877,0.01402432,0.09770279,0.00061367,0.01448735,0.02650337,0.09692695,0.00512778,0.02447223,0.02825957,0.00315008,0.04505368,0.00273710,0.29854670,0.03229536,0.00351101,0.00498840,0.03688407,0.12241957,0.00299311,0.03729711,0.16102360,0.00000000,0.19746944,0.00000000,0.00101250,0.09749548,0.01537067,0.27085176,0.02018350,0.00254676,0.87766409,0.00000000,0.38008922,1.91775632,0.00072018,0.00077390,0.03241728,0.00000000,0.03454937,0.16494200,0.00000000,0.10818167,0.20360297,0.02742058,0.00356677,0.01410482,0.08865038,0.00200023,0.00817510,0.00414519,0.00000000,0.00544641,0.13581818,0.23855300,0.00000000,0.00101652,0.00000000,0.03955644,0.03773647,1.94360805,0.05429351,0.05330852,0.00960610,0.00097931,0.66855210,0.04551906,0.00000000,0.00062241,0.00155357,0.00258608,0.01397531,0.00000000,0.00011803,0.00194755,0.01434503,0.11213107,0.08046617,0.00026669,0.19807760,0.06782632,0.00000000,0.00496490,0.00000000,0.35493797,0.03020730,0.01454950,0.00533873,0.12154043,0.00408198,0.11228273,0.00044824,0.00000000,0.23276027,0.05223668,0.00000000,0.05963507,0.00006636,0.01586086,0.01249772,0.02081446,0.08644290,0.00885818,0.30200866,0.00000000,0.07580192,0.00000000,0.04172982,0.02533786,0.10974339,0.01124369,0.05546877,0.01677719,0.00000000,0.00387235,0.17847495,0.03974970,0.00000000,0.00347181,0.00000000,0.05055581,0.00000000,0.00000000,0.00173964,0.04167147,0.00481477,0.13674566,0.00000000,0.20124508,0.00050246,0.11268345,0.45865718,0.11592927,0.35794559,0.02098434,0.00635344,0.21893866,0.00188256,0.00000000,0.06604510,0.00230544,0.00000000,0.04808476,0.04981752,0.00000000,0.23177020,0.00161685,0.44493231,0.00485448,0.00000000,0.01035971,0.00394295,0.01589522,0.16027376,0.00000000,0.01545584,0.06360281,0.00000000,0.06173410,0.00000000,0.14305529,0.26074722,0.00348440,0.00000000,0.03732533,0.02354547,0.00000000,0.00499708,0.01758408,0.00797632,0.00000000,0.06546527,0.00015898,0.12055419,0.02393615,0.00466946,0.11994483,0.02129713,0.00000000,0.04286587,0.00000000,0.05380279,0.00351773,0.08639291,0.04454716,0.00887354,0.22080800,0.00000000,0.03622705,0.00000000,0.02617927,0.06724105,0.16158083,0.06256544,0.11506245,0.19048917,0.00000000,0.04337708,0.00139203,0.16322023,0.00123399,0.01018451,0.33526081,0.31162408,0.00132472,0.00000000,0.04338857,0.00000000,0.03667057,0.00000000,0.00000000,0.00759480,0.04054445,0.19782321,0.48730808,0.00000000,0.03505718,0.03949316,0.07482989,0.08811685,0.03943625,0.00611157,0.08889101,0.89818716,0.00000000,0.16382225,0.01825870,0.01308536,0.02393338,0.01643789,0.00000000,0.00000000,0.57766378,0.00972676,0.06114345,0.00140791,0.02420131,0.00000000,0.08852256,0.20970082,0.01011453,0.00000000,0.15594523,0.03258036,0.00950602,0.02726976,0.02817955,0.05799170,0.09298525,0.04840101,0.00000000,0.00112417,0.10054292,0.01154682,0.00000000,0.00450899,0.00000000,0.00119359,0.00000000,0.00000000,0.08608523,0.12155710,0.00000000,0.09836406,0.39851305,0.05790207,0.35550940,0.12382970,0.01483322,0.05146967,0.00000000,0.06240117,0.07625698,0.16272914,0.00298543,0.00000000,0.03628758,0.00000000,0.00568218,0.01342733,0.00000000,0.04424916,0.06339394,0.00000000,0.13199262,0.08607308,0.11863752,0.00000000,0.01345753,0.00000000,0.00020112,0.00195522,0.14857098,0.00000000,0.00909080,0.02235954,0.02576851,0.00480338,0.00000000,0.00202869,0.01855915,0.09215209,0.04403364,0.19417840,0.06305711,0.19941227,0.47222546,0.00079028,0.08174048,0.00067694,0.00595073,0.61382490,0.47281387,0.00432453,0.00053828,0.17035650,0.02818294,0.14863910,0.01711741,0.00970928,0.22699735,0.00000000,0.00357525,0.09818335,0.08128716,0.00599525,0.00280602,0.01055054,0.00602504,0.00000000,0.00000000,0.06586082,0.00060657,0.01720457,0.00000000,0.00735001,0.00054678,0.12883763,0.12216104,0.00000000,0.03772024,0.07537169,0.00317784,0.18951188,0.01980854,0.01778333,0.09474660,0.01038075,0.00704829,0.04620842,0.00000000,0.00299431,0.00810838,0.03913043,0.01482056,0.08148715,0.00462789,0.00000000,0.02041779,0.00764178,0.03886276,0.00000000,0.02349139,0.02767146,0.15103251,0.00000000,0.04287774,0.10940584,0.23346424,0.04339229,0.08732780,0.04573096,0.01823270,0.00000000,0.08447940,0.02407905,0.11784506,0.00000000,0.00000000,0.00000000,0.01200069,0.00000000,0.00885420,0.00000000,0.03502271,0.02224165,0.00000000,0.21838725,0.24895753,0.00000000,0.01375181,0.01261824,0.02561861,0.00034672,0.01271154,0.02895062,0.02876100,0.00050717,0.02772751,0.01336200,0.01470935,0.03567213,0.00000000,0.18713158,0.09468377,0.00119142,0.03009974,0.00000000,0.02377386,0.45943457,0.06626819,0.00000000,0.00307037,0.04164285,0.56494009,0.15210401,0.02675237,0.00030252,0.00942677,0.01269829,0.00000000,0.06107041,0.03378091,0.01595240,0.89488947,0.10242783,0.38786542,0.07621549,0.15380251,0.00964575,0.02227881,0.02413677,0.00000000,0.12518705,0.00000000,0.00000000,0.00000000,0.06311832,0.00594827,0.11654814,0.01795147,0.58136833,0.13565578,0.02614352,0.03136267,0.04084501,0.05093829,0.05389186,0.02892787,0.06159366,0.00000000,0.00040726,0.02718211,0.05885731,0.00000000,0.03407393,0.11113936,0.00653168,0.12953575,0.00018154,0.00018474,0.00000000,0.00000000,0.01854323,0.31733668,0.00000000,0.00971048,0.08103246,0.12678126,0.00000000,0.03952090,0.05725880,0.00074624,0.04205083,0.01086445,0.02648248,0.08406287,0.00488742,0.47035265,0.08401525,0.00000000,0.10317898,0.00000000,0.04276518,0.02756074,0.01163909,0.01919836,0.00000000,0.08576883,0.00000000,0.00161352,0.01675852,0.00975456,0.00044287,0.23855560,0.00000000,0.05971580,0.00000000,0.03734723,0.09355769,0.09962315,0.00099478,0.01292218,0.04814926,0.00018757,0.00000000,0.03915593,0.04261430,0.00698866,0.00775837,0.10918242,0.04625383,0.04094262,0.03941430,0.03042464,0.03803220,0.12864244,0.03300453,0.00000000,0.09284295,0.08082548,0.00000000,0.00000000,0.02682578,0.00326461,0.07756723,0.00000000,0.00000000,0.00033201,0.05985431,0.42742801,0.00000000,0.10898396,0.06896894,0.03418158,0.40076762,0.09409080,0.23567405,0.00000000,0.00000000,0.03098963,0.04311044,0.02516986,0.00269584,0.00750507,0.00571672,0.08648348,0.05170883,0.00000000,0.00000000,0.03079718,0.00000000,0.00028422,0.04653434,0.02616877,0.04430257,0.00000000,0.00133025,0.01395923,0.03000348,0.00392774,0.04373994,0.02490119,0.00000000,0.03631667,0.00000000,0.00000000,0.00072481,0.13464651,0.15033963,0.00000000,0.00874102,0.11304047,0.00236631,0.00000000,0.13969308,0.01082868,0.00000000,0.05761135,0.00336755,0.14487109,0.00000000,0.00780575,0.04660455,0.00000000,0.00059934,0.00943996,0.02922706,0.05789666,0.00000000,0.00095412,0.09734957,0.01276034,0.00000000,0.22476290,0.00000000,0.01223995,0.00500636,0.03095516,0.13978709,0.00201534,0.00076520,0.00000000,0.14639390,0.02163468,0.00176445,0.00914996,0.58477068,0.09600092,0.00000000,0.11577796,0.01345434,0.40260717,0.00614900,0.07213012,0.02457928,0.02410989,0.03433285,0.06973406,0.02340873,0.00000000,0.00000000,0.01666695,0.00000000,0.07478275,0.08982161,0.15588669,0.03862071,0.21315552,0.00000000,0.06908149,0.04259659,0.00000000,0.00000000,0.04995904,0.07785601,0.08066832,0.09138202,0.05925276,0.49437806,0.19876759,0.00077466,0.00309622,0.00000000,0.00000000,0.10747182,0.00296601,0.00845410,0.00298835,0.00000000,0.00215037,0.05279030,0.05861383,0.00000000,0.20551041,0.00000000,0.08314740,0.00000000,0.11682636,0.00000000,0.00000000,0.00449332,0.04643491,0.00258435,0.00000000,0.09402441,0.12823033,0.29286265,0.00141560,0.01820024,0.00000000,0.00523004,0.00000000,0.27193791,0.15042660,0.12862480,0.00597749,0.00000000,0.00000000,0.00000000,0.13814403,0.54487693,0.00000000,0.00000000,0.02843471,0.19360708,0.02073534,0.06710310,0.00813611,0.01114110,0.04404324,0.10694338,0.00143434,0.16129480,0.00111524,0.04426486,0.02384388,0.02725941,0.00268534,0.01967808,0.06627639,0.00015395,0.01526125,0.00000000,0.00048240,0.01064307,0.00685279,0.14082149,0.30544960,0.07874369,0.01658900,0.10160946,0.01673974,0.01971941,0.03809060,0.07631064,0.00448388,0.01599734,0.09098411,0.00056596,0.00708677,0.00000000,0.00849311,0.04467605,0.01993096,0.00000000,0.02468444,0.00351056,0.03157127,0.09095310,0.09046260,0.01768864,0.00684013,0.40797856,0.04486940,0.22400065,0.00391021,0.30606616,1.16406548,0.00374301,0.00014215,0.05934659,0.06212147,0.13005273,0.00000000,0.00000000,0.00265940,0.00090074,0.00000000,0.03036621,0.06907631,0.09454966,0.00479480,0.04877974,0.09600882,0.03095917,0.00383044,0.18591332,0.00000000,1.00371897,0.00142936,0.00000000,0.00417332,0.12143064,0.01714205,0.18641216,0.00145792,0.01212080,0.01091191,0.00699997,0.00434253,0.00902175,1.05484819,0.03835854,0.00565293,0.11983449,0.00000000,0.24652110,0.37654021,0.03721294,0.03715338,0.00384839,0.03127132,0.03011419,0.01760861,0.01975007,0.04525136,0.00900533,0.02530793,0.00000000,0.01156073,0.04571026,0.06713185,0.02074581,0.00000000,0.19327560,0.00000000,0.06005472,0.00000000,0.07937939,0.00140743,0.00834185,0.00622633,0.01331764,0.00365968,0.00061758,0.05965660,0.04099042,0.05747158,0.12079484,0.00000000,0.00000000,0.08525390,0.00585569,0.00823440,0.00000000,0.24371271,0.02202319,0.14697601,0.00000000,0.01110827,0.00054912,0.01998785,0.00692791,0.00531630,0.00628779,0.18863326,0.09585228,0.00192874,0.00949376,0.00523417,0.00332487,0.05324864,0.44544521,0.00021693,0.02061694,0.00573872,0.00036931,0.00000000,0.01931989,0.02825852,0.00551884,0.00000000,0.13760120,0.10983357,0.00495278,0.00800086,0.00000000,0.02014739,0.00000000,0.05600833,0.00170046,0.21571191,0.02829196,0.01287738,0.02920671,0.03718069,0.00068985,0.00000000,0.05788461,0.00000000,0.06779032,0.01187291,1.36108208,0.08520805,0.00000328,0.00061058,0.04462537,0.00016256,0.17225464,0.00001006,0.01552574,0.03047692,0.47714695,0.00000000,0.01750943,0.01156164,0.02238290,0.00417275,0.01146045,0.00057834,0.06328557,0.03119487,0.00290949,0.02662201,0.10038487,0.00195269,0.13743225,0.00192266,0.02217639,0.23449120,0.00235599,0.11028817,0.00000000,0.09404657,0.10507965,0.22076164,0.21664251,0.01542226,0.05930211,0.08405188,0.00000000,0.00209687,0.02745724,0.00000000,0.00000000,0.08050567,0.06145421,0.00000000,0.00642951,0.05046213,0.08145446,0.00012459,0.05158064,0.00000000,0.00000000,0.01296959,0.10318460,0.00763314,0.11516608,0.44913241,0.41120559,0.40291309,0.00000000,0.03224576,0.01456873,0.00000000,0.00000000,0.15584382,0.02533689,0.02139697,0.16543092,0.17288560,0.07573199,0.00000000,0.00477248,0.33011302,0.00000000,0.08697011,0.01219521,0.30091193,0.00067534,0.05756986,0.10341787,0.03804412,0.00000000,0.00191509,0.01306796,0.00000000,0.00022635,0.02931822,0.00879317,0.01844552,0.28068432,0.06101398,0.40020499,0.00189541,0.00067791,0.00858452,0.00168256,0.00251692,0.00207404,0.03469731,0.00000000,0.00075325,0.06111616,0.00592148,0.00144173,0.03664092,0.52881938,0.00790791,0.33540425,0.08596568,0.03611118,0.00000000,0.00000000,0.24255276,0.00016029,0.00187632,0.42412814,0.00000000,0.03443852,0.00000000,0.00000000,0.04826652,0.08321618,0.01732437,0.49709535,0.00928483,0.00010402,0.03329559,0.00000000,0.21572173,0.00000000,0.00209640,0.26623511,0.00037098,0.00000000,1.72397864,0.04966088,0.02435356,0.00000000,0.05217432,0.14886957,0.00000000,0.00000000,0.00000000,0.01630489,0.00000000,0.14217606,0.09173986,0.02174888,0.17403209,0.00000000,0.13044006,0.00136082,0.00148779,0.00000000,0.00140467,0.03918377,0.00793708,0.02665935,0.06479664,0.04558754,0.11552487,0.00000000,0.00209086,0.26205179,0.18934718,0.00825371,0.06141366,0.02647077,0.05110921,0.00000000,0.01925311,0.06645350,0.00000000,0.04818001,0.01915068,0.00000000,0.34964076,0.09184507,0.00179293,0.03393883,0.00000000,0.00247920,0.00000000,0.34087196,0.69021297,0.28353414,0.10894600,0.04085154,0.11067196,0.01259173,0.12968549,0.00234711,0.37329757,0.18847406,0.08525210,0.14440832,0.07388361,2.35140252,0.04065368,0.11404554,0.00067193,0.09453449,0.03776202,0.00000000,0.12834442,0.00480507,0.01198440,0.00120960,0.02635387,0.18176855,0.00000000,0.36859629,0.00000000,0.00732389,0.03619120,0.20647809,0.00971505,0.03112370,0.04585729,0.00000000,0.01492790,0.00185105,0.00000000,0.00000000,0.00000000,0.00000000,0.00000000,0.01506102,0.05103253,0.00000000,0.06085082,0.00664772,0.01748042,0.00082910,0.00808423,0.01760990,0.08796630,0.09408838,0.16615236,0.00000000,0.00583795,0.06582045,0.23006430,0.03707261,0.03341642,0.00000000,0.08253484,0.02512139,0.00242698,0.00007859,0.00225449,0.12805517,0.00000000,0.00244586,0.00000000,1.14509642,0.00449508,0.04737086,0.00552573,0.02515025,0.23415159,0.41651529,0.04958521,0.11491118,0.37781921,0.07133661,0.12441612,0.01414380,0.09481840,0.53377873,0.00000000,0.01971281,0.17520608,0.00538973,0.16148673,0.02092804,0.02814594,0.02487539,0.00000000,0.00572826,0.00559407,0.05744375,0.01948029,0.11852451,0.02162769,0.06329282,0.00000000,0.01304573,0.05109161,0.52307498,0.00000000,0.02553443,0.02385923,0.00211050,0.00000000,0.00000000,0.02042160,0.00000000,0.05285977,0.01428079,0.00358889,0.02290065,0.00020564,0.01716597,0.00318467,0.00000000,0.10730267,0.01789809,0.03111679,0.00000000,1.03543150,0.00000000,0.02209967,0.00755389,0.01015768,0.00180763,0.15751266,0.11330891,0.05531423,0.00621009,0.00349296,0.20179901,0.00168525,0.56551051,0.04449125,0.14607783,0.63983405,0.06123659,0.01621088,0.01321504,0.17544299,0.01735670,0.00031784,0.00000000,0.09730982,0.08449949,0.00000000,0.01156012,0.00000000,0.01131674,0.00870951,0.00000000,0.11718255,0.00047375,0.00000000,0.39780867,0.00534340,0.01217777,0.02008193,0.01974641,0.04701211,0.01579153,0.00128369,0.01248995,0.08149844,0.04021171,0.01886912,0.15599135,0.01355904,0.03512101,0.00000000,0.00466499,0.00000000,0.02229279,0.00000000,0.00294625,0.14288981,0.01234524,0.00000000,0.01425371,0.14066112,0.07808302,0.00000000,0.00502772,0.10042465,0.00000000,0.24030448,0.19825593,0.00000000,0.02712481,0.03021688,0.00576100,0.03822129,0.07519387,0.47610459,0.00748244,0.00004913,0.00266211,0.11810177,0.04573017,0.00581817,0.01292131,0.02187042,0.01487358,0.00000000,0.05002941,0.00008188,0.00000000,0.00000000,0.00000000,0.00134405,0.00229909,0.00000000,0.09983146,0.07513575,0.01564348,0.01180068,0.01320363,0.05857980,0.00694675,0.00892077,0.24947637,0.00000000,0.00000000,0.08264665,0.00443514,0.00000000,0.00000000,0.00000000,0.07754275,0.00285231,0.02626746,0.03679529,0.01128131,0.02107157,0.00166600,0.17766254,0.31820887,0.02499198,0.00507043,0.03496436,0.12741384,0.78561360,0.04859858,0.00000000,0.01202317,0.00316948,0.04348398,0.00983592,0.23699912,0.01114271,0.00067680,0.00000000,0.01405810,0.08461473,0.02313045,0.01475753,0.01414067,0.00039906,0.00000000,0.08873244,0.00111438,0.03176085,0.06464604,0.00316355,0.04382458,0.00489495,0.15837842,0.02752340,0.03919230,0.13453266,0.04516531,0.19103585,0.00000000,0.05053190,0.00000000,0.86365151,0.00000000,0.03244752,0.00696321,0.01369721,0.00000000,0.06413042,0.01678220,0.00396256,0.00000000,0.00196966,0.00003784,0.00000000,0.02979021,0.01464342,0.00253179,0.00000000,0.01935033,0.01009891,0.00148956,0.00759137,0.04852907,0.34199011,0.00652233,0.00573202,0.00000000,0.07916731,0.00044528,0.03114569,0.00000000,0.05611777,0.17028187,0.42462078,0.00000000,0.01271794,0.00083985,0.00000503,0.10508538,0.00408283,0.04034355,0.02173799,0.00400682,0.12748094,0.01376062,0.00000000,0.10520634,0.01033176,0.00348861,0.10308592,0.01905329,0.00166740,0.30190718,0.00000000,0.00000000,0.00042725,0.04454001,0.14485216,0.01331142,0.12962298,0.00636870,0.00000000,0.00844254,0.03275905,0.00217205,0.05066160,0.00000000,0.00000000,0.00525676,0.01449073,0.00000000,0.10352518,0.00000000,0.00000000,0.01170492,0.06073093,0.00000000,0.07053022,0.23609188,0.00987473,0.06176329,0.09847131,0.00000000,0.08855635,0.00213873,0.00000000,0.03367513,0.00000000,0.22929379,0.06655478,0.00745718,0.00000000,1.10810411,0.06589294,0.00000000,0.13406946,0.02223180,0.01346112,0.02320594,0.02003896,0.06733105,0.12491761,0.01387661,0.00748242,0.00000000,0.21208948,0.09959534,0.03001451,0.00000000,0.02408504,0.07086309,0.02006737,0.02787870,0.09607306,0.00301424,0.01495229,0.00000000,0.06528576,0.09681144,0.00198332,0.00000000,0.00000000,0.38101116,0.04883866,0.16313565,0.14638481,0.00390397,0.00000000,0.00000000,0.19013938,0.00000000,0.60381132,0.00000000,0.00000000,0.05951431,0.04690467,0.12549986,0.03378591,0.00000000,0.02341559,0.02695141,0.00466494,0.09447718,0.06520817,0.15528081,0.00150635,0.00800999,0.00900240,0.04122085,0.00714706,0.31601942,0.17199312,0.00459849,0.02001701,0.00645495,0.01203183,0.00221370,0.00000000,0.01781355,0.00433507,0.00000000,0.00114061,0.00200523,0.00371098,0.00603645,0.04028290,0.04113944,0.09856775,0.04913436,0.05983887,0.10877656,0.00000000,0.00402009,0.17608337,0.34762818,0.00499481,0.00000000,0.19210090,0.00000000,0.56417602,0.00000000,0.00000000,0.06455597,0.00000000,0.00000000,0.02603938,0.20285481,0.01081092,0.14077254,0.04323960,0.00960955,0.08009437,0.02768468,0.30863002,0.00695007,0.00000000,0.22414897,0.00350945,0.00000000,0.03313026,0.00000000,0.00572092,0.03763126,0.03272087,0.05468840,0.01376816,0.01161735,0.00000000,0.64611244,0.02399395,0.06624936,0.01064993,0.00204117,0.00000000,0.29419968,0.41686472,0.01093640,0.00654085,0.45839763,0.01711571,0.00663171,0.14708461,0.00193193,0.02462525,0.11344943,0.20238712,0.00000000,0.04805261,0.00112455,0.00000000,0.00112598,0.00668995,0.20125975,0.16629680,0.00282258,0.04931919,0.07651219,0.01603567,0.16112827,0.04327045,0.00000000,0.09439546,0.00000000,0.00041449,0.00000000,0.07358586,0.04402050,0.00251069,0.16387723,0.13486761,0.00449294,0.00000000,0.09910592,0.00000000,0.09015228,0.01547797,0.03394885,0.00000000,0.00000000,0.18223147,0.03915324,0.00000000,0.05977843,0.18494488,0.01474643,0.05585986,0.01278086,0.06454792,0.00087472,0.76848370,0.00000000,0.53512502,0.02480779,0.00496607,0.00654752,0.01195398,0.00971327,0.01899635,0.00940486,0.02724938,0.11708032,0.00000000,0.00000000,0.02748809,0.04282219,0.05573537,0.00328869,0.03093705,0.01142134,0.09495803,0.04100122,0.03212180,0.20036899,0.01040724,0.03477865,0.04077613,0.00367005,0.00000000,0.00000000,0.00875657,0.02081854,0.01233585,0.02643196,0.00004060,0.00000000,0.21521959,0.24587999,0.00000000,0.00226883,0.05233331,0.02593055,0.11550277,0.14993869,0.00000000,0.01291938,0.01545191,0.05725962,0.03498499,0.01199283,0.11417335,0.00000000,0.05478600,0.00237589,0.09766907,0.00776489,0.00000000,0.05397011,0.03732822,0.19215144,0.00000000,0.24936143,0.02681695,0.01606761,0.23614238,0.00700223,0.00657280,0.00000000,0.00084054,0.00417116,0.00000000,0.00000000,0.00031599,0.06079403,0.15054046,0.06163644,0.00060967,0.21707626,1.06831384,0.00638583,0.00000000,0.00000000,0.06883319,0.01049214,0.00000000,0.04277240,0.02320036,0.03040577,0.04766789,0.00514169,0.01228258,0.00060826,0.05408201,0.44285607,0.13835748,0.00389460,0.13899881,0.00000000,0.00754326,0.61214435,0.09190620,0.00820762,0.00000000,0.02067331,0.00429956,0.02668388,0.09605660,0.00927238,0.01613586,0.00000000,0.12830745,0.04300062,0.05760987,0.04138930,0.04302511,0.02090211,0.22121921,0.04890065,0.00089040,0.00110077,0.34448931,0.12121608,0.52775395,0.00000000,0.00000000,0.14786728,0.00137999,0.11106995,0.00023248,0.00000000,0.11697841,0.92071325,0.00000000,0.00214918,0.00170956,0.00000000,0.00216904,0.00000000,0.00000000,0.00949564,0.05625775,0.02514984,0.01181252,0.00195985,0.00000000,0.01616656,0.03465466,0.20526496,0.14741451,0.00000000,0.01688458,0.00602098,0.02734801,0.06064765,0.55404133,0.08538060,0.30759522,0.02921266,0.00619120,0.09564359,0.00000000,0.00177293,0.01475436,0.05705318,0.00000000,0.04568315,0.00797515,0.18732922,0.03261440,0.10882833,0.00000000,0.01661465,0.01513875,0.04812266,0.00000000,0.00522389,0.12968680,0.00000000,0.03633229,0.00098230,0.30634466,0.03299453,0.00822650,0.00000000,0.00555303,0.14187188,0.01046913,0.00704593,0.01543869,0.02498824,0.00000000,0.05569585,0.00000000,0.42465040,0.00000000,0.00000000,0.06448638,0.00000000,0.11852073,0.00005623,0.01493695,0.02121135,0.01367310,0.02857097,0.00000000,0.02230245,0.09038305,0.00530063,0.00493179,0.67505139,0.00000000,0.00196182,0.09537198,0.00225710,0.01672178,0.45216063,0.03934316,0.08095799,0.01187214,0.38950109,0.02095794,0.05065053,0.00400310,0.02635448,0.00000000,0.39850420,0.07545034,0.08488394,0.01474268,0.27602971,0.01242150,0.00000000,0.00000000,0.00000000,0.07663173,0.02669301,0.29007235,0.00000000,0.21582748,0.00967017,0.01000240,0.48549789,0.32758802,0.00130153,0.01459364,0.00000000,0.05818377,0.00897148,0.54678571,0.01823333,0.11988164,0.02790166,0.00011779,0.00382290,0.00524608,0.01685739,0.09634922,0.03432598,0.00173535,0.02020106,0.12366542,0.03998652,0.00402794,0.00151082,0.00108669,0.07588790,0.01724109,0.00000000,0.03545327,0.31474349,0.00838340,0.04207550,0.06278070,0.03353861,0.12615554,0.02288913,0.00000000,0.02583543,0.05713430,0.00000000,0.18509831,0.00000000,0.00105569,0.05869206,0.01955941,0.21204802,0.00641602,0.14635035,0.00000000,0.00120606,0.07709569,0.00000000,0.00000000,0.04833775,0.01833642,0.10292399,0.00573454,0.00688919,0.00792556,0.08980797,0.00063621,0.00127467,0.00000000,0.00608101,0.99890059,0.00086902,0.06702546,0.06979669,0.00432183,0.14450994,0.00201399,0.12125468,0.00000000,0.23338929,0.50544173,0.05376890,0.02850232,0.15187261,0.11670385,0.00005609,0.01346389,0.06637682,0.00158138,0.00340125,0.00394097,0.03692102,0.09170935,0.10295951,0.00041154,0.00000000,0.13364008,0.03411061,0.00020011,0.01527095,0.00000000,0.01765880,0.00000000,0.12545429,0.00787357,0.00000000,0.00237099,0.02460341,0.05355607,0.00000000,0.01639614,0.21266641,0.01462528,0.04460956,0.01330249,0.00000000,0.17761855,0.00667279,0.08969712,0.45422980,0.20551018,0.00000000,0.07230024,0.00000000,0.65455759,0.28803983,0.02749964,0.00000000,0.00000000,0.14143129,0.00175386,0.04781197,0.00000000,0.05694675,0.00000000,0.23716488,0.00000000,0.33246928,0.00318440,0.04525417,0.00714346,0.00114551,0.01599052,0.03757225,0.02091121,0.00587608,0.00200246,0.01567374,0.00771285,0.00199780,0.00000000,0.00000000,0.04455853,0.00000000,0.00000000,0.03374599,0.02974079,0.00516247,0.00000000,0.00000000,0.09412681,0.00000000,0.04936039,0.21380839,0.50076687,0.00000000,0.00019094,0.00000000,0.00971971,0.25875399,0.00638757,0.00000000,0.05172959,0.00000000,0.00166395,0.00000000,0.01817073,0.04764485,0.20592777,0.00246174,0.00273767,0.00253910,0.02076015,0.00000000,0.00000000,0.00000000,0.06404489,0.00000000,0.27693349,0.00985099,0.38357255,0.03095497,0.04629203,0.00000000,0.00466748,0.01070457,0.17245504,0.00000000,0.00762940,0.13684729,0.00206669,0.04763774,0.05566125,0.00988535,0.13487424,0.00265570,0.11425481,0.00000000,0.02264731,0.00753512,0.00000000,0.13144431,0.01515034,0.00000000,0.12436588,0.09376584,0.06603917,0.02202921,0.12558234,0.00162363,0.02192457,0.04949457,0.07214352,0.00798724,0.02894566,0.05131256,0.00833433,0.03338483,0.00724169,0.30530217,0.03160316,0.00501943,0.01109540,0.06240809,0.08257803,0.00606696,0.09867889,0.10091246,0.00000000,0.11925251,0.00000000,0.00082625,0.11363782,0.01577893,0.17905332,0.01790081,0.00462010,0.40753642,0.00000000,0.28869906,0.77040648,0.00190543,0.00192158,0.01367772,0.00000000,0.04644294,0.22052471,0.00000000,0.09269187,0.15396887,0.04255782,0.00762946,0.03344301,0.06280513,0.00416331,0.02005006,0.00830114,0.00000000,0.01072780,0.10902921,0.19713651,0.00000000,0.00191942,0.00000000,0.03830089,0.08581752,1.17993689,0.07549661,0.04611316,0.01303963,0.00170190,0.36578804,0.05294681,0.00000000,0.00164675,0.00411036,0.00684211,0.02756966,0.00000000,0.00031228,0.00362058,0.02415484,0.12776816,0.08111607,0.00070559,0.16073428,0.14507130,0.00000000,0.01079566,0.00000000,0.24087992,0.05530669,0.02658183,0.00618410,0.09379888,0.00829239,0.07523412,0.00118593,0.00000000,0.20267588,0.05400065,0.00000000,0.07383181,0.00017557,0.02413608,0.01678076,0.01525224
6043,data/pair/6043/RHEED/Oxide Desorotion in new block.MOV,manifest_specified_rheed_path,25.060000,752,8,0.00000000,0.00000000,0.00116199,0.00106680,0.00757211,0.00000000,0.02590369,0.00028385,0.17486364,0.00000000,0.00541334,0.07379864,0.00211400,0.00133540,0.04996620,0.01187979,0.07893414,0.00000000,0.00000981,0.00390716,0.06539205,0.00088053,1.19038165,0.00000000,0.03208986,0.08877335,0.00009036,0.12753637,0.01754423,0.00000000,0.00398656,0.00000000,0.03693006,0.85073286,0.00000000,0.00161414,0.00000000,0.00000000,0.42795157,1.38229299,0.00000000,0.02334203,0.00159448,0.00351208,0.33558384,0.00000000,0.00129233,0.16314785,0.00000000,0.00000000,0.00054905,0.01422044,1.17668509,0.10842764,0.60260302,0.36574313,0.00000000,0.00599802,0.03305160,0.06712508,0.09929554,0.01961732,0.00000000,0.01323800,0.00219339,0.00122712,0.08457579,0.00000000,1.41463697,0.00000000,0.01066469,0.00000000,0.01316937,0.47608885,0.97233868,0.05508657,0.00455661,0.00105964,0.00000000,0.00000000,0.00430106,0.08754894,0.04652099,0.00000000,0.01923341,0.01312126,0.00000000,0.10266712,0.00000000,0.00855009,0.07365946,0.02351566,0.04596582,0.00000000,0.00073007,0.04854690,0.00153136,0.00000000,0.00796257,0.00197962,0.00310832,0.00493341,0.00479160,0.00000000,0.00000000,0.09356108,0.00000000,0.20380282,0.00039625,0.00074821,0.00000000,0.11223011,0.06755587,0.00289788,0.00034430,0.00000000,0.00095116,0.03404438,0.08764566,0.17602092,0.06760567,0.25905111,0.08631556,0.00000000,0.00034977,0.00000000,0.01343559,0.05097033,0.00947433,0.00062770,0.01113793,0.51183265,0.00000000,0.00188117,0.09137995,0.00082368,0.00201692,0.00886604,0.04207962,0.00000000,0.00000000,0.00264601,0.00014318,0.01980329,0.00570732,0.03307256,0.03255676,0.00251129,0.00646757,0.13913068,0.00565273,0.13567135,0.01225246,0.10811175,0.02106081,0.00000000,0.00000000,0.00000000,0.13223600,0.02844659,0.00415526,0.03056094,0.76699519,0.99793559,0.01554223,0.21929219,0.01899633,0.00000000,0.20720661,0.00000000,0.00207915,0.15225664,0.16230190,0.00727931,0.00000000,0.00021167,0.00127527,0.00616583,0.04360621,0.00102082,0.00312555,0.20031931,0.02603012,0.02895136,0.01306218,0.01150278,0.06306584,0.03324424,0.00000000,0.00695645,0.00323242,0.00010127,0.01152288,0.00750621,0.31960371,0.29111066,0.03207616,0.00092142,0.00979226,0.16608404,0.00000000,0.25526071,0.00060431,0.00825787,0.03355106,0.00945247,0.02415766,0.00801493,0.00370603,0.00154601,0.00000000,0.14955232,0.00060436,0.00000000,0.85868329,0.00000000,0.00113963,0.00000000,0.11695846,0.00000000,0.00107497,0.30925825,1.05792391,0.04464778,0.04850124,0.02209433,0.03449317,0.55736107,0.00000000,0.00000000,0.00055645,0.00000000,0.00000000,0.00000000,0.00000000,0.00037000,0.05195577,0.00149532,0.00000000,0.00108357,0.10731371,0.00150584,0.04530874,0.03585640,0.03784585,0.00835783,0.00182775,0.00088894,0.00000000,0.00000000,0.00026713,0.00312522,0.07481945,0.03448059,0.00000000,0.01570136,0.00000000,0.00000000,0.00000000,0.00859190,0.00224967,0.00011379,0.07307258,0.00947118,0.00070725,0.74758333,0.06878262,0.51052386,0.00000000,0.21468659,0.02932131,0.13401163,0.20540647,0.00071615,0.00950140,0.34440243,0.00000000,0.00000000,0.00000000,0.00031673,0.00073353,0.00526495,0.08950061,2.30491495,0.00000000,0.20791063,0.00202500,0.15651512,0.00000000,0.01124797,0.00010067,0.00834453,0.00000000,0.00000000,0.03039641,0.00000000,0.00488883,0.04932262,0.01176016,0.00000000,0.00024314,0.00000000,0.01104570,0.02666362,0.00788686,0.15713248,0.17991443,0.10270784,0.00756536,0.01467138,0.00000000,0.18887213,0.01594302,0.03839228,0.02191348,0.00000000,0.00623345,0.00965280,0.00507821,0.01264173,0.20974752,0.00859448,0.02713596,0.07640424,0.00439357,0.36523226,0.00179559,1.56937337,0.00000000,0.12772679,0.00000000,0.00876572,0.01281925,0.00000000,0.00000000,0.00000000,0.03606011,0.00208956,0.04464417,0.02738938,0.01306380,0.00000000,0.00385745,0.00734831,0.13008350,0.00583255,0.00011063,0.00000000,0.16923733,0.25955191,0.00000000,0.00000000,0.00248061,0.00000000,0.11497157,0.02395195,0.00000000,0.00000000,0.00482798,0.02040318,0.00126052,0.00107722,0.20608808,0.00075506,0.00000000,0.02268797,0.00324640,0.05620444,0.00000000,0.03372996,0.12192427,0.00000000,0.07185064,0.08754669,0.00444196,0.04443189,0.01000990,0.00032018,0.01767263,0.02170053,0.25828689,0.00000000,0.03980932,0.01444912,0.00036587,0.07275937,0.00000000,0.09167791,0.08040784,0.02025115,1.83711135,0.02101255,0.06296177,0.20603696,0.00000000,0.00000000,0.00000000,0.07563092,0.00502867,0.02767912,0.00059196,0.00000000,0.00460313,0.00000000,0.00000000,0.04082765,0.66688341,0.00531398,0.00000000,0.20638056,0.00000000,0.02599330,0.13739903,0.00966179,0.42142254,0.05041565,0.32292691,0.00000000,0.00000000,0.02155112,0.01807682,0.00078558,0.22355592,0.00000000,0.41495383,0.00347251,0.01201833,0.00000000,0.27843735,0.14726667,0.00000000,0.00000000,0.08169317,0.04683327,0.26611125,0.11971657,0.00004208,0.01447699,0.01036917,0.11510313,0.00112288,0.00044153,0.00000000,0.00156810,0.00319631,0.00000000,0.00828685,0.07508317,0.28179941,0.00245028,0.09119282,0.00559783,0.12467796,0.22830796,0.02645402,0.14007622,0.10841233,0.10200463,0.00454599,0.00891360,0.05830573,0.04702230,0.00000000,0.01460706,0.02861878,0.02233573,0.11902265,0.00013043,0.02620709,0.00225152,0.02784507,0.00173524,0.00000000,0.02737648,0.17388897,0.01608851,0.00090794,0.15851511,0.14835046,0.21429142,0.00072194,0.00084865,0.24923998,0.00000000,0.00871143,0.12572239,0.00000000,0.00135629,0.00000000,0.00000000,0.04543236,2.30995989,0.00026052,0.00000000,0.00000000,0.04315858,0.08342908,0.18447086,0.06737852,0.01158831,0.01014179,0.00214868,0.00245589,0.03031547,0.00000000,0.00768890,0.01492306,0.04070492,0.00031498,0.05445171,0.17279223,0.02605834,0.06283647,0.01749795,0.00421872,0.00000000,0.03567342,0.00562131,0.00174874,0.16184297,0.00000000,0.28754804,0.00133966,0.01286497,0.01988609,0.23534729,0.01122902,0.00000000,0.00082617,0.12608041,0.29561433,0.01305367,0.03447459,0.00254861,0.01882194,0.08066176,0.00000000,0.29072481,0.03858235,0.03460727,0.00689708,0.01508693,0.00081576,0.00000000,0.09321954,0.04932072,0.31277153,0.00000000,0.00000000,0.00202711,0.01368561,0.00000000,0.00000000,0.08835055,0.00052094,0.01510813,0.00345565,0.05406465,0.00000000,0.00000000,0.00000000,0.02741135,0.00124574,0.00511808,0.01301610,0.34045756,0.05337664,0.00760709,0.02389958,0.02566361,0.00009895,0.00061553,0.02205811,0.00108498,0.00052666,0.00207597,0.00000000,0.28076619,0.01276864,0.51710254,0.04697428,0.00000000,0.00188368,0.00106285,0.00637543,0.01147046,0.19735990,0.00000000,0.00025686,0.00929896,0.26340094,0.12608992,0.07984668,0.01661121,0.01548222,0.25345066,0.04034656,0.00104152,0.00308395,0.02907047,0.00000000,0.13799572,0.00068691,0.00000000,0.00250286,0.05096060,0.07647270,1.11748791,0.00000000,0.00050678,0.09912781,0.00000000,0.04788020,0.00328444,0.08906819,0.11207026,0.02166018,0.66796541,0.00000000,0.00000000,0.02180505,0.00346836,0.00000000,0.00000000,0.00186170,0.06751882,0.00186810,0.12326035,0.00120669,0.12818611,0.00000000,0.22841254,0.01908204,0.14918455,0.00628512,0.00000000,0.68763894,0.15791257,0.00918169,0.00643933,0.00000000,0.03329723,0.00038115,0.07056162,0.00000000,0.07310012,0.11642844,0.00000000,0.10856974,0.01632528,0.06772740,0.00000000,0.00000000,0.00539308,0.00000000,0.03781041,0.36585176,0.00011715,0.00320271,0.03182144,0.00832142,0.00905475,0.89219820,0.01557357,0.00054433,0.00000000,0.00000000,0.04042584,0.07358367,0.03086895,0.31228036,0.59818351,0.01514192,0.00013972,0.01148291,0.00560032,0.56953627,0.00145474,0.00153818,0.00145024,0.08263512,0.04219323,0.00000000,0.01270984,0.08640574,0.06275073,0.01800313,0.02718566,0.00072546,0.00333436,0.20739417,0.07400504,0.00165683,0.00198757,0.23260491,0.00021275,0.00728327,0.00000000,0.00000000,0.11693985,0.00034583,0.01488404,0.00000000,0.00445855,0.00313260,0.01307735,0.00809951,0.00000000,0.59321952,0.00833988,0.00000000,0.00906682,0.00184598,1.39931583,0.00063389,0.00059072,0.35785714,0.10186127,0.00063610,0.08465319,0.00000000,0.00284505,0.00087614,0.00000000,0.01198038,0.07125204,0.42459592,0.07367568,0.00938229,0.00009418,0.00150666,0.01218100,0.17156516,0.00000000,0.00000000,0.00061540,0.02722488,0.00558976,0.00754584,0.01693236,0.01794280,0.00199485,0.00000000,0.78429461,0.01059076,0.00000000,0.00000000,0.00000000,0.03393535,0.00000000,0.00000000,0.00694599,0.09794414,0.00183397,0.01479091,0.00145715,0.00000000,0.00093421,0.00180395,0.04749886,0.00000000,0.14293619,0.16992423,0.00509337,0.00064910,0.32726496,0.00014815,0.00564898,0.32514253,0.03085511,0.01182555,0.00550504,0.45773110,0.00000000,0.00048121,0.01051544,0.00456824,0.00281562,0.01629219,0.00042180,0.06749915,0.45356870,0.00176642,0.00000000,0.08987480,0.00306088,0.11383100,0.00287289,0.01876699,1.73088777,0.10185659,0.00388147,0.00454387,0.14503936,0.00471418,0.14778107,0.62270868,0.00000000,0.10473839,0.03484291,0.00000000,0.00000000,0.01287476,0.00000000,0.00000000,0.02840678,0.00795471,0.00000000,0.00000000,0.00012233,0.00461875,0.00000000,0.00207131,0.00000000,0.00051148,0.00792468,0.25953019,0.00292736,0.60645473,0.28064352,0.07963280,0.09844727,0.05314168,0.01879000,0.09591224,0.00483029,0.00000000,0.00585256,0.06251133,0.00297778,0.05024525,0.05503538,0.06413346,0.00000000,0.01634517,0.00060069,0.00012527,0.34207898,0.00316664,0.00000000,0.01610636,0.03757014,0.00000000,0.01664868,0.02991343,0.12135968,0.04322747,0.00391816,0.00162402,0.02556311,0.08955537,0.25276387,0.06811880,0.00000000,0.00000000,0.01874992,0.12833382,0.00039067,0.00000000,0.11839180,0.00236543,0.02452176,0.00000000,0.00000000,0.00000000,0.21146712,0.00322128,0.01869744,0.17960431,0.00155651,0.08667615,0.59933287,0.03911205,0.00114122,0.00000000,0.50071776,0.00898742,0.00000000,1.07901263,0.00055222,0.00788277,0.09540527,0.19358356,0.01652671,0.00013846,0.17518111,0.01827135,0.00402834,0.00059610,0.01143530,0.00016601,0.00043976,0.01149726,0.07701122,0.21109970,0.00000000,0.00000000,0.13019040,0.01962582,0.00000000,0.00376573,0.39909649,0.27481019,0.02566120,0.00000000,0.08188465,0.00033902,0.00000000,0.06033041,0.07501374,0.03839538,0.06127015,0.00000000,0.00518378,0.20795414,0.00000000,0.00464904,0.00097989,0.00053397,0.00474964,0.01702146,0.66445231,0.00307231,0.00150512,0.00057531,0.01150656,0.00650822,0.14597037,0.00095960,0.02047855,0.00301165,0.21715604,0.00000000,0.00000000,0.05171175,0.00000000,0.00000000,0.00000000,0.00009078,0.79962867,0.00132632,0.00000000,0.00041125,0.00000000,0.00000000,0.00020625,0.00000000,0.55555511,0.02819596,1.54541993,0.00000000,0.00711840,0.02660057,0.04222822,0.00293726,0.00752154,0.21176575,0.10318951,0.16230397,0.00000000,0.02911199,0.00185942,0.08813051,0.00000000,2.37447357,0.00043137,0.00000000,0.00000000,0.01164323,0.00000000,0.00000000,0.03356365,0.00277758,0.02950732,0.05879822,0.00179961,0.01743769,0.06140561,0.74421197,0.03764493,0.07522537,0.01401685,0.00000000,0.02717371,0.00000000,0.03650777,0.00000000,0.06442568,0.00233525,0.00605868,0.02361865,0.00398913,0.00000000,0.06950355,0.00000000,0.42145711,0.17640413,0.00000000,0.00056763,0.00434632,0.00781213,0.00040999,0.00000000,0.00110914,0.02911535,0.26507553,0.24439831,0.00000000,0.00000000,0.00000000,0.31244567,0.02592388,0.00076160,0.00816157,0.02974006,0.00067368,0.00040846,0.00186781,0.00247990,0.03712879,0.01892257,0.00000000,0.04940952,0.02497449,0.09434891,0.09980393,0.01063527,0.10213117,0.08591834,0.07262248,0.00182335,0.02964931,0.00644309,0.00585257,0.12289251,0.05239259,0.00912472,0.03913825,0.00864408,0.04885322,0.36693186,0.00000000,0.01179668,0.00000000,0.00059591,0.00000000,0.27469081,0.00000000,0.00770522,0.11202672,0.26915622,0.00000000,0.02924676,0.00000000,0.00517443,0.00000000,0.00000000,1.34026062,0.00000000,0.00288680,0.00137432,0.00366609,0.00649643,0.15132220,0.00507146,0.00823567,0.04888063,0.00213247,0.00000000,0.50199252,0.07170480,0.00000000,0.00295177,0.00736075,0.00000000,0.06676291,0.00000000,0.00781437,0.01799459,0.00000000,0.19675516,0.04315990,0.01964705,1.20749772,0.00000000,0.00000000,0.05503239,0.00000000,0.01512248,0.16380963,0.12399320,0.02741942,0.00761977,0.00352199,0.04307033,0.00854447,0.00808246,0.01026831,0.00665440,0.00268437,0.00095298,0.00000000,0.01248190,0.00511488,0.00000000,0.00658799,0.00055922,0.03856399,0.26820099,0.03383317,0.01343811,1.24235618,0.03626496,0.00098307,0.00007520,0.49399596,0.00000000,0.00548024,0.00513506,0.00048133,0.00000000,0.00352549,0.01465527,0.01055033,0.00000000,0.00000000,0.01286340,0.00006848,0.03795802,0.00010357,0.01334986,0.00165600,0.01342161,0.03353833,0.10089593,0.05088075,0.00000000,0.01577858,0.00000000,0.12208365,0.12975572,0.00495061,0.00326376,0.03982203,0.71276653,0.02582516,0.62465692,0.03001647,0.00000000,0.08414704,0.00474771,0.67835772,0.03893866,0.05431794,0.00000000,0.00206757,0.00000000,0.00041751,0.05113047,0.01643503,0.00000000,0.00000000,0.00000000,0.07172319,0.00363999,0.00000000,0.01267608,0.01795818,0.00000000,0.02871349,0.00000000,0.05788411,0.18316790,0.00234996,0.01335562,0.00000000,0.00000000,0.41382524,0.02820461,0.00084459,0.01416859,0.00181544,0.04567210,0.00985399,0.00285808,0.31206188,0.00000000,0.14615566,0.02771072,0.36745590,0.16032963,0.00165380,0.05929278,0.03397796,0.44723898,0.51542735,0.06195323,0.00000000,0.00667430,0.05349594,0.03620682,0.00000000,0.17853318,0.06268610,0.01026442,0.00029967,0.00262003,0.00363994,0.64918476,0.21177453,0.32272366,0.00001275,0.00000000,0.06239961,0.00065311,0.11381119,0.00434321,0.00121219,0.00000000,0.00000000,0.36929178,0.00000000,0.01915285,0.07370891,0.03197609,0.04597691,0.00000000,0.00361985,0.00000000,2.12352419,0.00000000,0.03201712,0.07613041,0.17979053,0.00000000,1.65452683,0.00864138,0.00000000,0.11362971,0.00000000,0.00000000,0.09086611,0.01275983,0.00197296,0.00595392,0.01819488,0.00187360,0.00000000,0.00157339,0.01991523,0.00960988,0.06149660,0.00000000,0.00168118,0.00154188,0.10463668,0.02715458,0.04329129,0.00785387,0.15512460,0.02523340,0.00934406,0.50361639,0.04256448,0.00000000,0.00866010,0.10681089,0.00270622,0.00322370,0.12918065,0.03746525,0.04723562,0.00000000,0.05517494,0.00162210,0.00475060,2.35107660,0.01446610,0.01573680,0.04812556,1.77550328,0.00031934,0.00398013,0.00159750,1.38716054,0.00093071,0.15324222,0.00044998,0.12373894,0.00000000,0.00743845,0.00219632,0.00046585,0.05806304,0.00000000,0.01731942,0.03980312,0.24345444,0.07971255,0.35599104,0.00486531,0.00097982,0.00099676,0.00699405,0.00000000,2.14857864,0.00857885,0.00427639,0.09551454,0.00697086,0.00000000,0.01507488,0.00000000,0.00000000,0.00760100,0.00030976,0.00355249,0.00904822,0.01186205,0.00000000,0.21022329,0.00496257,0.00263962,0.18501298,0.00000000,0.16611330,0.00000000,0.01393774,0.02909849,0.05914907,0.03097454,0.00000000,0.00000000,0.12411483,1.28591609,0.00000000,0.00235108,0.00043457,0.77867192,0.00090125,0.00000000,0.04554515,0.00099904,0.00000000,0.00009600,0.00059429,0.03818982,0.00000000,0.00000000,0.00000000,0.01385505,0.00638439,0.04674265,0.50726163,0.00019376,0.35864747,0.00000000,0.28219414,0.00354655,0.05013123,0.01164247,0.02358346,0.01918849,0.00000000,1.09113145,0.02118820,0.00021775,0.02811185,0.17153165,0.06889427,0.03422594,0.00321159,0.00000000,0.00000000,0.09692618,0.01147817,0.07369226,0.07323632,0.19412816,0.14542840,0.00000000,0.00000000,0.00000000,0.01395384,0.00000000,0.00007451,0.04194893,0.02504463,0.00000000,0.02341423,0.00129027,0.29635704,0.00075185,0.01873104,0.08482709,0.00006605,0.15988845,0.72444439,0.00230775,0.00000000,0.00152368,0.00150102,0.00922525,0.00000000,0.01944418,0.20589933,0.00000000,0.23665760,0.00409510,0.00351294,0.00000000,0.00000000,0.00049975,0.84716338,0.09894313,0.04666730,0.00490257,0.00024577,0.00378067,0.00036702,0.00689688,0.03995150,0.00000000,0.00000000,0.00600329,0.00000000,0.00000000,0.00281571,0.00071274,0.00000000,0.77477103,0.01627366,0.01914184,0.00000000,0.04876349,0.00000000,0.70411545,0.00000000,0.01693788,0.00000000,0.00788132,0.00585099,1.23564780,0.06712836,0.00000000,0.00139987,0.03108820,0.05152555,0.01081575,0.00991167,0.04210255,0.00271014,0.52890664,0.00591550,0.09482796,0.03007933,0.00085895,0.02324876,0.00000000,0.03401843,0.00158982,0.08917792,0.00000000,0.00215660,0.01106909,0.92606771,0.01074897,0.21445882,0.31971958,0.00787402,0.07607874,0.00227798,0.03404002,0.01969619,0.04193923,0.00067093,0.00000000,0.03532699,0.00000000,0.00000000,0.00103962,0.00000000,0.74852687,0.07734050,0.00553274,0.00760043,0.00019093,0.26411933,0.01719645,0.00106927,0.15779825,0.08907973,0.00101043,0.00033385,0.38133061,0.02013883,0.01796333,0.16199005,0.00226218,0.00000000,0.09194734,0.06212519,0.00000000,0.00138507,0.00324300,0.00448339,0.00135534,0.00000000,0.00113008,0.00038519,0.00790858,0.00076338,0.01342966,0.35117379,0.00000000,0.00000000,0.10839235,0.45941615,0.00145508,0.00123516,0.39600927,0.21741191,0.00330261,0.00228424,0.00171268,0.03329905,0.00252449,0.00050521,0.01610579,0.00000000,0.02770654,0.05077980,0.00376309,0.04846372,0.00177263,0.22332647,0.00011946,0.00083434,0.18767276,0.00000000,0.05057644,0.00067753,0.00515200,0.00556643,0.24137457,0.05933551,0.01668263,0.01635517,0.00007999,0.00084783,0.00722422,0.04993087,0.17277797,0.00000000,0.12578848,0.00176076,0.42030606,0.00000000,0.24609834,0.66288328,0.00304220,0.00912477,0.01350455,0.00000000,0.01059766,0.00000000,0.00000000,0.00000000,0.00000000,0.03771753,0.00000000,0.01287815,0.00000000,0.01044770,0.39016476,0.79031563,0.03632122,0.00000000,0.00021768,0.00171383,0.02822185,0.00000000,0.18357664,0.19059645,0.03857940,0.22557980,0.00850304,0.02991265,0.00000000,1.49629354,0.00606998,0.00000000,0.00071054,0.00000865,0.00000000,0.00148247,0.01522956,0.25063136,0.02505950,0.04227724,0.03519008,0.02490406,0.01728852,0.00413521,0.00651624,0.01986404,0.03379302,0.02230695,0.07841197,0.31366390,0.04991215,0.00000000,0.00278036,0.09616476,0.08945422,0.00000000,0.00083891,0.00021537,0.00411713,0.16205528,0.82841814,0.33488405,0.00000000,0.00035929,0.09473890,0.00152684,0.00096555,0.13357024,0.01184270,0.00105591,0.00000000,0.00000000,0.39325199,0.01199672,0.00405747,0.00820944,0.00216150,0.24827549,0.00000000,0.01465149,0.00035524,0.00000000,0.00000000,0.00947376,0.01455841,0.02177037,0.00000000,0.34658912,0.00003925,0.05614511,0.00739279,3.18436503,0.03522069,0.04375692,0.72825748,0.09516793,0.00000000,0.00000000,0.01762087,0.00632718,0.12497501,0.00000000,0.00025567,0.36001539,0.07444964,0.01750303,0.59039539,0.00000000,0.19849694,0.01212572,0.04286598,0.00000000,0.00404222,0.11138185,0.00054030,0.02492317,0.00387749,0.00225800,0.00851105,0.24070597,0.00000000,0.00000000,0.00084718,0.02666860,0.01563023,0.00073868,0.02023576,0.00084453,0.07814751,0.00000000,0.04819024,0.00000000,0.00101425,0.00970193,0.00000000,0.13471451,0.00000000,1.14438057,0.01340734,0.00011393,0.43659276,0.03614070,0.00000000,0.05267129,0.08928122,0.00000000,0.03631239,0.00000000,0.00241098,0.02447941,0.06480004,0.01206523,0.00129917,0.00602312,0.00234809,0.00000000,0.01990167,0.03706225,0.01577435,0.01734997,0.00000000,0.00000000,0.00200586,0.01327285,0.00041664,0.00015370,0.09730820,0.04922161,0.00456747,0.00000000,0.00029381,0.31325811,0.01263779,0.01431153,0.02733235,0.00002083,0.03476761,0.00000000,0.00001919,0.20095055,0.00000000,0.01952621,0.00000000,0.02995435,0.14657564,0.17592528,0.61672854,0.11306646,0.08048521,0.00030947,0.00082359,0.03874484,0.00141883,0.02605931,0.00000000,0.28896266,0.00000000,0.22315964,0.00471714,0.01886294,0.00000000,0.00000000,0.08691885,0.00517227,0.00000000,0.00066500,0.00604361,0.17623162,0.00000000,0.02281741,0.08769644,1.70321357,0.00000000,0.00000000,0.00000000,0.07697427,0.00000000,0.10880078,0.06495071,0.02013866,0.00870930,0.26981497,0.00766062,0.01061910,0.17414320,0.04375135,0.00226016,0.02605777,0.00000000,0.00000000,0.00247108,0.00021600,0.01335083,0.04304664,0.00000000,0.01648031,0.04352120,0.00755759,0.00454150,0.00000000,0.00093111,0.48745713,0.00101220,0.00060602,0.01877983,0.03176228,0.00405119,0.02951614,0.29731753,0.00138594,0.00083330,0.01359658,0.20027623,0.00000000,0.00272350,0.48420039,0.05346248,0.01155683,0.11468251,0.00007564,0.00470447,0.00000000,0.13152590,0.02799978,0.00258734,0.01261068,0.00000000,0.00853104,0.46588027,0.02287729,0.22752361,0.00405044,0.00000000,0.00216580,0.43587226,0.04558129,0.00516910,0.02211620,0.00049968,0.72739482,0.00000000,0.03247312,0.67440474,0.18331440,2.23347974,0.00000000,0.00000000,0.48098901,0.04467618,0.06504802,0.02702289,0.04810710,0.00144064,0.11090398,0.00032238,0.00052514,0.20745967,0.01105343,0.01058022,0.00000000,0.00485667,0.00000511,0.08426067,0.57172650,0.00014862,0.00077307,0.00761818,0.00000000,0.05391759,0.33384803,0.06940347,0.00183882,0.00133777,0.00137185,0.01525802,0.00145964,0.16803662,0.52933168,0.00666500,0.05400236,0.02664543,0.00067900,0.19404732,0.00018315,0.01587312,0.00512548,0.00253022,0.02682334,0.00000000,0.00217344,0.00299738,0.23096327,0.00000000,0.12606150,0.00223317,0.03822798,0.00000000,0.00000000,0.00987355,0.02884675,0.09370341,0.05597653,0.00397864,0.01080769,0.00000000,0.00798091,0.00000000,0.00000000,0.00000000,0.00152513,0.13706578,0.03858374,0.08619203,0.06412119,0.10177048,1.94380426,0.00478701,0.08145751,0.00085568,0.02934792,0.00067995,0.09512161,0.25534198,0.02283832,0.00000000,0.00000000,0.01782785,0.07075977,0.00000000,0.03085200,0.00624241,0.01242815,0.03499661,0.03143865,2.36843300,0.02127977,0.35161290,0.01174137,0.00000000,0.00118435,0.00061633,0.00000000,0.02997817,0.09166249,0.00028098,0.00000000,0.13797285,0.02141763,0.09590977,0.06028914,0.00049037,6.24709415,0.25910255,0.01285797,0.00038570,0.02508484,0.05909041,0.02449887,0.00587517,0.00948975,0.06270479,0.00237902,0.14622270,0.00036576,0.01928451,0.03965097,0.04131142,0.00255825,0.01437334,0.00000000,0.40588528,0.00313573,0.00374292,0.54154062,0.01738301,0.00016047,0.04834324,0.00000000,0.25081369,0.01977313,1.49229920,0.03348584,0.00098636,0.00097558,0.00000000,0.01047633,0.14573799,0.19036682,0.02132607,0.03630289,0.00000000,0.00000000,0.02112358,0.00000000,0.00000000,0.07102345,0.00000000,0.00000000,0.00644079,0.01695299,0.00000000,0.00176369,0.00000000,0.00262608,0.14291449,0.01080461,0.07117189,0.00075567,0.18816334,0.04847482,0.46976262,0.00814805,0.43073106,0.00480974,0.00308451,0.00669328,0.00059527,0.00000000,0.30467746,0.00008755,0.10680635,0.01242089,0.00000000,0.10281979,0.12096581,0.00000000,0.00000000,0.00354503,0.00166956,0.17918427,0.00022213,0.32592779,0.00000000,0.01838014,0.00738112,0.00034073,0.02178318,0.37676209,0.00000000,0.34608343,0.00809343,0.00000000,0.00000000,0.00473221,0.06848130,1.23197746,0.02704911,0.00018513,0.00000000,0.00000000,0.00171907,0.00226474,0.01677247,0.00000000,0.01927442,0.00075099,0.04580662,0.00000000,0.01039176,0.04706870,0.00438599,0.00215271,0.03982572,0.01069307,0.03141214,0.00000000,0.00002594,0.00468789,0.03427414,0.00132102,0.21538256,0.00000000,0.03941055,0.03595352,0.00023906,0.09314968,0.04610486,0.00000000,0.00562419,0.00000000,0.02488407,0.16621214,0.00000000,0.00427060,0.00000000,0.00000000,0.11475776,0.28892273,0.00000000,0.03312575,0.00276929,0.00929210,0.09221958,0.00000000,0.00341918,0.11299350,0.00000000,0.00000000,0.00109600,0.01350532,0.14250369,0.07307566,0.08542407,0.12345637,0.00000000,0.00545394,0.03986054,0.02324548,0.03094600,0.02510135,0.00000000,0.01167587,0.00380404,0.00324665,0.03026760,0.00000000,0.15502127,0.00000000,0.01613930,0.00000000,0.00686854,0.11617588,0.09582815,0.04561343,0.00742689,0.00222571,0.00000000,0.00000000,0.00599121,0.04265376,0.08163758,0.00000000,0.02415070,0.01451510,0.00000000,0.08081870,0.00000000,0.01097020,0.02769699,0.02168561,0.02701008,0.00000000,0.00117093,0.04871985,0.00338859,0.00000000,0.01332053,0.00269514,0.00815343,0.00608044,0.00344431,0.00000000,0.00000000,0.03895941,0.00000000,0.07975266,0.00104837,0.00197957,0.00000000,0.05672595,0.02197528,0.00437484,0.00063605,0.00000000,0.00150601,0.01919495,0.03293064,0.11622601,0.03141070,0.08770718,0.03449767,0.00000000,0.00092539,0.00000000,0.03554723,0.02771093,0.01532219,0.00112414,0.01814955,0.16505075,0.00000000,0.00302160,0.03327342,0.00211121,0.00280544,0.01134203,0.02274983,0.00000000,0.00000000,0.00428056,0.00037881,0.01819916,0.01398377,0.02508316,0.03179281,0.00438362,0.00582789,0.08517205,0.00590196,0.07903317,0.01603495,0.07945004,0.01794706,0.00000000,0.00000000,0.00000000,0.07149220,0.02030884,0.01009098,0.03320879,0.25037616,0.09616587,0.01674763,0.03440120,0.03735408,0.00000000,0.03308308,0.00000000,0.00550092,0.07697098,0.09190672,0.00799282,0.00000000,0.00040249,0.00219722,0.00660664,0.03067896,0.00270083,0.00599645,0.10588606,0.02470511,0.01920776,0.01445865,0.00712208,0.03686959,0.05621618,0.00000000,0.00875589,0.00426645,0.00026792,0.01004277,0.01247036,0.07271014,0.06042328,0.04024339,0.00243786,0.01614035,0.07363779,0.00000000,0.12099326,0.00159884,0.01382004,0.01901158,0.00803276,0.04036292,0.00707240,0.00533407,0.00290708,0.00000000,0.04329651,0.00159898,0.00000000,0.24851212,0.00000000,0.00301519,0.00000000,0.07230664,0.00000000,0.00219642,0.06950918,0.18551227,0.04616303,0.03795731,0.01773869,0.03129921,0.16762413,0.00000000,0.00000000,0.00147224,0.00000000,0.00000000,0.00000000,0.00000000,0.00097893,0.03800383,0.00349193,0.00000000,0.00217577,0.03652818,0.00263828,0.02471697,0.02453394,0.02318873,0.01932679,0.00483577,0.00235192,0.00000000,0.00000000,0.00070675,0.00481446,0.02970524,0.02128027,0.00000000,0.01382510,0.00000000,0.00000000,0.00000000,0.01103068,0.00405219,0.00030107,0.05095064,0.01380930,0.00170979,0.19466512,0.06025483,0.08925641,0.00000000,0.03894141,0.02638926,0.03801094,0.07232953,0.00140727,0.00935372,0.07183707,0.00000000,0.00000000,0.00000000,0.00083798,0.00194074,0.00508643,0.04797780,0.22317360,0.00000000,0.07719815,0.00398721,0.04938321,0.00000000,0.01792188,0.00026634,0.00708433,0.00000000,0.00000000,0.04035269,0.00000000,0.00620305,0.02492203,0.01802939,0.00000000,0.00045224,0.00000000,0.01013187,0.02217137,0.00946590,0.09144334,0.06598389,0.04910060,0.00871303,0.01458371,0.00000000,0.08009978,0.01722141,0.02039941,0.02673481,0.00000000,0.01075010,0.01719090,0.01033610,0.01045326,0.10721101,0.01100734,0.02225633,0.04957582,0.00442266,0.13225022,0.00475068,0.21995600,0.00000000,0.05754045,0.00000000,0.01211166,0.01962200,0.00000000,0.00000000,0.00000000,0.02066980,0.00390532,0.03371382,0.01560286,0.01985194,0.00000000,0.00914358,0.00929937,0.04246626,0.00653555,0.00029270,0.00000000,0.07192466,0.12051929,0.00000000,0.00000000,0.00555105,0.00000000,0.05960129,0.01704667,0.00000000,0.00000000,0.00690234,0.01662476,0.00333503,0.00208569,0.09594530,0.00130800,0.00000000,0.03729486,0.00388882,0.01992740,0.00000000,0.02433843,0.03726458,0.00000000,0.04639332,0.01601005,0.00732798,0.02664973,0.01765884,0.00084712,0.01617250,0.01712385,0.14053702,0.00000000,0.03287508,0.01243594,0.00096801,0.05071096,0.00000000,0.03204172,0.05043457,0.03374560,0.43217233,0.01243541,0.05956714,0.12841044,0.00000000,0.00000000,0.00000000,0.04455497,0.00910026,0.02294990,0.00156617,0.00000000,0.01217873,0.00000000,0.00000000,0.03818068,0.14694978,0.00652525,0.00000000,0.04313441,0.00000000,0.01792064,0.03977209,0.01373826,0.08114348,0.03489506,0.10662901,0.00000000,0.00000000,0.01566127,0.02079488,0.00207846,0.03891642,0.00000000,0.16061777,0.00599924,0.00964167,0.00000000,0.05959052,0.05871631,0.00000000,0.00000000,0.03669160,0.06608499,0.09322410,0.08263508,0.00011135,0.01728741,0.01801385,0.03705936,0.00223776,0.00116817,0.00000000,0.00277102,0.00545620,0.00000000,0.01007623,0.04290371,0.06891766,0.00338379,0.03671265,0.00976078,0.04508030,0.06710537,0.02006119,0.10114543,0.08022571,0.02960455,0.00856377,0.00946618,0.02520741,0.04352414,0.00000000,0.01596704,0.01423619,0.02918056,0.09742656,0.00034510,0.01433540,0.00381656,0.02149766,0.00316125,0.00000000,0.01572238,0.07254440,0.01982235,0.00161585,0.12249222,0.06606580,0.10339272,0.00128102,0.00150563,0.36630183,0.00000000,0.00602996,0.05876111,0.00000000,0.00210015,0.00000000,0.00000000,0.06024522,0.35230964,0.00068927,0.00000000,0.00000000,0.03009717,0.03052696,0.06948796,0.04007664,0.01270374,0.00908117,0.00568486,0.00349255,0.01605450,0.00000000,0.00610356,0.01205796,0.02481607,0.00058739,0.04995066,0.05096392,0.02076378,0.05123501,0.03720124,0.00645186,0.00000000,0.03351418,0.00960526,0.00462672,0.08008109,0.00000000,0.14281726,0.00232494,0.02393673,0.01813031,0.07707348,0.00689640,0.00000000,0.00218584,0.05830641,0.05173928,0.01377168,0.01471057,0.00489203,0.01736602,0.03945731,0.00000000,0.10884206,0.01866073,0.02090161,0.00587055,0.01789456,0.00215829,0.00000000,0.03053918,0.01840711,0.15971766,0.00000000,0.00000000,0.00399863,0.01940388,0.00000000,0.00000000,0.04479094,0.00137828,0.02447581,0.00420126,0.02666636,0.00000000,0.00000000,0.00000000,0.03792501,0.00150261,0.00584082,0.00765617,0.08063431,0.02738341,0.00532216,0.02625467,0.01953781,0.00026179,0.00162854,0.01312025,0.00167676,0.00139340,0.00392289,0.00000000,0.08175749,0.01044327,0.13508433,0.02180567,0.00000000,0.00301599,0.00239979,0.01106968,0.02224377,0.08839834,0.00000000,0.00067960,0.00922696,0.07866228,0.05505184,0.05826034,0.02306564,0.01178867,0.14920284,0.03712986,0.00186050,0.00390663,0.01832597,0.00000000,0.06122049,0.00143017,0.00000000,0.00325505,0.03158105,0.04534777,0.25526768,0.00000000,0.00089872,0.04621319,0.00000000,0.02420018,0.00388939,0.09058925,0.05369209,0.02262797,0.14686990,0.00000000,0.00000000,0.02194231,0.00734159,0.00000000,0.00000000,0.00346835,0.03448598,0.00418499,0.11469498,0.00200912,0.05908498,0.00000000,0.07450268,0.00655104,0.09576681,0.01662885,0.00000000,0.26803112,0.09216751,0.01394127,0.00809290,0.00000000,0.01371876,0.00100842,0.08410642,0.00000000,0.05266390,0.06264411,0.00000000,0.04162356,0.00998886,0.05929735,0.00000000,0.00000000,0.00942646,0.00000000,0.04493713,0.12631428,0.00030994,0.00699944,0.03062756,0.00810357,0.01365412,0.23200318,0.02027477,0.00095040,0.00000000,0.00000000,0.02175116,0.02874460,0.02425238,0.09745520,0.11787456,0.01820404,0.00036967,0.01281822,0.00630853,0.12027930,0.00384889,0.00406964,0.00383696,0.03509903,0.03321794,0.00000000,0.00899549,0.02862777,0.02307954,0.01485140,0.01370590,0.00191939,0.00882190,0.05356285,0.02518763,0.00438357,0.00260371,0.10033251,0.00056289,0.01469116,0.00000000,0.00000000,0.06256410,0.00091498,0.01799491,0.00000000,0.00589012,0.00828808,0.00861856,0.00716419,0.00000000,0.23760377,0.00757642,0.00000000,0.00939699,0.00432658,0.28618044,0.00167712,0.00156289,0.18776400,0.04090877,0.00092634,0.02996669,0.00000000,0.00390807,0.00231806,0.00000000,0.01848168,0.04433804,0.10537130,0.05658366,0.00898385,0.00024918,0.00398625,0.03107498,0.05468913,0.00000000,0.00000000,0.00151930,0.02564448,0.00620512,0.01524503,0.01343129,0.02867890,0.00216479,0.00000000,0.17959046,0.01263286,0.00000000,0.00000000,0.00000000,0.03655462,0.00000000,0.00000000,0.01037770,0.04618278,0.00485224,0.01186937,0.00380524,0.00000000,0.00184308,0.00477281,0.03609677,0.00000000,0.07102659,0.07551546,0.00819337,0.00115613,0.07690755,0.00039198,0.00844819,0.08788017,0.02410858,0.01199394,0.00419354,0.06940536,0.00000000,0.00127317,0.01089448,0.00340673,0.00434604,0.01236385,0.00111597,0.07671128,0.16012225,0.00390889,0.00000000,0.03759778,0.00809832,0.05585445,0.00556428,0.01984765,0.18931891,0.03730683,0.00600586,0.01125098,0.02886078,0.00753967,0.07902001,0.11842315,0.00000000,0.04134609,0.02469582,0.00000000,0.00000000,0.01581445,0.00000000,0.00000000,0.02392753,0.00850029,0.00000000,0.00000000,0.00023298,0.00523188,0.00000000,0.00350034,0.00000000,0.00135324,0.00665520,0.06248016,0.00774507,0.11931937,0.12149990,0.06147512,0.02298254,0.02052866,0.01141652,0.10858010,0.00662092,0.00000000,0.01548443,0.03114126,0.00464168,0.01778316,0.04967345,0.04928178,0.00000000,0.01074724,0.00158929,0.00021707,0.08530959,0.00398287,0.00000000,0.01382775,0.05326743,0.00000000,0.01400858,0.01498862,0.03661883,0.06292981,0.00807558,0.00429675,0.02488085,0.10486819,0.15357144,0.04032683,0.00000000,0.00000000,0.04829808,0.02906495,0.00079691,0.00000000,0.03260507,0.00344136,0.01972770,0.00000000,0.00000000,0.00000000,0.11074580,0.00287388,0.01844782,0.05862776,0.00411813,0.04284148,0.11366854,0.01693781,0.00301938,0.00000000,0.13599372,0.01194420,0.00000000,0.19708060,0.00146105,0.00935253,0.05764268,0.23205937,0.02530525,0.00036633,0.15212604,0.01219094,0.00652203,0.00157713,0.01087741,0.00043921,0.00116350,0.00675624,0.05393262,0.06127921,0.00000000,0.00000000,0.08748516,0.03559694,0.00000000,0.00341415,0.08912303,0.10057490,0.02010943,0.00000000,0.03994861,0.00089695,0.00000000,0.02374483,0.03396818,0.01616746,0.03104600,0.00000000,0.01108774,0.03475437,0.00000000,0.00804116,0.00214253,0.00141275,0.00729178,0.01829516,0.21765289,0.00345860,0.00254460,0.00152213,0.00836402,0.00751957,0.11071681,0.00240835,0.02364253,0.00496979,0.10861051,0.00000000,0.00000000,0.03465812,0.00000000,0.00000000,0.00000000,0.00024017,0.15205985,0.00350911,0.00000000,0.00108807,0.00000000,0.00000000,0.00054569,0.00000000,0.17784151,0.03175565,0.23165007,0.00000000,0.00599619,0.04398371,0.03683291,0.00758486,0.01079431,0.05622943,0.11037610,0.03781631,0.00000000,0.01168175,0.00258272,0.06210873,0.00000000,0.27220801,0.00114130,0.00000000,0.00000000,0.01080404,0.00000000,0.00000000,0.02881596,0.00734879,0.03787647,0.02176888,0.00476131,0.01172204,0.02943069,0.15422110,0.01679009,0.05495124,0.01392266,0.00000000,0.03032217,0.00000000,0.03435599,0.00000000,0.02050646,0.00317264,0.00973317,0.03645231,0.00491311,0.00000000,0.03072627,0.00000000,0.13841529,0.13161463,0.00000000,0.00150180,0.00697631,0.01741144,0.00108473,0.00000000,0.00287990,0.02329206,0.09428187,0.10140596,0.00000000,0.00000000,0.00000000,0.07937197,0.01835430,0.00134974,0.01244379,0.01825151,0.00117364,0.00108068,0.00411645,0.00401689,0.01904788,0.01954411,0.00000000,0.03433822,0.01750773,0.03907819,0.01990797,0.01101744,0.05605038,0.05810882,0.04497649,0.00322034,0.02114526,0.01704681,0.00728694,0.08371712,0.02511023,0.00995409,0.01755100,0.00644834,0.02626174,0.10569061,0.00000000,0.01204469,0.00000000,0.00157662,0.00000000,0.11693660,0.00000000,0.01046289,0.03215214,0.12334444,0.00000000,0.02925131,0.00000000,0.00572370,0.00000000,0.00000000,0.27659312,0.00000000,0.00344426,0.00292092,0.00575703,0.00673133,0.05572174,0.00554297,0.01036349,0.03754320,0.00564199,0.00000000,0.18723720,0.03807369,0.00000000,0.00427214,0.01275163,0.00000000,0.03353098,0.00000000,0.00956851,0.01204209,0.00000000,0.06312931,0.01353991,0.00944932,0.27310318,0.00000000,0.00000000,0.03602504,0.00000000,0.02200258,0.07619537,0.05653508,0.01920223,0.01381460,0.00662327,0.01684497,0.00811030,0.00910375,0.01380477,0.00729411,0.00410300,0.00252134,0.00000000,0.01237171,0.00728213,0.00000000,0.01743019,0.00147955,0.02662039,0.07848001,0.01275103,0.01186074,0.19334114,0.03066234,0.00260096,0.00019896,0.13779540,0.00000000,0.01449935,0.00880758,0.00127347,0.00000000,0.00397066,0.01223779,0.01312969,0.00000000,0.00000000,0.01196220,0.00018119,0.02571316,0.00019299,0.01233302,0.00438137,0.00956983,0.02175568,0.03678002,0.02560357,0.00000000,0.02399670,0.00000000,0.03853067,0.05260235,0.01309808,0.00863509,0.02515397,0.21184337,0.03335936,0.16039650,0.02128511,0.00000000,0.03199631,0.00772818,0.11589041,0.02416174,0.06525831,0.00000000,0.00340791,0.00000000,0.00110462,0.04170590,0.02545923,0.00000000,0.00000000,0.00000000,0.06961934,0.00691919,0.00000000,0.01682297,0.01694347,0.00000000,0.05140508,0.00000000,0.04684203,0.10848702,0.00621742,0.01879404,0.00000000,0.00000000,0.12392711,0.07148846,0.00182550,0.01232001,0.00330192,0.03907364,0.01035804,0.00723573,0.14784957,0.00000000,0.04539162,0.01669264,0.07415319,0.07826895,0.00258963,0.02052032,0.02825879,0.11705004,0.15480900,0.02398518,0.00000000,0.01765854,0.03747711,0.01400533,0.00000000,0.07773264,0.03464964,0.01738177,0.00079287,0.00325738,0.00594794,0.14875238,0.05056120,0.06022855,0.00003373,0.00000000,0.02785084,0.00155838,0.04347820,0.00593736,0.00210139,0.00000000,0.00000000,0.11639985,0.00000000,0.01547434,0.04681771,0.03365131,0.04086062,0.00000000,0.00546527,0.00000000,0.14655972,0.00000000,0.01108362,0.04698841,0.07970931,0.00000000,0.26817557,0.01151045,0.00000000,0.06014121,0.00000000,0.00000000,0.03197014,0.00870440,0.00449613,0.01117486,0.02087911,0.00495708,0.00000000,0.00309590,0.01615927,0.01383690,0.01965520,0.00000000,0.00388888,0.00361879,0.05030546,0.02514396,0.02286101,0.00857125,0.02434262,0.01287253,0.02323368,0.10728044,0.02705708,0.00000000,0.01106105,0.02032068,0.00687844,0.00852911,0.07124436,0.02309273,0.04003406,0.00000000,0.04949928,0.00379189,0.00586950,0.21754096,0.01690296,0.02238885,0.02151151,0.22121388,0.00078032,0.00599938,0.00285825,0.14803858,0.00246241,0.09604503,0.00119053,0.02202753,0.00000000,0.01910918,0.00228944,0.00113047,0.03814600,0.00000000,0.01436468,0.01117787,0.05839877,0.04655116,0.09464757,0.01001216,0.00259235,0.00172764,0.00727220,0.00000000,0.10029705,0.01170765,0.00561479,0.04309799,0.00756213,0.00000000,0.01421710,0.00000000,0.00000000,0.00912685,0.00081954,0.00800625,0.01569272,0.00907488,0.00000000,0.08033437,0.00884487,0.00698378,0.08158278,0.00000000,0.09360486,0.00000000,0.00983978,0.01886151,0.04013770,0.01760899,0.00000000,0.00000000,0.06024722,0.08801534,0.00000000,0.00408046,0.00114976,0.17735952,0.00238447,0.00000000,0.02000720,0.00206734,0.00000000,0.00025399,0.00130421,0.01749670,0.00000000,0.00000000,0.00000000,0.01068377,0.00678965,0.02871164,0.10905646,0.00051263,0.14623578,0.00000000,0.11358649,0.00614378,0.02532610,0.01158241,0.02098568,0.01552408,0.00000000,0.22404273,0.01788261,0.00057611,0.02423519,0.03333671,0.04204031,0.02227631,0.00544521,0.00000000,0.00000000,0.07731858,0.01271943,0.03803628,0.03255325,0.06906541,0.08065546,0.00000000,0.00000000,0.00000000,0.01149363,0.00000000,0.00019713,0.02898876,0.03043664,0.00000000,0.02797860,0.00227370,0.08578005,0.00198920,0.02166210,0.02378994,0.00017476,0.05503850,0.19302382,0.00419032,0.00000000,0.00403128,0.00332290,0.01130914,0.00000000,0.01786001,0.05873604,0.00000000,0.06719724,0.00652074,0.00842668,0.00000000,0.00000000,0.00110709,0.23151487,0.05127942,0.05298976,0.00652490,0.00065024,0.00730963,0.00097104,0.00522750,0.03614010,0.00000000,0.00000000,0.01405522,0.00000000,0.00000000,0.00541929,0.00188574,0.00000000,0.16448833,0.03155030,0.01645005,0.00000000,0.03174847,0.00000000,0.18624133,0.00000000,0.01471929,0.00000000,0.00821090,0.00849640,0.26171091,0.05195042,0.00000000,0.00370370,0.03022835,0.03468897,0.01793292,0.02242740,0.03669216,0.00529550,0.22293428,0.01325157,0.06099999,0.02037840,0.00217757,0.01663924,0.00000000,0.01790744,0.00215440,0.05035366,0.00000000,0.00336521,0.01677160,0.13164173,0.01485234,0.09162550,0.06315413,0.01364917,0.04483876,0.00235310,0.02971798,0.03521805,0.02164273,0.00122546,0.00000000,0.04377722,0.00000000,0.00000000,0.00275058,0.00000000,0.16281803,0.04620240,0.00841875,0.01071490,0.00050516,0.06100199,0.00990560,0.00282903,0.07509176,0.05957110,0.00191825,0.00088328,0.16350088,0.00908930,0.02467668,0.13904710,0.00397035,0.00000000,0.03701058,0.06948071,0.00000000,0.00353689,0.00792245,0.00608859,0.00257053,0.00000000,0.00245424,0.00087246,0.01052098,0.00162441,0.00995742,0.13809225,0.00000000,0.00000000,0.04519159,0.15185757,0.00284427,0.00146722,0.16189098,0.07208218,0.00325493,0.00384785,0.00453133,0.01642402,0.00667917,0.00133666,0.03039780,0.00000000,0.03661796,0.04580768,0.00730509,0.04103580,0.00468993,0.07540390,0.00031606,0.00220746,0.03934640,0.00000000,0.03079073,0.00179257,0.00764153,0.00598995,0.03716993,0.06409527,0.01977067,0.02451674,0.00021163,0.00156944,0.00572022,0.03489837,0.05091656,0.00000000,0.04854356,0.00239641,0.12355470,0.00000000,0.11176647,0.10516497,0.00804892,0.01723479,0.01749532,0.00000000,0.01585066,0.00000000,0.00000000,0.00000000,0.00000000,0.03313710,0.00000000,0.02118739,0.00000000,0.01429353,0.14627646,0.21719348,0.02595120,0.00000000,0.00057593,0.00288362,0.02190582,0.00000000,0.10352986,0.08386589,0.02202147,0.09283295,0.02249692,0.01054351,0.00000000,0.32427615,0.01304284,0.00000000,0.00143902,0.00002288,0.00000000,0.00273020,0.01679907,0.06896660,0.01567460,0.02966476,0.02262580,0.02572497,0.00862130,0.00493008,0.00963482,0.01513972,0.05513041,0.02290776,0.05037883,0.08459104,0.03574099,0.00000000,0.00604223,0.04386541,0.05542923,0.00000000,0.00221956,0.00056981,0.00951861,0.04376943,0.19630352,0.06219499,0.00000000,0.00095058,0.03896748,0.00239050,0.00193512,0.06546008,0.01436992,0.00256885,0.00000000,0.00000000,0.13902591,0.02202091,0.00654919,0.01422705,0.00315604,0.04970739,0.00000000,0.03397303,0.00093988,0.00000000,0.00000000,0.01326033,0.02159071,0.02229788,0.00000000,0.10343041,0.00010384,0.04495477,0.01039015,0.24527751,0.03129652,0.02602826,0.15866651,0.12463734,0.00000000,0.00000000,0.02568819,0.00750643,0.06164842,0.00000000,0.00067643,0.07256025,0.08863548,0.02387206,0.22599711,0.00000000,0.07602130,0.01216173,0.03863213,0.00000000,0.00594775,0.03912424,0.00094007,0.02580100,0.00502400,0.00568498,0.01212532,0.06310526,0.00000000,0.00000000,0.00224144,0.01849044,0.01261617,0.00180860,0.01814176,0.00223441,0.04503372,0.00000000,0.02625241,0.00000000,0.00268347,0.01400850,0.00000000,0.05538542,0.00000000,0.24153300,0.01600892,0.00030142,0.13884322,0.03681365,0.00000000,0.03890327,0.06895297,0.00000000,0.02959085,0.00000000,0.00610369,0.02000517,0.06163666,0.01591137,0.00232967,0.01059552,0.00329166,0.00000000,0.02151290,0.03312626,0.02585808,0.02082620,0.00000000,0.00000000,0.00418079,0.01911635,0.00110232,0.00040664,0.03978128,0.02837738,0.01208438,0.00000000,0.00077735,0.03425710,0.01570631,0.02165060,0.04060443,0.00005511,0.05267712,0.00000000,0.00005076,0.06399805,0.00000000,0.01355955,0.00000000,0.03174125,0.02574007,0.08455451,0.28351256,0.06256030,0.04729205,0.00081878,0.00213734,0.01872497,0.00235595,0.04227160,0.00000000,0.05963203,0.00000000,0.07012621,0.00601680,0.02453065,0.00000000,0.00000000,0.06448886,0.00713055,0.00000000,0.00175942,0.01187487,0.06487803,0.00000000,0.01990944,0.04734804,0.10708008,0.00000000,0.00000000,0.00000000,0.04216591,0.00000000,0.03882421,0.05044449,0.03055871,0.00707993,0.18920299,0.01023384,0.00968939,0.07913654,0.02915089,0.00347404,0.00994998,0.00000000,0.00000000,0.00512589,0.00057148,0.01096573,0.03352728,0.00000000,0.01842072,0.04821681,0.00492420,0.00549828,0.00000000,0.00246350,0.18860403,0.00267802,0.00160338,0.02520121,0.02941838,0.00525561,0.02477861,0.07472990,0.00366686,0.00220472,0.00955574,0.07672404,0.00000000,0.00448488,0.05018627,0.03256806,0.01014746,0.06701180,0.00020013,0.00569093,0.00000000,0.02092785,0.02041060,0.00466421,0.01571297,0.00000000,0.01349777,0.08636806,0.01427023,0.07225280,0.00668164,0.00000000,0.00543029,0.14380647,0.06302678,0.01202850,0.01817913,0.00086755,0.11305153,0.00000000,0.01853216,0.17977677,0.03190388,0.28629819,0.00000000,0.00000000,0.12676592,0.04012369,0.03425142,0.01800517,0.03681000,0.00381157,0.06088098,0.00085294,0.00138938,0.06074070,0.01178039,0.01188887,0.00000000,0.00766419,0.00001351,0.04390167,0.08735989,0.00039322,0.00204535,0.00763938,0.00000000,0.01893651,0.07209935,0.02473131,0.00486505,0.00353941,0.00362957,0.01496223,0.00386185,0.09562126,0.24623990,0.01075590,0.03569188,0.02183293,0.00132709,0.05633484,0.00048458,0.01594305,0.00748685,0.00551206,0.02339728,0.00000000,0.00396406,0.00609356,0.13460769,0.00000000,0.05784675,0.00528441,0.04013185,0.00000000,0.00000000,0.02032751,0.01432590,0.03601657,0.04878969,0.00794695,0.02841377,0.00000000,0.01036749,0.00000000,0.00000000,0.00000000,0.00225831,0.05080659,0.01916230,0.03070822,0.04880298,0.08309265,0.31894925,0.00978015,0.03575639,0.00152189,0.01493939,0.00120961,0.05700567,0.10497670,0.03225916,0.00000000,0.00000000,0.01383393,0.02484378,0.00000000,0.01647874,0.01267967,0.01297044,0.02724549,0.05063211,0.16635989,0.03488626,0.06878009,0.01258280,0.00000000,0.00313351,0.00163067,0.00000000,0.02778904,0.07742919,0.00074339,0.00000000,0.05760763,0.01867368,0.03414950,0.08771400,0.00129740,0.54969156,0.10562336,0.01913476,0.00102046,0.04006935,0.03985750,0.02125440,0.01123724,0.00956192,0.03509676,0.00629431,0.04376790,0.00096770,0.02710239,0.02383880,0.04249219,0.00229930,0.02123819,0.00000000,0.07867126,0.00829637,0.00551273,0.11719813,0.01454116,0.00030305,0.03079962,0.00000000,0.05581178,0.02568120,0.36263257,0.03016894,0.00260967,0.00255666,0.00000000,0.02281174,0.06344918,0.14437714,0.03120112,0.03959039,0.00000000,0.00000000,0.02106187,0.00000000,0.00000000,0.04836226,0.00000000,0.00000000,0.00889263,0.01396921,0.00000000,0.00450964,0.00000000,0.00347716,0.09091248,0.01279099,0.02012292,0.00134238,0.05861309,0.03567069,0.08296034,0.01408612,0.17416640,0.00495510,0.00816085,0.01033689,0.00107716,0.00000000,0.09139081,0.00023163,0.04161094,0.01275618,0.00000000,0.04894099,0.06561908,0.00000000,0.00000000,0.00450501,0.00302416,0.10484470,0.00058770,0.07592367,0.00000000,0.02092222,0.00865956,0.00090148,0.01326340,0.06157554,0.00000000,0.14578909,0.00906339,0.00000000,0.00000000,0.00536076,0.05004576,0.31553915,0.01583373,0.00048980
6047,data/pair/6047/RHEED/3 min of AlSb.MOV,manifest_specified_rheed_path,26.830000,805,8,0.40158737,0.01229145,0.10818804,0.00000000,0.02668228,0.01368660,0.03649097,0.02645164,0.02307255,0.00522182,0.04115535,0.10389027,0.01611950,0.00031737,0.00181518,0.24226932,0.04930868,0.00005769,0.01500242,0.04570812,0.04678662,0.00717751,0.85289657,0.17741439,0.04746310,0.01602422,0.00215772,0.45083502,0.00398607,0.11597813,0.00000000,0.01135992,0.07617521,2.61479688,0.00281560,0.04875413,0.00100460,0.00003138,0.02045570,0.02790378,0.18342838,0.00848833,0.00929651,0.00220447,0.02165219,0.00000000,0.00550668,0.02045432,0.00000000,0.12215440,0.00186421,0.03736793,1.59448874,0.03023641,0.04104963,0.20303783,0.06301151,0.00088724,0.00000000,0.04555305,0.25724098,0.00338992,0.01183242,0.08574064,0.09233113,0.00249896,0.00429341,0.08590247,0.13684811,0.04202297,0.06181414,0.00764052,0.00000000,0.08468394,0.02485492,0.04807461,0.00000000,0.00000000,0.00449313,0.02355892,0.45881179,0.01146028,0.89401430,0.00000000,0.00636064,1.17443573,0.00000000,0.95353216,0.00000000,0.01420824,0.21933207,0.00000000,0.00000000,0.01126233,0.05429855,0.00184337,0.14547046,0.00000000,1.44669819,0.00000000,0.00000000,0.15168399,0.27364391,0.00000000,0.00000000,0.08641966,0.00000000,0.66290188,0.00000000,0.02114712,0.00085527,0.14366700,0.07614484,0.00252802,0.00029814,0.07882386,0.00000000,0.00492568,0.03394675,0.22768880,0.10017494,0.32126352,0.03104382,0.05221663,0.00000000,0.00289737,0.00030793,0.06937105,0.06238253,0.00000000,0.00183227,0.46040812,0.00389781,0.00144531,0.02360058,0.06992429,0.01122190,0.04496321,0.16053787,0.00000000,0.01122371,0.00000000,0.00000000,0.02412271,0.02563113,0.22277680,0.02003445,0.00368877,0.05698487,0.01451281,0.00523913,0.20599928,0.00818076,0.08703411,0.04481812,0.00878727,0.00000000,0.00000000,0.00000000,0.21806556,0.03735421,0.07089630,0.20666920,2.34123325,0.00169027,0.88771808,0.00114685,0.09499741,0.17439385,0.05282345,0.01326633,0.76171148,0.36901084,0.09481701,0.19689119,0.04472875,0.00000000,0.00000000,0.15452589,0.00000000,0.04145733,0.31096521,0.02754114,0.01544647,0.18657905,0.02143075,0.00000000,0.00865117,0.04715222,0.02624441,0.12690678,0.71963680,0.00181792,0.00253873,0.00866151,0.08159248,0.11323519,0.02648169,0.00000000,0.02624210,0.00082904,0.03042083,0.56232411,0.00199894,0.10512204,0.02198471,0.00845054,0.00190418,0.08098774,0.01758170,0.00000000,0.24808586,0.00366169,0.11773257,0.01360984,0.00318109,0.00545630,0.01670532,0.00331194,0.04702687,0.00000000,0.01235091,0.66610461,0.36632517,0.14511304,0.08598896,0.00775234,0.05752386,0.00000000,0.01839021,0.61813736,0.39968047,0.06848854,0.00000000,0.00000000,0.07058524,0.21685509,0.91676307,0.00122485,0.00000000,0.45540670,0.00182229,0.06160932,0.04978016,0.08287269,0.02138013,0.13375594,0.01851964,0.01569824,0.01447137,0.00025248,0.00142523,0.61873347,0.04675899,0.01477199,0.02633996,0.00672493,0.00000000,0.00000000,0.11738504,0.01541324,0.01417471,0.00125815,0.04545873,0.00417973,0.26046312,0.01401593,0.27130505,0.00000000,0.00653783,0.07253398,0.12286681,0.00645398,0.10596976,0.22358520,0.14259392,0.08752946,0.00000000,0.02764723,0.11618319,0.00265364,0.00568477,0.01722466,0.05641009,0.00098651,0.19403526,0.03005162,2.02961540,0.00000000,0.25548074,0.01770320,0.03220014,0.00028639,0.02033011,0.04333783,0.00137044,0.11427164,0.01734299,0.00073291,0.00120249,0.00353244,0.00956407,0.10422602,0.02636078,0.05652422,0.00378451,0.05071501,0.00000000,0.00888851,0.00747552,0.01012849,0.00122383,0.00703323,0.00019869,0.27551040,0.02366108,0.00000000,0.06978491,0.00222991,0.08393708,0.00048931,0.05657225,0.61079043,0.01486323,0.12131714,0.35900879,0.56915730,0.02752512,0.00003994,0.03214467,0.01639605,0.01927045,0.02262351,0.05355311,0.02244949,0.00000000,0.44434699,0.08161464,0.00188959,0.20753872,0.07847825,0.04169402,0.01372417,0.00000000,0.01879100,0.00000000,0.00151303,0.00000000,0.80222237,0.00000000,0.02555230,0.23551372,0.00881659,0.01016178,0.40628672,0.09864561,0.00223687,0.03984393,0.07948292,0.00041181,0.00420940,0.19825754,0.01153653,0.01401005,0.03489818,0.28242993,0.02443832,0.00463742,0.00000000,0.00248983,0.00077439,0.00000000,0.01075762,0.00428784,0.01245212,0.01063104,0.06269895,0.19338030,0.00000000,0.00000000,0.10953122,0.05483175,0.30384070,0.05354749,0.00552866,0.01899249,0.00028636,0.00187637,0.16165233,0.15190920,0.14733763,0.02844701,0.09408290,1.13140595,0.00000000,0.00000000,0.03056045,0.28363791,0.17429775,0.12302291,0.00233042,0.00000000,0.00170073,0.00155503,0.02100922,0.00424259,0.20850170,0.00494790,0.00024789,0.14401546,0.01854491,0.01230151,0.17070319,0.15421687,0.41289023,0.21968877,0.01212298,0.00411355,0.00000000,0.00857025,0.00884679,0.00024175,0.18894584,0.02161976,0.03653545,1.02458143,0.00256198,0.05421587,0.52422643,0.00198145,0.09984127,0.11254591,0.14418992,0.00041780,0.13152428,0.30805111,0.33057910,0.11582706,0.00157069,0.14106958,0.00264402,0.02728868,0.00158288,0.02617360,0.06183084,0.00121470,0.04642085,0.04084136,0.13419509,0.00088870,0.00497214,0.00038056,0.00369959,0.02647254,0.00740182,0.05094665,0.03357971,0.13427153,0.00394724,0.00649378,0.02246643,0.00000000,0.02937205,0.58275741,0.00545609,0.00000000,0.07070012,0.04322073,0.02315342,0.00410490,0.00099793,0.03358515,0.00993560,0.00197774,0.08469182,0.00000000,0.01275735,0.05425737,0.00000000,0.06173135,0.06719521,0.00242890,0.50166088,0.01632359,0.00000000,0.02648971,0.00413314,0.19328755,0.00197698,0.00638903,0.13694176,0.20114698,0.00000000,0.07116083,0.02737954,0.02421776,0.48710543,0.29898560,0.00466632,0.17466626,0.00050067,0.01798369,0.10951641,0.00269905,0.03018811,0.00856672,0.77866590,0.02970390,0.01107186,0.26318210,0.16593197,0.04120710,0.01064910,0.01229571,0.04987577,0.00000000,0.12465852,0.01794847,0.00000000,0.25052455,0.02594240,0.01708356,0.00513993,0.06454215,0.01651376,0.02946069,0.51832241,0.02171369,0.00000000,0.43422943,0.07808290,0.06475466,0.00000000,0.02595587,0.00000000,0.27711537,0.06775703,0.30916715,0.07606961,0.10662456,0.06520363,0.00000000,0.00280453,0.03029388,0.15378286,0.03099729,0.02159856,0.00096811,0.00749769,0.00000000,0.01018671,0.01146276,0.11758562,0.08241126,0.02624164,0.02450978,0.00094456,0.01438005,0.00000000,0.00000000,0.00492719,0.00838673,0.06210009,0.01017262,0.01245663,0.76307476,0.12306369,0.06886724,0.00899302,0.01260467,0.00000000,0.00000000,0.17402895,0.00000000,0.13394317,0.00088625,0.00000000,0.00025770,0.00000000,0.40554944,0.13193247,0.30424556,0.01010614,0.05502523,0.00270531,0.01297982,0.22431712,0.07228792,0.00000000,0.06011631,0.18337619,0.01132964,0.09626435,0.00024377,0.14557317,0.04596600,0.00628621,0.00000000,0.00212844,0.00669911,0.01476768,0.06023727,0.00617484,0.00000000,0.00000000,0.00094314,0.01485233,1.17912912,0.00031138,0.02808318,0.03044186,0.00810325,0.00943847,0.04037060,0.01795901,0.05515343,0.00310358,0.51659107,0.04539352,0.00961327,0.00469114,0.12511322,0.00000000,0.00997369,0.19920494,0.02690894,0.00148078,0.94078159,0.00609503,0.02357715,0.01891767,0.13115889,0.00861786,0.05654217,0.00050608,0.00873210,1.07808495,0.51525182,0.00613576,0.01557759,0.00594768,0.00227215,0.01745825,0.00979131,0.00863594,0.00003514,0.00000000,0.00000000,0.05126255,0.63929713,0.12895276,0.01698228,0.00409621,0.17466855,0.00512232,0.59026462,0.11353812,0.00000000,0.79899216,0.00000000,0.00582008,0.14878476,0.04773855,0.02984377,0.03142430,0.01825748,0.00278932,0.00000000,0.00384663,0.02597633,0.02404920,1.05802310,0.11255845,0.00000000,0.02007094,0.00084324,0.10660390,0.07006850,0.00036516,0.00460794,0.00129002,0.00347273,0.00278756,0.01467804,0.08961308,0.03923030,0.07690558,0.29178777,0.02999562,0.00186053,0.12920329,0.00625256,0.00000000,0.06835352,0.10364880,0.02866615,0.02576135,0.00328014,0.00761032,0.02632700,0.00000000,0.09745064,0.01703097,0.01664252,0.00000000,0.11587436,0.00075350,0.00298034,0.44269833,0.05512166,0.00301928,0.01988916,0.00074761,0.14855491,0.00000000,0.04963537,0.00048918,0.00000000,0.11732180,0.30783728,0.02302497,0.00905309,0.01870570,0.00112806,0.02239863,0.15051292,0.24759197,0.00023559,0.00096108,0.00558009,0.00485374,0.14533219,0.31364754,0.00175108,0.02792728,0.00000000,0.02288318,0.14122798,0.00226181,0.28340957,0.04627602,0.00044804,0.00176412,0.35290927,0.06205952,0.13270658,0.00000000,0.00498671,0.64905339,0.02974026,0.03434859,0.03590029,0.00000000,0.51116574,0.17686906,0.00000000,0.06304312,0.00000000,0.00184661,0.00188534,0.11148901,0.00076630,5.45590591,0.01873515,0.00000000,0.00776873,0.01342507,0.00005488,0.13626941,0.11250544,0.01215021,0.02840918,0.62294549,0.00330576,0.00215744,0.00167467,0.00532338,0.00000000,0.00192496,0.05587296,0.02913657,0.02132012,0.03071899,0.16142036,0.01909945,0.05049599,0.16156647,0.10669306,0.00205478,0.35223854,0.00000000,0.25408706,0.00100821,0.38814169,0.00001448,0.24125732,0.48804110,0.01037361,0.62764066,0.01225952,0.02649193,0.00386623,0.02640155,0.00371879,0.00012090,0.03744322,0.22402272,0.24351172,0.01202153,0.00215768,0.08440553,0.15653676,0.00916682,0.00381785,0.00000000,0.08748820,0.20758083,0.03465812,0.00216091,1.70955646,0.06730656,1.69134629,0.00000000,0.04006224,0.11581703,0.00400316,0.01093407,0.02425007,0.27966464,0.00515288,0.00078607,0.00005902,0.06843745,0.00000000,0.26936385,0.22371145,0.01155440,0.63963258,0.00586957,0.00756198,0.04792922,0.29392371,0.00041423,0.08461916,0.00000000,0.01195128,0.00202044,0.00000000,0.01053458,0.10572875,0.09052636,0.06833046,0.19590901,0.05054711,0.02992934,0.00035820,0.04104266,0.00031978,0.00121733,0.04225427,0.00041509,0.02056417,0.04578038,0.00000000,0.39095733,0.00488275,0.00000557,0.01828472,1.17559266,0.00000000,0.02806190,0.57401967,0.00000000,0.00000000,0.00560348,0.12391222,0.00000000,0.30327612,0.11311444,0.08023426,0.05100169,0.00944409,0.02954057,0.03623333,0.02933967,0.31260151,0.03600196,0.00000000,0.00000000,0.00106211,0.00574148,0.00000000,0.18346551,0.00833130,0.35954428,0.00000000,0.00734142,1.15503490,0.00059456,0.00221901,0.00192422,0.22746152,0.87389284,0.03714761,0.00000000,0.01213023,0.01459922,0.00000000,0.01586612,0.03827757,0.23055954,0.18066412,0.00000000,0.00000000,0.01520530,0.00000000,0.00000000,0.00000000,0.00705117,0.00375757,0.01499646,0.02535549,0.03015376,0.22482614,0.06047893,0.36203656,0.02335745,0.47261918,0.00765613,0.06532183,0.04431769,0.00607806,0.00000000,0.00976373,0.00930219,0.00381404,0.00031884,0.02490377,0.04051131,0.00107810,0.01039886,0.00053650,0.08232486,0.00101369,0.00000000,0.00204814,0.06492316,1.74054575,0.09153201,1.20985270,0.15596867,0.04569872,0.22559732,0.00073419,0.00044249,0.10560944,0.05315975,0.50902915,0.70225441,0.00000000,0.00092125,0.07207572,0.15736000,0.01221559,0.22009642,0.03159020,0.03388942,0.02930222,0.10945241,0.00000000,0.05331717,0.00957706,0.00055852,0.00793686,0.17879730,0.06676349,0.00104369,0.04638663,0.30571377,0.11350644,0.34970847,0.00000000,0.00015619,0.13605231,0.00000000,0.00000000,0.04512152,0.01343596,0.00558055,0.02156031,0.00000000,0.00956323,0.00000000,0.05459694,0.00416145,0.11503668,0.00076966,0.04128213,0.00251772,0.00500507,0.41783905,0.00000592,0.00012407,0.01514534,0.07326404,1.29382682,0.05259609,0.10169834,0.00605214,0.01986245,0.56806850,0.02079259,0.02363220,0.00363624,0.27308783,0.05214198,0.01617637,0.02461959,0.01830264,0.00160357,0.01387949,0.07248735,0.04322973,0.45060581,0.04515401,0.00592548,0.06049683,0.25721884,0.00800416,1.15125358,0.07900572,0.02313963,0.00000000,0.08005273,0.11182144,0.02552291,0.00731615,0.01142064,0.00050004,0.00921499,0.10318626,0.07337759,0.00034687,0.00391962,0.00002002,0.08597503,0.12205437,0.05647771,0.28530353,1.53545904,0.02748863,0.09508713,0.01841548,0.07562684,0.00352571,0.19779997,0.02500168,0.20423989,0.00000000,0.00069680,0.01200334,0.00483133,0.00000000,0.16443038,0.04063985,0.00520619,0.01648272,0.06911865,0.03224631,0.16228659,0.03250723,0.10111791,0.13614605,0.57670528,0.00561459,0.03086968,0.19551988,0.01830343,0.00091079,0.01846293,0.23456112,0.01415516,0.00000000,0.05521521,0.10329128,0.08292805,0.02208328,0.00000000,0.08001356,0.84125239,0.26716420,0.08988617,0.00000000,0.12736318,0.04229628,0.12507464,0.04528520,0.06795227,0.00000000,0.00000000,0.08425100,0.04982606,0.05250626,0.01098932,0.00137994,0.07367504,0.01897151,0.16322534,1.73042011,0.04555954,0.00010022,0.20291017,0.00786544,0.00175957,0.00364677,0.25794786,0.00000000,0.06894466,0.00250185,0.00000000,0.00177642,0.44806436,0.34429818,0.00000000,0.00994780,0.00611657,0.12109939,0.00227180,0.24706662,0.07477628,0.03848720,0.00313113,0.00943339,0.03253983,0.70490229,0.00000000,0.01917710,0.06608158,0.00637192,0.08905631,0.09593445,0.00356536,0.01331853,0.01187135,0.16126676,0.16400355,0.56325680,0.03381078,0.10550646,0.00000000,0.02298544,0.41271210,0.01705576,0.51912433,0.00584776,0.00000000,0.08726121,0.02871319,0.00816318,0.08747396,0.00000000,0.00000000,0.01588477,0.00000000,0.00000000,0.00283310,0.00263017,0.02649780,0.00164058,0.54878026,0.00000000,0.00000000,0.01805662,0.00000000,0.08089659,0.10810634,0.00204590,0.08367009,0.00000000,0.00362625,0.07363992,0.00000000,0.06679474,0.00902149,0.00000000,0.63531947,0.00000000,0.06973623,0.00142927,0.40273660,1.25036430,0.00622845,0.00118311,0.00849731,0.13163286,0.54100674,0.07468379,0.00160513,0.00000000,0.00119800,0.03264007,0.30098769,0.87162668,0.00082116,0.00058629,0.00859409,0.00743810,0.00000000,0.39138812,0.06452917,0.09843567,0.00000000,0.00000000,0.02156399,0.00434191,0.43334344,0.13792706,0.01219943,0.00000000,0.00127498,0.11954948,0.02176087,0.08033302,0.14375252,0.01831529,2.38717794,0.00000000,0.00618835,0.00002982,0.70329773,0.07705037,0.02175986,0.03193371,0.00786512,0.00000000,0.64563560,0.00615561,0.00170069,0.00094589,0.00199644,0.03514334,0.00438560,0.21449956,0.00000000,0.04922365,0.01373487,0.00227991,0.00122357,0.01663699,0.01516215,0.03408909,0.01719595,0.01497338,0.00351745,0.16356897,0.17364003,0.01201684,0.00838727,0.00042496,0.03868609,0.03902048,0.00773320,0.07907008,0.00000000,0.00122287,0.21298905,0.07468939,0.03793845,0.07768399,0.14152651,0.11530328,0.05803635,0.00000000,0.00000000,0.01528772,0.01366504,1.38359010,0.42972848,0.03946714,0.00250718,1.20227683,0.00198925,0.00019234,0.00017862,0.08125502,0.22674307,0.15154885,0.00000000,0.11244056,0.00000000,0.00404553,0.00000000,0.02151111,0.46606538,0.11732034,0.00088351,0.07048301,0.05242291,0.03034914,0.81588858,0.00188090,0.05753216,0.06079029,0.06801719,0.24914172,0.85996318,0.38275078,0.00000000,0.00000000,0.00000000,0.31947416,0.00810760,0.00058947,0.02078548,0.00110087,0.04596257,0.35145998,0.45967063,0.02703009,0.00000000,0.09409177,0.01035852,0.00464428,0.15300822,0.00000000,0.38102159,0.00028385,0.00050292,0.36965781,0.17108391,0.09439471,0.11941531,0.00008091,0.14113259,1.65172780,0.00379653,0.03206598,0.04546239,0.13061114,0.00000000,0.01612900,0.22367303,0.05731465,0.00002182,0.15791522,0.03136057,0.10769493,0.00065756,0.00118559,0.00403566,0.08152001,0.00481499,0.02905297,0.74919814,0.00000000,0.02848393,0.00580951,0.37750396,0.01212286,0.00665560,0.00423988,0.00125197,0.00121088,0.04232469,0.06505789,0.00219802,0.02965512,0.00608757,0.08846453,0.03872259,0.49412793,0.48322105,0.00123082,0.02098232,0.12219705,0.14389534,0.02124124,0.00079605,0.50081098,0.50793278,0.01965677,0.11891752,0.00089754,0.00585451,0.31645221,0.00000000,0.06703348,0.03855281,0.00000000,0.00293278,0.00000000,0.02490243,0.00787293,0.36332682,0.00000000,0.01610897,0.03316708,0.14553614,0.00267346,0.00000000,0.04543975,0.16027433,0.01088189,0.00031831,0.00043862,0.19317645,0.00000000,0.19729024,0.02107238,0.00884937,0.00157041,0.00000000,0.01349396,0.00174153,0.02771885,0.06926867,0.00089018,0.09548782,0.00054972,0.00150115,0.08123279,0.01029340,0.00000000,0.03244819,0.28979525,0.02828150,0.00119367,0.09098753,0.01217414,0.06179007,0.42181274,0.09855183,0.07887359,0.12504716,0.03163748,0.01454374,2.91401577,0.00243569,0.02465660,0.00186895,0.04092551,0.01440624,0.44796655,0.35200572,0.00055705,0.00104019,0.67548579,0.02327474,0.00000000,0.00499028,0.00008855,0.03121925,0.21599779,0.00159843,0.00027763,0.00159476,0.00000000,0.00000000,0.00032329,0.00004942,0.06098178,0.09798443,0.00000000,0.00893969,0.13398726,0.00357752,0.74259830,0.17130353,0.00000000,0.18268938,0.00000000,0.00000000,0.05555482,0.09816033,0.00690472,0.00653634,0.00000000,0.03879648,0.00000000,0.00000000,0.00000000,0.01299441,0.57499713,0.01121068,0.04120519,0.01312069,0.12156884,0.06831218,0.00874679,0.01184670,0.00570438,0.01302883,0.10003998,0.05636233,0.59419036,0.00421278,0.00562173,0.53034943,0.00000000,0.25059536,0.00363279,0.02578243,0.00000000,0.00536074,0.00000000,0.14396550,0.04957717,0.02399171,0.00000000,0.00000000,0.00132778,0.01215005,0.00033839,0.16271742,0.00041420,0.00000000,0.00000000,0.29939112,0.00000000,0.00203604,0.36911905,0.04445246,0.00637375,0.13528427,0.00950402,0.00014949,0.00023236,0.00000000,0.00000000,0.12888679,0.19032294,0.00294121,0.04179154,0.13095504,0.09027186,0.00000000,0.00000000,0.00718419,0.00000000,0.11830331,0.05412180,0.00000000,0.00267852,0.01768010,0.04225254,0.29016322,0.00637091,0.06632164,0.07532998,0.05906726,0.01462351,0.49662203,0.08430317,0.00000000,0.03211930,0.00010216,0.69499862,0.00074114,0.04106430,0.73611313,0.00000000,0.22610410,0.08477553,0.00000000,0.00000000,0.00883894,0.01994912,0.05242701,0.00477261,0.00000000,0.00027295,0.01115160,0.00000000,0.00000000,0.26425424,1.13505220,0.07793704,0.00000000,0.19583559,0.01358113,0.01809575,0.00000000,0.07314883,0.18671964,0.00439781,0.00000000,0.00302135,0.00000000,0.04549486,0.19856328,0.00344520,0.01968763,0.00470557,0.00000000,0.00000000,0.09663194,0.00323913,0.01327311,0.00000000,0.00518297,0.00000000,0.07974207,0.12580259,0.00223333,0.01042836,0.00520870,0.00000000,0.03207739,0.30477607,0.19953558,0.17483073,0.00256271,0.00264098,0.11344677,0.09112470,0.13454343,0.00024927,0.00000000,0.02874759,0.19256225,0.06926693,0.00541229,0.00036816,0.06032052,0.14769922,0.00006504,0.04085368,0.05008140,0.08516642,0.00041328,0.06644470,0.00941159,0.01738187,0.01698602,0.02204485,0.00019648,0.00000000,0.33495745,0.02153616,0.00000000,0.00000000,0.00869505,0.01073060,0.04221115,0.15638471,0.00027286,0.00000000,0.18117040,0.00039588,0.07480032,0.41153401,1.35150170,0.04135714,0.06020715,0.02418923,0.16358110,0.00156098,0.00000000,0.01675020,0.00000000,0.73451710,0.00065218,0.01831223,0.02190290,0.33771625,0.10414243,2.06869268,0.00000000,0.02975530,0.02341163,0.00000000,0.00000000,0.00000000,0.08237341,0.02416332,0.34495673,0.19975205,0.00534601,0.04063600,0.04569205,0.00000000,0.00697033,0.00000000,0.00000000,0.00000000,0.10628708,0.00007583,0.01003871,0.18083313,0.00000000,0.73755628,0.00000000,0.00236889,0.01380759,0.00060004,0.17664661,0.00056115,0.09210972,0.05756009,0.00109319,0.31644264,0.00012483,0.01630207,0.00945630,0.03349651,0.00712766,0.04539975,0.36708733,0.00175254,0.04480845,0.89561486,0.07594459,0.15715463,0.00331923,0.00394807,0.00090804,0.01502705,0.00479915,0.00000000,0.00219807,0.02892944,0.14068887,0.13416457,0.06291442,0.02801858,0.00770596,0.19442637,0.00000000,0.00167791,0.00000000,0.00000000,0.11306519,0.00053384,0.01772992,0.00824010,0.00958719,0.08563834,0.11827140,0.03000645,0.03553237,0.06945647,0.01659885,0.53135371,0.76749974,0.00606400,0.74943876,0.12251784,0.26775131,0.05125602,0.01320935,0.00383264,0.00440016,0.00000000,0.03523245,0.00098439,0.03180185,0.18941511,0.15930195,0.00724363,0.00000000,0.13025473,0.00000000,0.04594293,0.02563825,0.06239304,0.09176750,0.00000000,0.01565802,0.00000000,0.00401012,0.00163649,0.78163528,0.12570310,0.02306142,0.00297364,0.60268295,0.02629812,0.00345269,0.00139614,0.00332199,0.79401934,0.30740529,0.24445832,0.01383494,0.71620393,0.00438033,0.03744582,0.08725227,0.00571915,0.00000000,0.00000000,0.00000000,0.10475236,0.00473459,0.09794015,0.03653510,0.01898610,0.00649111,0.00000000,0.14436699,0.00006525,0.71747166,0.00613873,0.03904770,0.00476994,0.00791217,0.01900935,0.03288034,0.09060615,0.02260825,0.01434042,0.10793949,0.07576750,0.00000000,0.15455420,0.06039597,0.00672024,0.02340648,0.31570536,0.00137065,0.02034307,0.05775795,0.14056578,0.05335751,0.00133686,0.00013355,0.02148723,0.06414513,0.02202486,0.02543804,0.04729791,0.00607336,0.03806699,0.01618475,0.02439688,0.01326130,0.00027283,0.01447427,0.00078707,0.20073456,0.00000000,0.02684283,1.24456942,0.02947374,1.24253595,0.01488760,0.04952252,0.16943413,0.03018211,0.06576750,0.31552210,0.04672615,0.06950778,0.20108452,0.00000000,0.00000000,0.41559732,0.00414487,0.02453636,0.10698673,0.00484659,0.00013411,0.06687249,0.01555412,0.10997493,0.01257458,0.00000000,0.01223171,0.08994202,0.08088232,0.07127126,0.01447038,0.02676016,0.00106014,0.00000000,0.00000000,0.07789646,0.08768322,0.71038169,0.00740694,0.00122576,0.06777978,0.27362594,0.00070688,0.00000000,0.00000000,0.00171783,0.00000000,0.00389176,0.00000000,0.00000000,0.00075812,0.00000000,0.24842280,0.00960692,1.41874957,0.00000000,0.01577058,0.06541209,0.67644823,0.27107358,0.00000000,0.00929254,0.00981489,0.00000000,0.09254968,0.00000000,0.02851359,0.00000000,0.00979616,0.01859020,0.00633920,0.07078416,0.12306038,0.01721868,0.12834778,0.00460299,0.03559596,0.04504433,0.01736527,0.00000000,0.14929393,0.15719131,0.06252701,0.04126133,0.00292820,0.03293662,0.16787326,0.08081254,0.02712373,0.00931384,0.03894589,0.07530670,0.04721996,1.09376276,0.24903555,0.79760277,0.00139830,0.00000000,0.00162710,0.00000000,0.04689045,0.02742046,0.01860101,0.07146200,0.16189378,0.11311877,0.15302080,0.00116632,0.00089852,0.00029194,1.01944864,0.01394698,0.11090770,0.01950943,0.00090376,0.00899735,0.00000000,0.11329099,0.12026561,0.05348995,0.03229764,0.00239748,0.00222098,0.09629481,0.00000000,0.06656304,0.02110771,0.19355920,0.00000000,0.68060392,0.00000000,0.00696576,0.04070697,0.05602534,0.00000000,0.02714529,0.09093162,0.05290186,0.16924001,0.58816195,0.06315172,0.00062213,0.00642689,0.03370600,0.00379586,0.03189021,0.32781929,0.00005995,0.02230045,0.00408476,0.00168815,0.07537478,0.00000000,0.00003960,0.13570586,0.00051742,0.00990512,0.00000000,0.03124353,0.00046127,0.03800608,0.00000000,0.00000000,0.00000000,0.06784259,0.01727688,0.03430665,0.02729738,0.00188398,0.00000000,0.00994502,0.76480430,0.02239708,0.00000000,0.00000000,0.00016668,0.01006314,0.34710839,0.03466396,0.01015999,0.00200849,0.00070131,0.12268680,0.05806844,0.00543548,0.01012469,0.00000000,0.00070853,0.01608311,0.13875334,0.06653064,0.00608749,0.27710640,0.08428623,0.00000000,0.00000000,0.43489090,0.00368935,0.15117677,0.05616436,0.16857934,0.00000000,0.29558286,0.00010431,0.20151272,0.00577534,0.01937228,0.22153756,0.01996152,0.05121962,0.00000000,0.02431623,0.01021808,0.03275982,0.02359742,0.02928933,0.00459597,0.05123644,0.04567008,0.01208761,0.00083967,0.00480250,0.12203649,0.06362107,0.00015263,0.02010485,0.03287310,0.02681630,0.00909657,0.18691304,0.06459945,0.04316341,0.02832488,0.00338294,0.09384612,0.01054614,0.17862797,0.00000000,0.00808117,0.03690561,0.54857719,0.00524612,0.02752545,0.00217241,0.00008302,0.02924918,0.02849619,0.05079434,0.00954777,0.01285778,0.00583247,0.02439407,0.00000000,0.00969021,0.01598563,0.00000000,0.04922868,0.00304377,0.02873248,0.49196625,0.06646247,0.04338320,0.07094802,0.02978887,0.00196412,0.00000000,0.02982970,0.09103055,0.00896888,0.02669720,0.05246728,0.05106360,0.00661163,0.00748793,0.09774394,0.10786422,0.04814879,0.07171714,0.01791766,0.00000000,0.06730611,0.02585162,0.02704038,0.00000000,0.00000000,0.00791516,0.01819415,0.33785492,0.01495939,0.23150042,0.00000000,0.00696915,0.58059698,0.00000000,0.42745987,0.00000000,0.01576116,0.04072205,0.00000000,0.00000000,0.01509114,0.08034474,0.00487710,0.06761241,0.00000000,0.67896676,0.00000000,0.00000000,0.07529464,0.15362014,0.00000000,0.00000000,0.06803522,0.00000000,0.23997213,0.00000000,0.01805232,0.00226283,0.09330396,0.03954783,0.00462910,0.00078879,0.04857441,0.00000000,0.00771681,0.03853422,0.14303188,0.05986343,0.12076344,0.01821704,0.05082423,0.00000000,0.00621817,0.00081472,0.03089556,0.04981491,0.00000000,0.00357960,0.14509365,0.01031265,0.00382392,0.02968992,0.06161792,0.01158340,0.04572773,0.10069653,0.00000000,0.00612169,0.00000000,0.00000000,0.02886268,0.01562901,0.08759127,0.05018576,0.00397829,0.03674739,0.01357644,0.00958419,0.06632949,0.01459843,0.08453975,0.02572604,0.01502905,0.00000000,0.00000000,0.00000000,0.10120390,0.04002511,0.05567023,0.20976542,0.59079063,0.00227759,0.32682377,0.00273799,0.05196733,0.12671499,0.05706944,0.01663834,0.29404569,0.11136646,0.05999540,0.07271227,0.05185247,0.00000000,0.00000000,0.07628015,0.00000000,0.03707047,0.19231701,0.01957224,0.01498514,0.10021847,0.02467623,0.00000000,0.01114132,0.04350166,0.01842498,0.05854920,0.19619097,0.00362252,0.00441082,0.00713728,0.05286890,0.08829428,0.03764965,0.00000000,0.03136226,0.00219343,0.02289507,0.30063078,0.00268545,0.07713185,0.01484315,0.01395638,0.00353713,0.03358312,0.03499117,0.00000000,0.11765692,0.00595356,0.03033825,0.01439827,0.00776969,0.01443602,0.01908090,0.00568268,0.06051731,0.00000000,0.03267744,0.22089905,0.15742990,0.20101586,0.08438132,0.00712801,0.05157241,0.00000000,0.04789136,0.14936365,0.14060007,0.06391244,0.00000000,0.00000000,0.01771048,0.12102664,0.52900845,0.00324064,0.00000000,0.14756636,0.00313498,0.04860607,0.04885967,0.04022596,0.02173864,0.08191614,0.03007839,0.02002782,0.01244644,0.00066799,0.00254341,0.58558184,0.02823568,0.02886917,0.03630121,0.00592486,0.00000000,0.00000000,0.06844246,0.01074545,0.01762850,0.00232585,0.04432418,0.00381190,0.20529662,0.02379652,0.12605749,0.00000000,0.00791787,0.05547293,0.07053600,0.01618992,0.07116527,0.12192853,0.04932462,0.03866616,0.00000000,0.06519289,0.04684701,0.00702087,0.01199826,0.00976419,0.03979490,0.00244575,0.05443255,0.02787687,0.33031148,0.00000000,0.15338783,0.02154709,0.03629299,0.00075771,0.02728164,0.05283368,0.00209505,0.03527796,0.03324584,0.00193909,0.00304385,0.00655603,0.01564209,0.06517083,0.01905485,0.03382690,0.00539408,0.07559039,0.00000000,0.02256773,0.01311415,0.00570301,0.00323796,0.01164948,0.00040621,0.11317688,0.02846232,0.00000000,0.01357931,0.00415860,0.06807776,0.00110200,0.05418902,0.10713843,0.01006109,0.08996622,0.20107262,0.15680251,0.03376662,0.00010568,0.02272490,0.01777427,0.03460902,0.01885716,0.02422294,0.04752511,0.00000000,0.10978350,0.06402761,0.00277161,0.06733471,0.10627455,0.01862836,0.02427158,0.00000000,0.00723245,0.00000000,0.00348083,0.00000000,0.37370387,0.00000000,0.04166769,0.18598235,0.01325323,0.00905797,0.15994616,0.05905625,0.00591820,0.03514845,0.03155834,0.00108954,0.00680717,0.15692042,0.02121832,0.01700922,0.02129123,0.17685509,0.02801759,0.01226945,0.00000000,0.00433331,0.00204883,0.00000000,0.01870181,0.00817515,0.01415320,0.01477763,0.07777642,0.09523152,0.00000000,0.00000000,0.08874933,0.03432427,0.18609209,0.04422367,0.01237451,0.01656195,0.00075764,0.00323370,0.09899875,0.07556177,0.06075222,0.01902843,0.05895667,0.20173454,0.00000000,0.00000000,0.02106464,0.12245961,0.06855492,0.05454913,0.00447535,0.00000000,0.00381521,0.00254049,0.01203630,0.00339455,0.06620844,0.00875015,0.00065586,0.07455353,0.03282834,0.01440996,0.02158753,0.07545915,0.14789324,0.13524251,0.01240506,0.00668969,0.00000000,0.01753650,0.01974362,0.00063961,0.10025055,0.01933827,0.02586306,0.44766870,0.00400890,0.03193774,0.25339070,0.00524241,0.02853323,0.08325035,0.09303791,0.00110540,0.11610795,0.18688208,0.22955510,0.09630833,0.00415564,0.07053841,0.00479497,0.03118208,0.00418791,0.02414885,0.04417618,0.00321381,0.04140653,0.06946061,0.06785304,0.00216556,0.00985114,0.00100686,0.00547605,0.01827656,0.00981738,0.04564227,0.04636418,0.09727319,0.00318535,0.01131264,0.01596208,0.00000000,0.02353839,0.29848221,0.00749665,0.00000000,0.05402617,0.03590333,0.02017799,0.00713443,0.00264027,0.01954568,0.01508858,0.00523260,0.09006771,0.00000000,0.00850227,0.02105564,0.00000000,0.04150876,0.04363493,0.00438706,0.11791839,0.01207199,0.00000000,0.01501536,0.01053793,0.04928885,0.00523060,0.00756068,0.08957429,0.12106492,0.00000000,0.02998140,0.01899565,0.02875160,0.13663705,0.08001303,0.00393849,0.12981945,0.00132465,0.02343190,0.06989898,0.00714102,0.03195678,0.01861305,0.33123034,0.02988672,0.01200520,0.25512406,0.08804023,0.03216254,0.01118539,0.02031277,0.04489923,0.00000000,0.05412481,0.03612556,0.00000000,0.07752762,0.01519279,0.02015278,0.00856672,0.03898942,0.02266434,0.03356783,0.35406345,0.02697386,0.00000000,0.08899548,0.04714143,0.02755872,0.00000000,0.02995636,0.00000000,0.14035787,0.08954745,0.17270078,0.08314862,0.05942337,0.05795912,0.00000000,0.00489400,0.03824777,0.12444965,0.02687609,0.02814539,0.00183080,0.01190872,0.00000000,0.02159556,0.02980350,0.03881483,0.05907853,0.01052631,0.02665628,0.00143827,0.01204732,0.00000000,0.00000000,0.00790485,0.00907624,0.06194214,0.01432094,0.00746430,0.16615950,0.08788048,0.08403966,0.01163364,0.01006746,0.00000000,0.00000000,0.13286801,0.00000000,0.04941547,0.00234480,0.00000000,0.00068181,0.00000000,0.17110068,0.07443576,0.08941587,0.02673833,0.02692931,0.00465509,0.01625895,0.05105368,0.03757141,0.00000000,0.07192783,0.05054569,0.02044089,0.05713766,0.00064496,0.03647244,0.05902155,0.00553532,0.00000000,0.00563132,0.00514792,0.01543259,0.04475070,0.00414915,0.00000000,0.00000000,0.00249532,0.01402706,0.19547768,0.00082383,0.01239493,0.03376345,0.00985494,0.01512521,0.03263854,0.03648743,0.05061055,0.00438729,0.24472679,0.02267447,0.01670735,0.00681535,0.05885879,0.00000000,0.01187177,0.07523610,0.02818580,0.00258365,0.40048492,0.00853368,0.04365421,0.02819257,0.05619499,0.02244164,0.04580957,0.00133897,0.00597536,0.23776923,0.43363535,0.01094867,0.00898330,0.00852192,0.00336545,0.01183958,0.01413721,0.01461212,0.00009297,0.00000000,0.00000000,0.03847045,0.22264788,0.09337299,0.01645577,0.01083756,0.11259719,0.00853772,0.15928836,0.09242741,0.00000000,0.17700168,0.00000000,0.01357889,0.11231917,0.02367609,0.06804546,0.06919116,0.02198663,0.00492013,0.00000000,0.00783941,0.02868341,0.01836954,0.26083356,0.16180949,0.00000000,0.03335871,0.00223101,0.07680170,0.04133717,0.00096612,0.00861867,0.00297049,0.00693253,0.00405296,0.03783679,0.05471046,0.04793844,0.06807209,0.07344391,0.03051796,0.00415377,0.11744614,0.01276391,0.00000000,0.03230950,0.04401236,0.01604055,0.04324050,0.00867842,0.01098092,0.02287246,0.00000000,0.05428959,0.01702053,0.03793979,0.00000000,0.04276641,0.00199358,0.00788525,0.22849886,0.06009251,0.00532216,0.03690527,0.00170151,0.11694137,0.00000000,0.02387827,0.00129424,0.00000000,0.04645789,0.05994697,0.05471931,0.01219975,0.02137736,0.00239165,0.01620110,0.06182862,0.14085513,0.00062331,0.00254279,0.00632615,0.00725836,0.08623277,0.21007648,0.00463292,0.02163200,0.00000000,0.01940538,0.05370795,0.00392072,0.13284001,0.06094642,0.00118540,0.00315006,0.08307570,0.04885407,0.14868222,0.00000000,0.00926584,0.12826069,0.02637674,0.02499674,0.04013688,0.00000000,0.30305827,0.07482712,0.00000000,0.02968201,0.00000000,0.00488567,0.00498813,0.05875197,0.00201558,0.49746549,0.01317246,0.00000000,0.01167589,0.02295530,0.00014520,0.16372991,0.05673154,0.02335890,0.03746953,0.13442163,0.00665295,0.00420794,0.00257593,0.00996519,0.00000000,0.00344838,0.05619450,0.02880316,0.02242222,0.02189085,0.12296536,0.03205407,0.01067401,0.07099792,0.06937065,0.00463326,0.10192182,0.00000000,0.19331518,0.00266747,0.12089458,0.00003830,0.08747779,0.18358277,0.00881257,0.14609413,0.01713988,0.02214787,0.00759760,0.02004163,0.00746769,0.00031988,0.04317898,0.11745775,0.09091399,0.01593774,0.00434317,0.04959638,0.11219931,0.01208669,0.00688278,0.00000000,0.08251118,0.13333309,0.03632089,0.00553265,0.36211252,0.05394658,0.63504595,0.00000000,0.02916341,0.06315290,0.00575169,0.00795651,0.04288839,0.20686141,0.00444580,0.00107741,0.00015616,0.04815922,0.00000000,0.11295779,0.09200746,0.01295864,0.21620762,0.00989634,0.01449741,0.05145244,0.13008541,0.00109595,0.07547103,0.00000000,0.00981952,0.00370442,0.00000000,0.00635819,0.03885591,0.08027685,0.03668484,0.07344266,0.05018261,0.02648356,0.00094770,0.02729550,0.00084605,0.00197956,0.07092933,0.00072396,0.02216225,0.01750125,0.00000000,0.13428286,0.00776056,0.00001472,0.02669139,0.25894278,0.00000000,0.02984592,0.18347418,0.00000000,0.00000000,0.00898322,0.10995609,0.00000000,0.10630940,0.08421950,0.03111201,0.04230870,0.01820694,0.02820287,0.02060046,0.02304970,0.12934943,0.02201631,0.00000000,0.00000000,0.00186202,0.01275181,0.00000000,0.09565531,0.01094116,0.24282444,0.00000000,0.01138161,0.35222775,0.00098101,0.00587095,0.00288701,0.10582720,0.41168025,0.04294201,0.00000000,0.00875727,0.01561768,0.00000000,0.01105781,0.02453110,0.13828319,0.09169804,0.00000000,0.00000000,0.01446643,0.00000000,0.00000000,0.00000000,0.01419186,0.00673191,0.01447045,0.02031704,0.02454754,0.15507822,0.02968122,0.15351868,0.02101860,0.22102611,0.00876982,0.03594244,0.03117338,0.01460777,0.00000000,0.01004859,0.00799208,0.00896923,0.00084356,0.01242602,0.02830477,0.00199027,0.01897319,0.00141944,0.08627193,0.00268197,0.00000000,0.00332440,0.04580220,0.22921434,0.02090099,0.14391434,0.05933537,0.05126379,0.15871824,0.00139601,0.00117072,0.07652841,0.04711006,0.14891559,0.25622833,0.00000000,0.00170449,0.03244086,0.09123655,0.01356802,0.08618342,0.04639609,0.02741937,0.03440351,0.04865360,0.00000000,0.01915590,0.00813052,0.00147769,0.00973757,0.08343219,0.02538495,0.00186726,0.02640490,0.18869583,0.05455464,0.11653678,0.00000000,0.00041323,0.06135779,0.00000000,0.00000000,0.02353576,0.02812495,0.01014396,0.03036391,0.00000000,0.01901015,0.00000000,0.03933109,0.00467222,0.10538439,0.00203633,0.02661672,0.00326261,0.01288183,0.14410588,0.00001566,0.00032825,0.02089113,0.04856836,0.16721185,0.06040367,0.08693796,0.01009049,0.01724201,0.09963556,0.02468898,0.03545909,0.00649991,0.14552623,0.03662838,0.01633260,0.01319047,0.01943901,0.00424265,0.00641108,0.05144338,0.03849369,0.14058726,0.02909729,0.01563394,0.03564147,0.13165215,0.00974521,0.54677212,0.03201685,0.02820129,0.00000000,0.07596883,0.08382697,0.02345876,0.01581383,0.01033339,0.00095965,0.00806452,0.04387219,0.02940246,0.00091774,0.00682409,0.00005297,0.06673399,0.06652319,0.03095233,0.14053747,0.46328163,0.02086406,0.04153641,0.01391350,0.01982259,0.00654249,0.18875666,0.01705256,0.04753680,0.00000000,0.00148479,0.00791070,0.00705693,0.00000000,0.08518720,0.03106026,0.00990468,0.02231988,0.04652502,0.01327784,0.08538125,0.03396174,0.06507891,0.04390827,0.28848329,0.01485481,0.03359409,0.05722614,0.01399253,0.00133324,0.01662390,0.16094562,0.01502743,0.00000000,0.06100714,0.04323514,0.07782751,0.01529514,0.00000000,0.06227700,0.25750089,0.21502167,0.08677948,0.00000000,0.07524210,0.03275292,0.03108363,0.05735414,0.11144082,0.00000000,0.00000000,0.03751511,0.01283607,0.05081799,0.01665559,0.00365097,0.05503653,0.01262960,0.08492014,0.55063754,0.04876906,0.00026516,0.09809669,0.01025895,0.00465537,0.00658195,0.17297010,0.00000000,0.07975493,0.00435078,0.00000000,0.00432320,0.13610682,0.14171681,0.00000000,0.01282354,0.01618293,0.09407349,0.00433700,0.14043510,0.05531282,0.03480154,0.00348854,0.01086593,0.01582388,0.28603360,0.00000000,0.05073784,0.02709167,0.01194222,0.07168443,0.05562260,0.00379101,0.01449302,0.01361808,0.06225738,0.07711851,0.09610350,0.03387817,0.05256609,0.00000000,0.04504397,0.13886815,0.02047994,0.22169983,0.00932796,0.00000000,0.09639844,0.01830726,0.00730558,0.06042842,0.00000000,0.00000000,0.00716853,0.00000000,0.00000000,0.00586120,0.00511387,0.03312993,0.00434056,0.32513925,0.00000000,0.00000000,0.01734305,0.00000000,0.06074947,0.04101524,0.00308336,0.07747737,0.00000000,0.00521032,0.03009963,0.00000000,0.05432611,0.01424846,0.00000000,0.25091282,0.00000000,0.03734129,0.00227823,0.17113449,0.21689771,0.01647894,0.00313020,0.01158287,0.07094262,0.18379661,0.07411010,0.00424677,0.00000000,0.00316961,0.03514620,0.11946433,0.14386062,0.00217259,0.00155117,0.01186257,0.01454415,0.00000000,0.12000823,0.02911470,0.06531995,0.00000000,0.00000000,0.01870736,0.00514036,0.23423451,0.08388924,0.01910744,0.00000000,0.00230606,0.09763387,0.02865359,0.05601497,0.08981945,0.02001344,0.30264917,0.00000000,0.01637284,0.00007890,0.25804004,0.01393359,0.02798297,0.02773428,0.00907889,0.00000000,0.30723789,0.00935320,0.00449960,0.00223529,0.00528207,0.01072695,0.00637717,0.08268916,0.00000000,0.05607038,0.01432143,0.00403513,0.00216528,0.02270990,0.01359931,0.02106843,0.01626721,0.02541361,0.00571940,0.01247219,0.08566213,0.01517100,0.02123883,0.00074077,0.04562975,0.04010332,0.00694065,0.04509713,0.00000000,0.00323541,0.20544185,0.05956056,0.00989718,0.09050908,0.08471877,0.04385741,0.03933365,0.00000000,0.00000000,0.01110597,0.01300969,0.40006459,0.30181575,0.03762386,0.00274522,0.47820938,0.00334095,0.00050887,0.00047259,0.04871004,0.16082083,0.04048747,0.00000000,0.04805930,0.00000000,0.00919693,0.00000000,0.02077525,0.14361043,0.04934279,0.00233755,0.02132038,0.03573812,0.03154490,0.31663990,0.00325783,0.02693372,0.04325380,0.07133842,0.11452635,0.22955552,0.15501863,0.00000000,0.00000000,0.00000000,0.06912146,0.00862336,0.00145618,0.02411598,0.00291262,0.02788062,0.19877537,0.25350398,0.02520783,0.00000000,0.05046856,0.01246640,0.00465236,0.05586182,0.00000000,0.20520060,0.00075099,0.00133061,0.17334835,0.06660554,0.04963933,0.04826571,0.00021405,0.04861299,0.37230280,0.00697913,0.01487315,0.03584922,0.10180239,0.00000000,0.02039821,0.07004621,0.02445013,0.00005773,0.05305400,0.02955341,0.05415234,0.00135524,0.00142497,0.00883847,0.06443758,0.00800367,0.03419919,0.21610615,0.00000000,0.03549098,0.00808314,0.19903639,0.01030868,0.01177726,0.00980325,0.00296709,0.00320368,0.04383119,0.05492328,0.00375531,0.01305142,0.01071960,0.06205337,0.03424422,0.08770751,0.11150756,0.00227389,0.03921430,0.05371031,0.13619970,0.03090857,0.00142600,0.25316885,0.15261030,0.01789252,0.08908531,0.00237466,0.00527490,0.11117367,0.00000000,0.09183724,0.05464623,0.00000000,0.00509099,0.00000000,0.02871168,0.01520837,0.19504702,0.00000000,0.02694592,0.03070721,0.10562459,0.00360445,0.00000000,0.02209540,0.08840061,0.01166122,0.00084218,0.00116048,0.07296097,0.00000000,0.10475899,0.02744131,0.01692877,0.00415492,0.00000000,0.03362682,0.00280127,0.02269343,0.05266651,0.00235520,0.05482377,0.00145443,0.00210395,0.02841788,0.01391329,0.00000000,0.03909385,0.08800968,0.02412045,0.00315815,0.04851485,0.00742391,0.04912733,0.16029026,0.09907898,0.06997326,0.05620610,0.03820673,0.03430695,0.54727542,0.00435417,0.02265482,0.00329416,0.06321023,0.01024640,0.17717558,0.16966802,0.00147381,0.00169378,0.20321940,0.02876492,0.00000000,0.00974146,0.00023429,0.03020300,0.10139648,0.00284935,0.00073455,0.00315352,0.00000000,0.00000000,0.00085534,0.00013076,0.03349140,0.11155339,0.00000000,0.01236535,0.10275362,0.00788252,0.29082593,0.11644017,0.00000000,0.11511185,0.00000000,0.00000000,0.05238964,0.04875277,0.00593953,0.00869455,0.00000000,0.03337730,0.00000000,0.00000000,0.00000000,0.01470264,0.11909427,0.00789269,0.01410986,0.01740470,0.10433833,0.06253980,0.01725255,0.00896523,0.01065314,0.01663908,0.08347608,0.02818805,0.29475105,0.00544582,0.01076711,0.07218849,0.00000000,0.17397436,0.00894104,0.01962471,0.00000000,0.00473301,0.00000000,0.08765905,0.02849377,0.03581126,0.00000000,0.00000000,0.00185100,0.01541088,0.00089528,0.12266324,0.00109587,0.00000000,0.00000000,0.15666232,0.00000000,0.00525409,0.23021258,0.03770689,0.01686335,0.11264267,0.01217655,0.00039552,0.00040256,0.00000000,0.00000000,0.09799802,0.17391339,0.00778171,0.05032514,0.10892116,0.08499663,0.00000000,0.00000000,0.00837018,0.00000000,0.15377401,0.03342799,0.00000000,0.00685988,0.02099685,0.04517401,0.10617682,0.00651454,0.04139242,0.02767468,0.06147622,0.01607477,0.22200027,0.05747960,0.00000000,0.04029561,0.00027030,0.11559963,0.00129305,0.03624932,0.20309055,0.00000000,0.12189873,0.07261986,0.00000000,0.00000000,0.01103525,0.01498170,0.02609841,0.01140632,0.00000000,0.00072215,0.01526862,0.00000000,0.00000000,0.12052268,0.27944848,0.05188634,0.00000000,0.08211252,0.01354817,0.01375816,0.00000000,0.05668468,0.07490597,0.00694601,0.00000000,0.00578904,0.00000000,0.01593342,0.13596959,0.00911515,0.04746658,0.01244976,0.00000000,0.00000000,0.10207341,0.00702701,0.01292693,0.00000000,0.01033847,0.00000000,0.08175097,0.14316778,0.00590885,0.01378068,0.00674758,0.00000000,0.03374948,0.16756919,0.09778416,0.12028265,0.00678028,0.00333302,0.10903663,0.04839356,0.05123295,0.00057163,0.00000000,0.03424000,0.10270317,0.05605512,0.01007831,0.00089635,0.03223736,0.06581268,0.00017208,0.01947273,0.04820101,0.08720666,0.00109344,0.05273481,0.01219394,0.01573250,0.01805170,0.01998051,0.00051983,0.00000000,0.16272491,0.01271830,0.00000000,0.00000000,0.01004639,0.01592955,0.03312606,0.06728602,0.00050372,0.00000000,0.10882466,0.00104741,0.04346611,0.22766763,0.42598143,0.03668207,0.02394132,0.02066327,0.06553143,0.00308838,0.00000000,0.01999883,0.00000000,0.17313570,0.00113025,0.01502820,0.02151947,0.13038409,0.06981129,0.74557132,0.00000000,0.03851393,0.02612195,0.00000000,0.00000000,0.00000000,0.03472970,0.03846652,0.20890035,0.04183895,0.00707304,0.01955339,0.04213494,0.00000000,0.01012126,0.00000000,0.00000000,0.00000000,0.13266587,0.00020062,0.01090282,0.06703052,0.00000000,0.26878822,0.00000000,0.00570418,0.01865718,0.00158757,0.07928810,0.00148467,0.05336343,0.04572966,0.00288113,0.11427072,0.00033027,0.02493718,0.01104651,0.03110646,0.01039126,0.04559109,0.12759970,0.00383043,0.02639036,0.28057113,0.10644013,0.09552827,0.00495373,0.00789507,0.00240245,0.01428918,0.00564313,0.00000000,0.00379061,0.02517865,0.04504858,0.05332295,0.07114469,0.01994683,0.01568279,0.06940625,0.00000000,0.00273713,0.00000000,0.00000000,0.08437788,0.00141240,0.03736279,0.01040211,0.00978501,0.07020974,0.08006740,0.02985409,0.03239328,0.03289165,0.01653988,0.13457790,0.13500290,0.00942798,0.18928581,0.10127521,0.13525090,0.02814638,0.02955912,0.00445946,0.00960519,0.00000000,0.02493701,0.00260446,0.02557546,0.09443855,0.06074455,0.00554390,0.00000000,0.04300217,0.00000000,0.02501616,0.04700439,0.04840017,0.06960470,0.00000000,0.01735209,0.00000000,0.00941089,0.00293225,0.17100263,0.06780249,0.02584550,0.00786752,0.25462705,0.01431168,0.00598143,0.00369384,0.00601659,0.14358717,0.09905554,0.17025100,0.01270364,0.30547735,0.00448028,0.01809918,0.04418730,0.00668502,0.00000000,0.00000000,0.00000000,0.08614430,0.01252654,0.07657878,0.07182957,0.02419591,0.01226573,0.00000000,0.06350006,0.00011737,0.11984889,0.00798823,0.04687416,0.00660075,0.00926530,0.02412527,0.04066773,0.02846858,0.01801316,0.01594443,0.05131207,0.04771471,0.00000000,0.11318384,0.02008618,0.01266070,0.01947818,0.08256920,0.00362639,0.02946225,0.03342819,0.11694216,0.03508354,0.00353700,0.00035333,0.00974842,0.03542986,0.02008088,0.01315636,0.02826149,0.00940417,0.04225992,0.00869229,0.04175101,0.02599343,0.00072183,0.01323853,0.00200499,0.13318105,0.00000000,0.02885771,0.21470830,0.02270473,0.39007786,0.00761545,0.02928015,0.10483503,0.02646797,0.06049200,0.21109225,0.06994385,0.06572772,0.07592219,0.00000000,0.00000000,0.14329885,0.00477466,0.02594049,0.05888589,0.00699735,0.00035482,0.10906486,0.02264962,0.07529987,0.01334159,0.00000000,0.01595172,0.03553446,0.04071865,0.05078396,0.01528200,0.02699915,0.00280486,0.00000000,0.00000000,0.05235840,0.05220762,0.37691230,0.00644936,0.00212719,0.03065716,0.13792577,0.00187024,0.00000000,0.00000000,0.00454495,0.00000000,0.00496648,0.00000000,0.00000000,0.00141932,0.00000000,0.18630932,0.00879901,0.24909717,0.00000000,0.02142755,0.04266946,0.30108735,0.14485797,0.00000000,0.02223885,0.01155834,0.00000000,0.08578430,0.00000000,0.02549081,0.00000000,0.00993603,0.01733164,0.01677195,0.04943531,0.09744672,0.01642969,0.14033678,0.00391502,0.05402973,0.06703078,0.03002076,0.00000000,0.07687958,0.06937955,0.03860200,0.02290566,0.00774729,0.04271394,0.09771800,0.03288572,0.01134819,0.01224631,0.03832833,0.07155523,0.02931606,0.29285833,0.10755759,0.19704990,0.00369956,0.00000000,0.00292738,0.00000000,0.03579753,0.01842252,0.02734615,0.03144110,0.06705038,0.06868538,0.10343222,0.00308580,0.00123886,0.00077239,0.36143807,0.01223913,0.06268064,0.02470075,0.00189481,0.01290800,0.00000000,0.05784432,0.03157590,0.06225957,0.02882552,0.00480846,0.00409221,0.06379434,0.00000000,0.04813531,0.02510167,0.06921712,0.00000000,0.19733866,0.00000000,0.01788161,0.06326707,0.03648097,0.00000000,0.02088955,0.04925667,0.03508380,0.07480330,0.28879449,0.03218069,0.00109704,0.00767218,0.02641600,0.00650199,0.02109662,0.10822397,0.00015862,0.03742480,0.00893938,0.00294190,0.06478613,0.00000000,0.00010478,0.05113769,0.00136895,0.00761326,0.00000000,0.02321612,0.00122039,0.03168734,0.00000000,0.00000000,0.00000000,0.03942338,0.01914128,0.03414509,0.03793526,0.00498453,0.00000000,0.01601462,0.35722086,0.02987954,0.00000000,0.00000000,0.00044100,0.00510215,0.14686699,0.02282812,0.01620353,0.00531397,0.00072859,0.04526641,0.03188235,0.01351060,0.02423839,0.00000000,0.00187459,0.03146541,0.02825524,0.03922031,0.00871844,0.15052094,0.05794898,0.00000000,0.00000000,0.07455566,0.00488033,0.07882939,0.03952209,0.12097037,0.00000000,0.13428625,0.00027598,0.08295048,0.00917269,0.01257241
6048,data/pair/6048/RHEED/2 min AlSb after 1 min Soak.MOV,manifest_specified_rheed_path,15.830000,475,8,0.23579186,0.10178266,0.09381480,0.00000000,0.00256111,0.00514140,0.00289751,0.00307893,0.01882658,0.00016941,0.15775163,0.11151783,0.00524510,0.00591492,0.00549056,0.05579864,0.05159658,0.00639179,0.03431246,0.03101091,0.04384855,0.00045557,0.72669989,0.17598477,0.02142139,0.00356601,0.00632806,0.28789797,0.00494421,0.48569646,0.00823308,0.03577280,0.10433766,1.34502518,0.00000000,0.02183470,0.00073863,0.00631348,0.00090175,0.00329186,0.15757613,0.03693457,0.00706518,0.00000000,0.02408607,0.00265132,0.00419611,0.13769066,0.00299606,0.15477645,0.00965150,0.01984214,0.97099513,0.01212849,0.01062598,0.14617693,0.03230522,0.00203535,0.00121486,0.09776310,0.08570633,0.00014366,0.00876420,0.00921436,0.00521914,0.01527578,0.00000000,0.07445842,0.22620045,0.02482107,0.19156106,0.04463909,0.01951389,0.16596746,0.00553410,0.04087626,0.00086870,0.00000000,0.01866215,0.03970270,0.45999861,0.00271880,0.86949563,0.00434210,0.00781591,0.71732527,0.00000000,1.27606237,0.00000000,0.07425679,0.19599867,0.00008539,0.00084985,0.00817105,0.44502372,0.00755766,0.11230986,0.00000000,0.62299341,0.00859932,0.05229892,0.01649688,0.49504426,0.00000000,0.00084164,0.00204958,0.02626948,0.66039801,0.00000000,0.00000000,0.00439222,0.15260971,0.17473097,0.14376728,0.00002874,0.00703146,0.00000000,0.00936862,0.05912669,0.08673929,0.02733810,0.21847783,0.04185873,0.00000000,0.00000000,0.01981570,0.00215491,0.10351849,0.09372219,0.00000000,0.04522286,0.16346823,0.00190879,0.01396952,0.00191483,0.09721830,0.00931702,0.11833854,0.15175632,0.00000000,0.01663681,0.01348859,0.00000000,0.00433655,0.10557890,0.25585857,0.05955340,0.00955789,0.14134067,0.03296118,0.03722231,0.04072534,0.04049615,0.03778896,0.03017862,0.00100365,0.00130854,0.00000000,0.00000000,0.48270679,0.01119297,0.14818661,0.01884088,1.47922611,0.00346318,0.33442757,0.00954184,0.02894178,0.25505546,0.20547405,0.03309462,0.71143526,0.36486253,0.01599317,0.22588892,0.13687356,0.00061501,0.00000000,0.06166511,0.00000000,0.05023880,0.23523845,0.01397864,0.03742867,0.13605608,0.00402640,0.02357876,0.12953797,0.12299092,0.00104695,0.17630331,1.34554148,0.01602801,0.01050571,0.02355379,0.03894057,0.22796968,0.01996964,0.00000000,0.00628523,0.01916869,0.01504820,0.54018629,0.01441000,0.07037474,0.00066045,0.00000000,0.03616697,0.02668298,0.07570934,0.01344482,1.33494127,0.00793152,0.12789354,0.00988403,0.00862647,0.00000000,0.04025409,0.03270282,0.16475102,0.00850815,0.00193070,0.66163611,0.17751098,0.10828231,0.24141471,0.01535040,0.07157021,0.00117043,0.04196465,0.73970252,0.45708567,0.14198694,0.00000000,0.06497975,0.07507250,0.11962295,0.75733835,0.00742278,0.00000000,0.45219526,0.01366939,0.18451965,0.08692327,0.13300428,0.17695899,0.16165073,0.06558946,0.12024990,0.03113283,0.00741604,0.00096849,0.85102838,0.12684166,0.06543966,0.00364427,0.00526887,0.00000820,0.00000000,0.31394723,0.02245098,0.01930358,0.03933495,0.00069612,0.01205560,0.05898144,0.03468369,0.23573890,0.00000000,0.00000000,0.13216007,0.08652066,0.03166240,0.06274146,0.16370147,0.03033452,0.10321654,0.00000000,0.02209416,0.07107066,0.01543202,0.00000000,0.03348789,0.26861340,0.00912398,0.03302443,0.02986332,1.63002777,0.00137291,0.24983166,0.01975892,0.00621267,0.00000000,0.00941294,0.08464770,0.02510836,0.07196359,0.00698496,0.01709727,0.00568161,0.04846285,0.07314021,0.08528128,0.11179514,0.02982394,0.00973078,0.00293044,0.00248426,0.02572614,0.00000000,0.01806048,0.02985070,0.02355882,0.01247299,0.09785786,0.21007264,0.00000000,0.07209418,0.00410608,0.11661264,0.00000000,0.07251998,0.42934155,0.00011190,0.13215822,0.25903589,0.23448421,0.08591774,0.00235449,0.05457496,0.00472892,0.04022650,0.02312881,0.10897716,0.00641906,0.00000000,0.17243148,0.00215813,0.01890946,0.07290900,0.13833830,0.03358086,0.02702830,0.00000000,0.00273480,0.00000000,0.00144443,0.00742191,1.22628808,0.00000000,0.01157343,0.45415112,0.04589217,0.00111619,0.13139166,0.12039901,0.00925801,0.00436226,0.06663550,0.00017552,0.00417930,0.25756633,0.00342998,0.02557137,0.03261828,0.13918123,0.01526196,0.05714469,0.00000000,0.00530186,0.00000000,0.00000000,0.23024493,0.00143131,0.01598142,0.00655079,0.26171628,0.19445927,0.00892590,0.00417799,0.07102497,0.04770299,0.23169041,0.18497266,0.04540294,0.04924754,0.00000000,0.00036624,0.09733674,0.08005781,0.28557089,0.00665130,0.08815303,0.80823880,0.00497590,0.00000000,0.01757092,0.13420059,0.11055285,0.24188234,0.05335719,0.00576882,0.03138367,0.00000000,0.02605996,0.01067255,0.34143206,0.00296873,0.00380531,0.11566961,0.04876449,0.06427503,0.13311136,0.32483774,0.29961553,0.14904155,0.00630635,0.05404194,0.00062797,0.04557474,0.00022849,0.00514641,0.06142153,0.03341370,0.03535743,0.69703567,0.04047923,0.04398521,0.50823212,0.01840355,0.06593999,0.01522689,0.15983230,0.00914987,0.04809703,0.79198033,0.17702198,0.01353957,0.10189360,0.02347929,0.03626208,0.02942875,0.02447012,0.01061349,0.01549465,0.00199726,0.09803689,0.01316534,0.07558332,0.00000000,0.00046241,0.00973811,0.01899642,0.00000000,0.02807693,0.09108619,0.00068209,0.02854216,0.00065090,0.00000000,0.00939241,0.00000000,0.01129065,0.65746713,0.00147906,0.00000000,0.05015802,0.15194982,0.00607115,0.02935884,0.00572625,0.04650856,0.00326149,0.00265131,0.11071017,0.00000000,0.00195984,0.06697744,0.00191149,0.27503943,0.12315258,0.05850569,0.10974403,0.01265955,0.00000000,0.00558427,0.00000000,0.10354926,0.00000000,0.04575595,0.05962548,0.04865180,0.00000000,0.02002958,0.02506802,0.00382034,0.25165606,0.09660824,0.00924010,0.27688482,0.00521621,0.02825056,0.02388834,0.05931726,0.01018599,0.03346296,0.74002123,0.04175896,0.01200802,0.06081257,0.06450532,0.03541836,0.01252778,0.01933832,0.02543721,0.00396796,0.03223595,0.07946080,0.00000000,0.02832767,0.00876043,0.01054361,0.00200702,0.03680712,0.03052382,0.00000000,0.68392861,0.13438320,0.00000000,0.25678876,0.04938187,0.03841712,0.00000000,0.00403867,0.00000000,0.34031314,0.00000000,0.31353790,0.08489414,0.06972940,0.07430575,0.00003418,0.00435651,0.00876973,0.15871273,0.01931073,0.00000000,0.00054312,0.00652286,0.01653602,0.00056268,0.14435220,0.12708212,0.01366702,0.05178726,0.03400122,0.00215225,0.05037300,0.01971039,0.00000000,0.02507713,0.03251430,0.29945028,0.05390130,0.06755904,0.31840378,0.14620051,0.03270542,0.00727264,0.02932387,0.00508443,0.00000000,0.21910599,0.01681294,0.20458944,0.00328779,0.00000000,0.00013474,0.00052812,0.06678436,0.24598715,0.22415821,0.07065740,0.04268702,0.06131901,0.01318843,0.08321006,0.14363134,0.02330808,0.19761527,0.08181974,0.00000000,0.02599806,0.00958745,0.07554904,0.14945312,0.01017065,0.00661209,0.01669336,0.00052296,0.05261319,0.00100308,0.00663237,0.00134356,0.00204448,0.00860099,0.00283819,0.64154345,0.00457805,0.01685966,0.02246800,0.00913100,0.02188704,0.08313646,0.01642684,0.05023534,0.03056879,0.12573040,0.02447089,0.03080003,0.00089771,0.10283027,0.03344683,0.09374045,0.18988232,0.17968297,0.01030328,0.88693416,0.01825246,0.15390527,0.06425256,0.08548065,0.00196728,0.06591466,0.00271651,0.01635204,0.51288092,0.24997029,0.00335538,0.02366214,0.00549700,0.01395745,0.01706795,0.00712629,0.01734216,0.00090526,0.00000000,0.00000000,0.06695091,0.36687565,0.15918314,0.01812837,0.18233131,0.74212658,0.03320867,0.37742591,0.10708578,0.00027471,0.49863786,0.00109149,0.00062963,0.00794461,0.00262382,0.01709082,0.01127409,0.00299833,0.01916650,0.00293563,0.00254693,0.04191268,0.07910134,0.77445924,0.17784701,0.00000000,0.07963738,0.00846153,0.07337756,0.01197928,0.01519770,0.03118089,0.00386022,0.00030843,0.00593061,0.00498093,0.04018692,0.09341691,0.18047747,0.16963036,0.07191093,0.00510922,0.01563081,0.00000000,0.00606096,0.13140325,0.02742475,0.03937659,0.05751637,0.00021701,0.00334895,0.01718853,0.00000000,0.03260851,0.01500207,0.10492001,0.00625502,0.19536893,0.00256168,0.03628948,0.72795266,0.03061759,0.00852752,0.01751798,0.01856938,0.06647569,0.01013306,0.38933903,0.00000000,0.00696271,0.11483224,0.29286018,0.01599654,0.04904870,0.00501855,0.11110513,0.02374253,0.07727096,0.44363654,0.00000000,0.02058129,0.01813937,0.01122278,0.09605560,0.21348271,0.00462603,0.02616073,0.00000000,0.04634962,0.01729376,0.00255905,0.67887419,0.13304985,0.00652707,0.00264436,0.10834806,0.07262172,0.58960426,0.00000000,0.00477274,0.34591305,0.02963304,0.06960311,0.03163683,0.01232130,0.53391588,0.16571417,0.00000000,0.06018021,0.00415680,0.00855065,0.00360445,0.11284089,0.00055086,6.01883411,0.14307246,0.00000000,0.00514637,0.00000000,0.00000000,0.42698479,0.02167330,0.00781348,0.01692438,0.36829787,0.07216006,0.10766117,0.00183352,0.00387319,0.00000000,0.00068911,0.00000000,0.02009086,0.02608255,0.04209412,0.04723781,0.05191703,0.05775244,0.22521007,0.04195420,0.00000000,0.33474630,0.00173025,0.05140734,0.00400660,0.22384712,0.00529462,0.11464928,0.37892580,0.01909471,0.25826436,0.00214163,0.00068773,0.00036865,0.00684265,0.04061952,0.00628114,0.02005537,0.26367882,0.22030668,0.00896164,0.00175819,0.28505433,0.09505010,0.09666605,0.00055318,0.00000000,0.27375141,0.20035461,0.02403458,0.05513652,1.49321365,0.06214368,1.18821144,0.02396356,0.05315047,0.03563735,0.04667320,0.03840703,0.00913198,0.16593795,0.00923326,0.00000000,0.00754664,0.05668688,0.00000000,0.14683959,0.11981043,0.06727894,0.47625050,0.00517222,0.00874822,0.01487997,0.36934960,0.00705625,0.04510851,0.05736776,0.01115151,0.00000000,0.00000000,0.00044639,0.09170905,0.11082538,0.03132019,0.05122358,0.05893181,0.01957798,0.01581114,0.02092132,0.01894801,0.01518388,0.02499241,0.00000000,0.02411140,0.03949403,0.01388777,0.09288181,0.02776141,0.00146116,0.00005724,0.67168045,0.00000000,0.25579822,0.18748155,0.00525279,0.00286831,0.00920678,0.14636314,0.00281842,0.32369161,0.12365247,0.08099405,0.00160843,0.00000000,0.00989562,0.03161953,0.19511265,0.26377726,0.08180146,0.00894623,0.00535686,0.00598777,0.02751994,0.02262178,0.22148156,0.01716567,0.25360012,0.02433570,0.06545651,1.34180284,0.03332336,0.00000000,0.00368625,0.07669259,0.80808204,0.00666206,0.00878000,0.01511875,0.04044107,0.00000000,0.01975112,0.03962804,0.30192634,0.03439868,0.00000000,0.00664430,0.05464927,0.00950316,0.06168951,0.00000000,0.03234914,0.02878524,0.01127846,0.08418886,0.02967746,0.20228788,0.05332938,0.43287995,0.03205046,0.35515827,0.05582099,0.03777263,0.00000000,0.01580861,0.00000000,0.04529643,0.00258418,0.00474062,0.00696413,0.03435769,0.02628108,0.00000000,0.02156617,0.00198554,0.39737704,0.00000000,0.00000000,0.04329002,0.09562461,0.77542847,0.13831173,0.35188821,0.18889567,0.31159776,0.18031374,0.00143519,0.00000000,0.27323461,0.04832367,0.75098908,0.75177979,0.00000000,0.00167743,0.06711368,0.24837938,0.05836739,0.34414876,0.01800862,0.01172611,0.01532234,0.00257312,0.00194631,0.05721768,0.01844144,0.00940051,0.00000000,0.02424617,0.03766246,0.00471023,0.07896733,0.25890401,0.25073314,0.23207350,0.00019734,0.00694179,0.11596742,0.00348366,0.01105653,0.06244807,0.00812251,0.00885588,0.01529517,0.00000000,0.00000000,0.00000000,0.09196043,0.00328032,0.01495968,0.01148772,0.09363143,0.00497580,0.03363256,0.22858024,0.05632706,0.00000000,0.00688019,0.01870558,0.77013040,0.02438697,0.06216208,0.00529321,0.00057048,0.30375859,0.11571330,0.08079888,0.00236777,0.25000331,0.01073720,0.02837234,0.01826108,0.03991256,0.00063945,0.00285973,0.06984216,0.06001646,0.23088546,0.09054150,0.21009395,0.04512800,0.67822033,0.04640377,1.17040193,0.07818661,0.03713437,0.00000000,0.01072531,0.10360115,0.07360106,0.24907261,0.04098260,0.00121551,0.00744395,0.05106268,0.09804702,0.00000000,0.01226775,0.02371859,0.02374713,0.13000086,0.00401359,0.14071140,0.88889581,0.00139295,0.20428236,0.04483873,0.09271022,0.00000000,0.23401976,0.02054052,0.07034572,0.00000000,0.00056139,0.07038166,0.08373041,0.00123533,0.06416550,0.16626574,0.00469477,0.00704465,0.05862926,0.07786752,0.13432010,0.05075244,0.05354534,0.13018180,0.36956927,0.09962308,0.06030780,0.14910963,0.01005519,0.00320662,0.04732244,0.12124683,0.03552067,0.00656553,0.00275450,0.02105962,0.09956979,0.00810542,0.00000000,0.35353005,0.76875979,0.22400378,0.25300500,0.00757974,0.09445527,0.15266071,0.14846310,0.08132708,0.15904453,0.02346980,0.01218536,0.11090570,0.05425979,0.10749580,0.00174069,0.00783904,0.14433666,0.00939755,0.00550280,0.47928721,0.00361263,0.00646597,0.01243509,0.00926222,0.00382484,0.00266092,0.19128327,0.00702903,0.14272605,0.01368826,0.02540394,0.00000000,0.72682512,0.31423047,0.00012405,0.09598619,0.00130608,0.24893692,0.00146199,0.13165367,0.03194846,0.05908792,0.00159784,0.02246169,0.05261470,0.67379999,0.00070231,0.00216910,0.09208415,0.04417630,0.06864679,0.08359842,0.00151490,0.04221994,0.09268099,0.28063691,0.06004697,0.24459931,0.02171582,0.03033262,0.00710213,0.13899042,0.30492264,0.04233152,0.12672503,0.00095448,0.01025274,0.04969293,0.03335018,0.03252032,0.08360080,0.00000000,0.07089305,0.00546076,0.00000000,0.00054134,0.00141329,0.00091092,0.00390857,0.06519479,1.19059443,0.00000000,0.06538300,0.02120254,0.00967085,0.08897278,0.11631636,0.00094238,0.12226127,0.00000000,0.00922497,0.11651397,0.00000000,0.08242457,0.00084182,0.03053835,0.46927729,0.00000000,0.05944741,0.00976200,0.25590461,0.66291571,0.00482292,0.01835644,0.00329919,0.19361681,0.22966504,0.12475549,0.00000000,0.00000000,0.00052664,0.02879624,0.50885421,0.71198505,0.05746510,0.00090657,0.01422340,0.00000000,0.00528555,0.29764420,0.01932650,0.11001903,0.00000000,0.00000000,0.10285999,0.00264973,0.20590180,0.07162019,0.01910279,0.02065179,0.00009013,0.08157618,0.04503711,0.08561053,0.08633214,0.00018366,3.00721312,0.00000000,0.00238642,0.00216834,0.29903656,0.07329987,0.07635213,0.31541660,0.01213408,0.00000000,0.35853729,0.00306199,0.00637064,0.00000000,0.03845796,0.03021646,0.00021252,0.21852773,0.00000000,0.03901740,0.00000000,0.02765418,0.05119760,0.00794103,0.07350697,0.10067378,0.02462077,0.00098632,0.00136827,0.09952743,0.18413875,0.00423608,0.01450672,0.00178659,0.02257163,0.12278323,0.01086268,0.10292044,0.02547801,0.00889665,0.19357172,0.06836420,0.20342928,0.03993209,0.12776199,0.16104691,0.03601357,0.00101648,0.00616038,0.05379662,0.00424941,0.41366223,0.17342143,0.00893900,0.01107168,0.68208987,0.00125182,0.01926639,0.00036437,0.01519230,0.11001023,0.07042937,0.00237406,0.07397985,0.00000000,0.00000000,0.00303123,0.08593554,0.35341379,0.17522530,0.00000000,0.06730755,0.03628170,0.00000000,1.04121590,0.00419552,0.03079353,0.03544678,0.00295486,0.25012520,0.47107092,0.41005042,0.02121962,0.00503067,0.00171305,0.28230783,0.00564209,0.00202390,0.00573840,0.00036239,0.02428220,0.26373938,0.62990195,0.01401141,0.10399136,0.00252386,0.01728663,0.03598376,0.05904985,0.00452663,0.44242534,0.00527649,0.01303566,0.30365998,0.08183894,0.07458791,0.10487579,0.00366745,0.03308074,1.15452051,0.04082067,0.02117872,0.01037172,0.00188628,0.00228295,0.01713700,0.15681246,0.10988818,0.00070244,0.17382629,0.00964773,0.09717792,0.00188610,0.01351837,0.00671245,0.00000000,0.00063740,0.09480765,0.77132916,0.00000000,0.00019326,0.06078013,0.10958726,0.02987440,0.29402596,0.05108334,0.00000000,0.00000000,0.16627610,0.03190035,0.00352567,0.00560586,0.05003470,0.03466148,0.08259141,0.15494168,0.44071776,0.04385177,0.04751374,0.04744070,0.28531900,0.00630156,0.04014049,1.17050159,0.37438887,0.01984777,0.22405796,0.01027459,0.03934799,0.35133076,0.01624869,0.02446315,0.06719493,0.00000000,0.00042983,0.00000000,0.03101325,0.00975328,0.34045550,0.00000000,0.03146050,0.01712034,0.17628060,0.00804387,0.02211967,0.04848049,0.20871139,0.00217604,0.00084258,0.00000000,0.12144899,0.00000000,0.06963689,0.00153777,0.00375767,0.02621327,0.01248362,0.00000000,0.02739057,0.04132268,0.14700571,0.00974520,0.02154283,0.00496460,0.00932540,0.01509983,0.01772109,0.00015861,0.03938480,0.31542689,0.05847850,0.00000000,0.18334541,0.02603441,0.10812788,0.32065871,0.03349048,0.04135746,0.14642271,0.26510474,0.00269639,2.46774840,0.01168764,0.03774104,0.00931779,0.01312359,0.00282126,0.23120396,0.35982552,0.00000000,0.03823786,0.41290632,0.04589071,0.00242177,0.00974924,0.01851255,0.00141542,0.36633125,0.00326516,0.00188913,0.02449001,0.00638776,0.00214657,0.00000000,0.00000000,0.09777759,0.02385767,0.00000000,0.00191665,0.06406425,0.00000000,0.39110881,0.22290109,0.00000000,0.26780739,0.00046302,0.00081593,0.00532026,0.08103269,0.00004579,0.03072818,0.00000000,0.04738703,0.00473391,0.00000000,0.00058152,0.06949323,0.27362585,0.02404123,0.04144463,0.03072045,0.19590995,0.26085225,0.01308241,0.02716438,0.02142549,0.06515429,0.16411111,0.15100755,0.46191561,0.03869946,0.01243940,0.78970975,0.00018803,0.03463882,0.01858210,0.05211674,0.00873764,0.01915808,0.01137863,0.01971121,0.06786916,0.00104579,0.00048992,0.00072729,0.00392118,0.00147444,0.00008513,0.02502254,0.01024853,0.00457929,0.01245472,0.32593480,0.00039175,0.01977488,0.19461967,0.08936846,0.00000000,0.08050714,0.07940892,0.00123959,0.00646604,0.00488102,0.00000000,0.24953477,0.17833886,0.00000000,0.13505711,0.00751785,0.02548004,0.00158102,0.00000000,0.05546918,0.00000000,0.05343372,0.00840703,0.00000000,0.02793908,0.07975782,0.02725728,0.15007241,0.01050912,0.11096550,0.00706057,0.28630939,0.01852442,0.54066044,0.14515948,0.00000000,0.03281248,0.00000000,0.35388529,0.00543585,0.00121807,0.18561563,0.00000000,0.38053131,0.06260104,0.00000000,0.00000000,0.00425312,0.02235433,0.04071430,0.00406412,0.00113345,0.00000000,0.00047105,0.00156826,0.01037569,0.05815639,0.50296301,0.00799698,0.00000000,0.24440749,0.09434153,0.01717097,0.00047480,0.06328431,0.16322136,0.00000000,0.00668861,0.00096019,0.00072836,0.04727149,0.16105607,0.02077782,0.01219008,0.02972201,0.00000000,0.00000000,0.05983300,0.01873657,0.01487453,0.00000000,0.00399266,0.00548776,0.24768379,0.14627123,0.00098780,0.00102894,0.06000650,0.00000000,0.09087107,0.01543791,0.12986508,0.31289351,0.03685919,0.02712451,0.28763497,0.03464522,0.07989302,0.00417887,0.01678631,0.09280382,0.06373245,0.05346280,0.00153994,0.00449567,0.04482609,0.02750881,0.02102081,0.05307189,0.04893011,0.04347863,0.00000000,0.01321235,0.06699648,0.01265780,0.00331521,0.00626168,0.00967485,0.00000000,0.40995836,0.00456643,0.00773793,0.00000000,0.00000000,0.00569829,0.03811809,0.14905462,0.01331659,0.00191210,0.26735094,0.01470477,0.11898005,0.35433584,1.30813706,0.09421909,0.03291426,0.09357091,0.05696360,0.01524158,0.00465476,0.00232260,0.00215230,0.30090189,0.00107378,0.00507996,0.08189113,0.20942412,0.00587907,2.25163555,0.00616283,0.04485960,0.04615667,0.00226316,0.09513316,0.06960877,0.07729009,0.01314773,0.26191387,0.06947795,0.00721308,0.09838317,0.04950900,0.00263539,0.00150732,0.05812568,0.02758429,0.00000000,0.03946328,0.00000000,0.04670180,0.01723108,0.00000000,0.55079013,0.00000000,0.00000000,0.00219276,0.00000000,0.10091206,0.00000000,0.03693639,0.00754224,0.00426568,0.16887714,0.00286686,0.16103125,0.02722158,0.05846509,0.00284826,0.02263160,0.37240809,0.01071014,0.08397907,0.51032627,0.11906973,0.01985950,0.01116884,0.00083876,0.00469735,0.02646353,0.03632610,0.00000000,0.00703250,0.03385563,0.14394623,0.16074346,0.03244223,0.15610041,0.00062537,0.07556660,0.00970923,0.02874872,0.00000000,0.00428543,0.08002187,0.00232523,0.00000000,0.00972305,0.14096518,0.26574200,0.10877095,0.46704006,0.03105449,0.05534481,0.00465004,0.50427294,0.45221236,0.01368097,0.83207041,0.03949302,0.13743180,0.06734803,0.01612318,0.00098855,0.00000000,0.00454434,0.03027404,0.00072295,0.00852418,0.05403065,0.05169895,0.00824288,0.00401835,0.08419329,0.00000000,0.06101629,0.03098482,0.03218537,0.01153811,0.00297525,0.06850725,0.01918318,0.01801594,0.00208851,0.55971402,0.40668014,0.03144557,0.00832780,0.11103160,0.02011954,0.00388453,0.00000000,0.02107161,0.48807630,0.07650831,0.58398736,0.12514915,0.40125957,0.01612150,0.03357604,0.06826308,0.03186126,0.00000000,0.00000000,0.00141702,0.05625505,0.00373432,0.15688612,0.05118697,0.04730569,0.00000000,0.03855700,0.12785818,0.00582239,0.46270546,0.01478088,0.08113755,0.00264297,0.02085707,0.02937808,0.00317212,0.18248187,0.10399053,0.00009486,0.12859413,0.03055497,0.00380780,0.24312773,0.07036633,0.00424908,0.01750099,0.17680120,0.02765003,0.02380314,0.08217505,0.04816169,0.03371042,0.05293835,0.00000000,0.01800274,0.02026610,0.00114755,0.00311005,0.00351387,0.11075815,0.02743248,0.02849894,0.01192678,0.00984241,0.00757299,0.02022170,0.00083742,0.10334273,0.00147119,0.00972696,0.97183228,0.00760807,0.77349925,0.03919763,0.03975944,0.23152074,0.02349916,0.03645304,0.23488481,0.00000000,0.00955464,0.14552188,0.00000000,0.08187653,0.13175155,0.08961850,0.06052376,0.22647718,0.01397341,0.01300551,0.06917985,0.00747157,0.02602074,0.00685723,0.01374267,0.04582709,0.07583998,0.01700245,0.16591072,0.00776980,0.04446973,0.00356188,0.04142828,0.01341142,0.06899985,0.25027189,1.07232475,0.00917592,0.00828743,0.05072256,0.14431229,0.01216568,0.01501930,0.01069340,0.03529570,0.00237894,0.07895079,0.00000000,0.00158344,0.00166866,0.00098920,0.24896100,0.00617402,1.80044270,0.00000000,0.01174661,0.01076653,0.28250706,0.43953112,0.00000000,0.02864695,0.02187729,0.00832009,0.19155493,0.00066181,0.00632608,0.00000000,0.01386606,0.05157501,0.00330459,0.02070070,0.06569132,0.02301404,0.01372015,0.00822200,0.04346588,0.03447193,0.01583686,0.01418924,0.13264005,0.13355267,0.03010744,0.05612994,0.08645104,0.04573356,0.08286604,0.08680256,0.03406443,0.04510054,0.06114881,0.01397951,0.01406305,0.35294938,0.32605806,0.66274571,0.01090702,0.00000000,0.00000000,0.00041314,0.06448970,0.02766094,0.00239110,0.11963990,0.59935343,0.13684455,0.09302746,0.00000000,0.00901885,0.00465961,0.30016819,0.16529569,0.27696389,0.08624072,0.00450333,0.16322465,0.00818923,0.21594040,0.10753947,0.01852357,0.15009680,0.00000069,0.02488017,0.06260063,0.00245421,0.01347593,0.01033125,0.16180949,0.00042162,0.42827329,0.00000000,0.04388142,0.02236473,0.01023397,0.00404247,0.02402328,0.06761841,0.00959107,0.28758010,0.44174296,0.07997093,0.00700007,0.01670329,0.01277658,0.00786514,0.03725303,0.26590070,0.00000000,0.01905969,0.02119690,0.00101961,0.03890024,0.00230198,0.00345097,0.09207453,0.01613799,0.00753556,0.00000000,0.02611453,0.00748292,0.05481876,0.00243975,0.00118568,0.00000000,0.05815802,0.03558052,0.01464620,0.26777864,0.00066326,0.04086575,0.02008507,0.32406574,0.08570901,0.00000000,0.00012425,0.01514647,0.00473251,0.40267909,0.00770692,0.01692872,0.04521234,0.00628617,0.05951122,0.52966100,0.00343706,0.00296573,0.00251028,0.00238706,0.00867790,0.18995798,0.02129374,0.03219504,0.11569420,0.05429233,0.01189440,0.00395384,0.31853989,0.01676301,0.15694202,0.04186355,0.14255206,0.00000000,0.30524948,0.04367694,0.25447008,0.06612114,0.00119632,0.25911650,0.09971910,0.05742482,0.00000000,0.00494736,0.00744735,0.00494467,0.00331064,0.02508317,0.00044822,0.24426353,0.06436975,0.00946639,0.01564940,0.00773321,0.05536034,0.06657811,0.01517465,0.04101780,0.02564126,0.03485585,0.00120532,0.35485563,0.03026675,0.02721129,0.00943478,0.01263473,0.13686937,0.00526878,0.40294331,0.01633730,0.02677276,0.08305588,1.01542187,0.00000000,0.02419660,0.00127938,0.00953351,0.00154594,0.00462486,0.03831355,0.05125583,0.01261712,0.00000000,0.04025579,0.00554981,0.00737182,0.14275317,0.00792684,0.22691903,0.01041810,0.01534203,0.70605457,0.02713706,0.00785475,0.08638830,0.01730027,0.00484480,0.00321421,0.06565978,0.07237210,0.00038008,0.02318790,0.01071440,0.00809614,0.02852269,0.00000000,0.08555906,0.19579743,0.03860807,0.17722926,0.07673157,0.02698927,0.08111858,0.01464186,0.04264652,0.00229835,0.00000000,0.02102453,0.02351941,0.28765899,0.00428509,0.49985301,0.00451362,0.01059364,0.39961445,0.00000000,0.89281857,0.00000000,0.05984463,0.12752691,0.00022591,0.00224850,0.01454646,0.21632738,0.00760210,0.12180404,0.00000000,0.36808664,0.02275166,0.06212093,0.02200939,0.20246038,0.00000000,0.00157723,0.00542269,0.06850612,0.35668531,0.00000000,0.00000000,0.00881315,0.10847768,0.17008692,0.23686005,0.00007604,0.00806519,0.00000000,0.01985866,0.07191496,0.06093080,0.02575137,0.12764670,0.02177317,0.00000000,0.00000000,0.04008267,0.00570134,0.10079514,0.10307377,0.00000000,0.06216552,0.10532320,0.00505019,0.02213827,0.00294381,0.14266075,0.01391371,0.11316120,0.10449358,0.00000000,0.01915903,0.03289386,0.00000000,0.00909227,0.05580450,0.06487734,0.05184814,0.02528779,0.07673126,0.02271204,0.02394050,0.02835135,0.05881283,0.04708321,0.01839919,0.00237477,0.00346207,0.00000000,0.00000000,0.20175654,0.01465325,0.15627383,0.03089580,0.67409629,0.00584219,0.21273881,0.02336395,0.03060280,0.17852141,0.13899335,0.04741185,0.44789651,0.21113852,0.01221843,0.03334303,0.10074031,0.00162716,0.00000000,0.04090016,0.00000000,0.05901091,0.16970518,0.02945399,0.02316959,0.14758973,0.01065285,0.06211447,0.15682076,0.05616145,0.00246718,0.16116998,0.95865446,0.02079578,0.02779549,0.02148887,0.03535860,0.44523051,0.01895007,0.00000000,0.01662916,0.03695498,0.01989461,0.43383333,0.02033464,0.07425048,0.00124186,0.00000000,0.05824387,0.02092854,0.17619918,0.02317791,0.81887162,0.01245700,0.02851846,0.01378425,0.02282351,0.00000000,0.04006608,0.08142796,0.12899084,0.02251046,0.00510815,0.16988033,0.14084391,0.13647540,0.13300289,0.03391599,0.04897635,0.00205425,0.06555831,0.44765213,0.14841738,0.12962647,0.00000000,0.10014074,0.03705038,0.19272888,0.52266318,0.01022514,0.00000000,0.28181270,0.02034249,0.18871960,0.07155280,0.10125104,0.17106082,0.16029610,0.03703471,0.09398711,0.03116675,0.00757583,0.00256239,0.75956029,0.10567225,0.09602469,0.00964184,0.00548900,0.00002170,0.00000000,0.33534241,0.01663803,0.03165601,0.03404929,0.00184176,0.01476252,0.06228781,0.08298407,0.06895395,0.00000000,0.00000000,0.09184183,0.05999213,0.03020429,0.03849519,0.12317373,0.02773646,0.03738510,0.00000000,0.02342710,0.07108560,0.03049974,0.00000000,0.02395111,0.18018849,0.01179919,0.03099462,0.03339029,0.43004003,0.00300563,0.17906384,0.02749884,0.01115470,0.00000000,0.01442077,0.07654662,0.02780925,0.04325054,0.00991628,0.01995585,0.00687947,0.06433191,0.09442212,0.04390211,0.07674281,0.03885761,0.01469501,0.00525145,0.00657272,0.04943899,0.00000000,0.01397659,0.04088706,0.02989699,0.03048974,0.07039928,0.15825067,0.00000000,0.03143412,0.01034446,0.06699678,0.00000000,0.07049451,0.28235337,0.00029606,0.10734706,0.20144895,0.11512517,0.10177984,0.00453820,0.05967579,0.01224293,0.10081936,0.02340215,0.07972667,0.01142960,0.00000000,0.13175021,0.00426092,0.04032951,0.06670815,0.07405030,0.06160202,0.02500609,0.00000000,0.00354373,0.00000000,0.00368529,0.01212194,0.85647821,0.00000000,0.02018614,0.38718909,0.05399941,0.00295316,0.10145405,0.14549494,0.01705996,0.01001049,0.03462191,0.00046438,0.01105738,0.29130957,0.00477449,0.03417785,0.04037717,0.07964025,0.02663535,0.07344483,0.00000000,0.01402739,0.00000000,0.00000000,0.48339194,0.00378689,0.02076082,0.00583191,0.21045633,0.08974911,0.01911457,0.00845303,0.08345018,0.04918808,0.14302759,0.10786912,0.10085936,0.07241764,0.00000000,0.00096897,0.07775726,0.07721836,0.15688492,0.01401376,0.05961852,0.42728925,0.01316499,0.00000000,0.02344108,0.11268698,0.08149118,0.15907036,0.05694106,0.00941209,0.04070426,0.00000000,0.02243089,0.01225289,0.25550443,0.00599596,0.01006790,0.03294250,0.06170454,0.09965967,0.03736009,0.24978217,0.17413574,0.08022019,0.01118588,0.06902619,0.00166144,0.05859124,0.00060453,0.01130121,0.03557264,0.01868317,0.05431766,0.40210289,0.06033283,0.02443509,0.21909682,0.04221309,0.01632726,0.03780719,0.11301603,0.02303034,0.03425562,0.71576458,0.20618567,0.03582234,0.10574797,0.02425136,0.05611832,0.03174611,0.02618541,0.01096483,0.01415537,0.00445332,0.08812022,0.01373209,0.05364095,0.00000000,0.00122342,0.02007080,0.01581043,0.00000000,0.02907775,0.07227955,0.00146912,0.04514103,0.00172212,0.00000000,0.01086340,0.00000000,0.01698268,0.38653225,0.00228687,0.00000000,0.07649533,0.11362702,0.00718903,0.06469208,0.00991822,0.06536214,0.00860756,0.00701470,0.10860266,0.00000000,0.00416880,0.02026203,0.00333182,0.11188566,0.07759245,0.05740406,0.08078622,0.02433353,0.00000000,0.01078895,0.00000000,0.05327833,0.00000000,0.04334779,0.04177932,0.06240664,0.00000000,0.03188235,0.02814038,0.01010767,0.19594252,0.07538099,0.01732008,0.12779821,0.01021732,0.02920160,0.03425400,0.11872124,0.01774531,0.07191626,0.49572706,0.05107310,0.01595677,0.05675644,0.05818355,0.05418519,0.01805417,0.03680251,0.06510676,0.00755187,0.02679367,0.03750902,0.00000000,0.03485719,0.01069533,0.01771736,0.00531008,0.03058201,0.08075842,0.00000000,0.58158076,0.12289681,0.00000000,0.17322436,0.04226253,0.03542807,0.00000000,0.00396484,0.00000000,0.42346343,0.00000000,0.20570414,0.07794453,0.08950771,0.07862633,0.00009044,0.01152624,0.01726140,0.19257095,0.02745684,0.00000000,0.00129122,0.01725786,0.02697771,0.00148871,0.18752912,0.04644608,0.02461775,0.03533370,0.03588987,0.00497633,0.05345010,0.04278820,0.00000000,0.04010749,0.02479911,0.54747665,0.11602373,0.04302332,0.11338633,0.11498975,0.08653039,0.00988971,0.01767130,0.00849084,0.00000000,0.14970151,0.04448286,0.13449979,0.00682546,0.00000000,0.00035649,0.00139728,0.07227828,0.17740819,0.19722122,0.15294248,0.05746563,0.04181362,0.00976129,0.06118617,0.10432802,0.04201315,0.21895069,0.04447687,0.00000000,0.02747441,0.02536600,0.06209302,0.31113672,0.01589458,0.01749394,0.02766937,0.00092505,0.05589689,0.00211652,0.00918830,0.00355473,0.00540918,0.01933412,0.00750915,0.35838079,0.01211238,0.01869508,0.03945737,0.00802766,0.05485720,0.06619718,0.02943938,0.04647586,0.05335360,0.09447923,0.03233691,0.04980182,0.00180516,0.05800965,0.05289130,0.11463048,0.15470904,0.32031366,0.01722308,0.60375357,0.04174127,0.09831800,0.05189832,0.07030829,0.00520492,0.10799585,0.00718720,0.02156913,0.20140930,0.20843965,0.00403317,0.02732929,0.00881785,0.02230895,0.03010717,0.01395423,0.03275964,0.00182300,0.00000000,0.00000000,0.05176676,0.30689883,0.15892379,0.01853798,0.28755164,0.43899566,0.05030980,0.32294849,0.12518393,0.00072682,0.30550051,0.00288782,0.00166583,0.01618707,0.00373431,0.02177989,0.01856574,0.00793283,0.02806622,0.00570119,0.00673855,0.07163292,0.05906732,0.20068981,0.19623059,0.00000000,0.09876011,0.00813702,0.16589560,0.01497555,0.02597370,0.06766286,0.00491876,0.00081604,0.00794903,0.00908857,0.04879799,0.07567333,0.13567603,0.09903193,0.07265050,0.01351773,0.02243038,0.00000000,0.00799108,0.08177927,0.02826768,0.01505535,0.03923617,0.00057414,0.00620402,0.01581834,0.00000000,0.03284085,0.02639231,0.15958232,0.01539012,0.24988438,0.00437224,0.06376013,0.50175905,0.03162584,0.01593627,0.03235414,0.03328571,0.02834833,0.01085455,0.48857513,0.00000000,0.01842159,0.07514682,0.25999427,0.01644974,0.06843020,0.00508485,0.14744167,0.02029902,0.06779204,0.59628779,0.00000000,0.04990112,0.02277387,0.01442746,0.06215220,0.14637473,0.00828357,0.03602492,0.00000000,0.03541689,0.02277388,0.00528009,0.33769801,0.14247239,0.00928692,0.00360561,0.12713835,0.06806959,0.43343714,0.00000000,0.00659104,0.15416445,0.04297463,0.04671347,0.03164667,0.03259911,0.33622918,0.07237764,0.00000000,0.05487289,0.01099786,0.01111270,0.00953647,0.07386675,0.00145743,1.10134566,0.07637975,0.00000000,0.00895247,0.00000000,0.00000000,0.47526523,0.02630397,0.01369013,0.02231704,0.20002438,0.05807392,0.11605207,0.00347509,0.01024749,0.00000000,0.00182321,0.00000000,0.02432864,0.01693924,0.03489119,0.05718451,0.08812194,0.04536045,0.11330864,0.04991974,0.00000000,0.13555202,0.00457782,0.09702503,0.00824967,0.17355652,0.00958641,0.05930539,0.18997195,0.01147267,0.26201305,0.00566622,0.00180654,0.00097536,0.00960232,0.09478378,0.01325344,0.02684144,0.14049149,0.19483215,0.01204155,0.00465173,0.25580457,0.05948747,0.17835687,0.00146358,0.00000000,0.22737582,0.15197238,0.02710834,0.04673344,0.73324871,0.07059654,0.46628579,0.06340162,0.04421871,0.02736471,0.09036954,0.04432210,0.01193444,0.07986036,0.01524213,0.00000000,0.00495972,0.04245592,0.00000000,0.10872069,0.07195260,0.06406385,0.23921417,0.00941945,0.01569108,0.01261090,0.25839326,0.00838217,0.06177948,0.10529173,0.01928914,0.00000000,0.00000000,0.00118104,0.08228680,0.08515189,0.02293145,0.04349389,0.09107625,0.02421915,0.00904787,0.02896741,0.03917786,0.01531292,0.03492282,0.00000000,0.03549480,0.02886563,0.02403183,0.08518676,0.02835651,0.00214182,0.00015144,0.32325530,0.00000000,0.38810152,0.19189841,0.01282856,0.00729272,0.01553707,0.09462720,0.00636099,0.06315775,0.10615411,0.04884909,0.00425550,0.00000000,0.01579608,0.06514465,0.19257148,0.08441927,0.08575431,0.01550568,0.01064232,0.00729935,0.06083402,0.03755473,0.19391803,0.01692531,0.29949600,0.04448782,0.12774876,0.51222169,0.03112912,0.00000000,0.00975290,0.08360057,0.41091934,0.00940653,0.02300547,0.03111437,0.08621104,0.00000000,0.03420997,0.03641973,0.09694351,0.03995093,0.00000000,0.01757918,0.13888593,0.02514298,0.05428407,0.00000000,0.04832222,0.03851367,0.01405602,0.08464237,0.03478102,0.14683954,0.02671590,0.33803502,0.02147800,0.23873043,0.04404953,0.04293959,0.00000000,0.02974440,0.00000000,0.05291506,0.00451023,0.00871501,0.01395571,0.03168567,0.02146251,0.00000000,0.02711964,0.00306566,0.25485781,0.00000000,0.00000000,0.05904337,0.17505521,0.23775718,0.05742448,0.26941463,0.14662196,0.37667960,0.13067099,0.00345801,0.00000000,0.27680057,0.04563551,0.24306844,0.74964470,0.00000000,0.00324768,0.02079981,0.13519348,0.08332775,0.22828527,0.02928825,0.02131508,0.01532810,0.00595181,0.00256163,0.03767156,0.02624288,0.01580117,0.00000000,0.02832468,0.04639129,0.00985082,0.05772979,0.15769513,0.20335689,0.19527006,0.00052213,0.01253750,0.15618682,0.00462449,0.02925282,0.04970141,0.01070667,0.01530088,0.02529144,0.00000000,0.00000000,0.00000000,0.06768049,0.00471686,0.02265913,0.01995771,0.09250052,0.00917911,0.06439511,0.15168217,0.09840626,0.00000000,0.01520457,0.02530466,0.42985699,0.04247234,0.07815018,0.00617340,0.00142047,0.22086903,0.24876162,0.13503982,0.00463991,0.14170362,0.01280331,0.05619950,0.01616372,0.04649547,0.00169181,0.00464306,0.05194390,0.07334508,0.14115410,0.07868207,0.20914419,0.04510017,0.61113161,0.03890237,0.78897864,0.01229728,0.03557584,0.00000000,0.02522223,0.09179673,0.13993496,0.13810712,0.02222942,0.00321595,0.01217400,0.06344433,0.04503716,0.00000000,0.02125871,0.04952550,0.02015194,0.05528112,0.00706510,0.07165302,0.54873985,0.00240947,0.23768683,0.04724494,0.00964791,0.00000000,0.24219042,0.01793347,0.06595225,0.00000000,0.00097735,0.05235076,0.15926595,0.00326838,0.04876771,0.10059878,0.00982951,0.01478679,0.05708381,0.09251647,0.08163580,0.07134634,0.04736831,0.08462530,0.25312227,0.24172515,0.04400563,0.07145896,0.01521986,0.00566527,0.05157632,0.09969953,0.04265672,0.01315321,0.00477229,0.02294177,0.06092430,0.01506548,0.00000000,0.47485930,0.46551466,0.17025355,0.08176985,0.01193197,0.05337230,0.12891838,0.13577349,0.05772484,0.13466266,0.03915203,0.03177521,0.02993403,0.01157425,0.11313880,0.00363089,0.01946140,0.16633318,0.01121305,0.01455903,0.25184524,0.00859652,0.01687682,0.01673900,0.02157291,0.00745973,0.00704013,0.15680699,0.01544129,0.06661621,0.03426734,0.04626757,0.00000000,0.57894433,0.18066891,0.00032821,0.05991974,0.00345556,0.13093269,0.00386807,0.07117616,0.05317276,0.06599019,0.00422748,0.05942805,0.05757092,0.45103046,0.00185815,0.00247320,0.06679685,0.05772438,0.04469025,0.05202867,0.00269969,0.02859156,0.06910956,0.23666856,0.04987595,0.19348580,0.02694743,0.05463219,0.01418268,0.14071330,0.22249469,0.07469354,0.15181354,0.00178515,0.02712621,0.06104620,0.04805622,0.03591148,0.12902379,0.00000000,0.10682499,0.00866975,0.00000000,0.00143225,0.00373922,0.00241006,0.00354243,0.09308676,0.74305832,0.00000000,0.12778464,0.02869433,0.02558665,0.07038474,0.02937516,0.00249331,0.11725584,0.00000000,0.01813246,0.03656093,0.00000000,0.04663037,0.00222726,0.05169740,0.30882734,0.00000000,0.05131369,0.01751353,0.24527304,0.49422142,0.01135526,0.03953096,0.00371423,0.17456526,0.20913798,0.10777880,0.00000000,0.00000000,0.00139336,0.06408255,0.33637956,0.31169069,0.09802168,0.00239856,0.02435665,0.00000000,0.01398425,0.07462244,0.01927628,0.09923445,0.00000000,0.00000000,0.11231271,0.00428027,0.23510402,0.02547178,0.04434907,0.05463951,0.00023845,0.04079977,0.03814900,0.05307639,0.07888413,0.00040899,0.53259808,0.00000000,0.00631387,0.00466515,0.16712518,0.05260292,0.06283338,0.39387795,0.01854306,0.00000000,0.31889504,0.00603937,0.01338278,0.00000000,0.08391252,0.02645219,0.00056228,0.13300115,0.00000000,0.06010509,0.00000000,0.03669877,0.08552585,0.01120041,0.10750466,0.10880455,0.03697390,0.00189914,0.00271519,0.07685240,0.15382737,0.00461618,0.02829006,0.00189821,0.02619417,0.10319080,0.01224540,0.09625184,0.02777994,0.01543058,0.23363626,0.04733613,0.20018721,0.06211622,0.10510080,0.07966632,0.06213062,0.00228871,0.01629883,0.04747492,0.00483285,0.31849203,0.08539575,0.01779339,0.00798412,0.24208277,0.00217426,0.03820577,0.00064075,0.02838639,0.19270247,0.04321198,0.00628118,0.05766372,0.00000000,0.00000000,0.00801988,0.06962743,0.30185863,0.03560379,0.00000000,0.05380101,0.05038885,0.00000000,0.72758943,0.01110029,0.02672575,0.05662920,0.00314226,0.14860088,0.37839177,0.28589794,0.02841558,0.00515935,0.00280687,0.09907899,0.01054618,0.00535474,0.01140450,0.00095879,0.01393977,0.27721491,0.52946413,0.01633030,0.21930595,0.00363871,0.01274672,0.03001291,0.04124487,0.01197634,0.26942378,0.01203150,0.02462710,0.16245995,0.07430743,0.03970102,0.03333899,0.00614965,0.04651578,0.63979381,0.05959362,0.01799188,0.02313744,0.00327944,0.00604013,0.02037561,0.09890913,0.25648162,0.00185848,0.10526039,0.02552550,0.11116296,0.00285999,0.02175740,0.01040043,0.00000000,0.00126800,0.13226625,0.37295797,0.00000000,0.00051131,0.07470288,0.07864226,0.02626777,0.22333220,0.10490950,0.00000000,0.00000000,0.17482333,0.02815488,0.00811078,0.00570093,0.09381083,0.04385075,0.08636294,0.08096430,0.32746884,0.06883833,0.09951223,0.02691210,0.17919014,0.01217482,0.05724013,0.65258455,0.18320626,0.02412608,0.20296395,0.01104270,0.09409173,0.13826206,0.03130762,0.03199251,0.05855240,0.00000000,0.00102033,0.00000000,0.04593257,0.01259690,0.15052803,0.00000000,0.04613710,0.02545009,0.09497408,0.01406175,0.05852314,0.04593298,0.10534421,0.00372038,0.00222927,0.00000000,0.07908678,0.00000000,0.08702205,0.00266412,0.00658333,0.03624053,0.02200926,0.00000000,0.04806741,0.05315977,0.12803848,0.02154331,0.02083023,0.00782024,0.02137292,0.01990188,0.04530474,0.00041965,0.04074169,0.14456056,0.05815364,0.00000000,0.16329683,0.02361393,0.13056815,0.18160886,0.03055521,0.06074674,0.07440039,0.12620139,0.00457927,0.81169790,0.02269622,0.06529524,0.01510145,0.02153944,0.00490830,0.24968378,0.19640569,0.00000000,0.05054707,0.20426810,0.03859588,0.00380930,0.01309122,0.04720545,0.00358151,0.26307309,0.00468998,0.00348984,0.03753222,0.01225971,0.00567930,0.00000000,0.00000000,0.05971796,0.02329895,0.00000000,0.00499036,0.03363816,0.00000000,0.26431084,0.17909737,0.00000000,0.12000629,0.00122504,0.00123673,0.01407609,0.03852273,0.00012116,0.05013571,0.00000000,0.05626862,0.00825238,0.00000000,0.00153856,0.07746787,0.19061613,0.02796295,0.03037058,0.07066524,0.17472127,0.13688266,0.02290862,0.02828013,0.02266695,0.10657629,0.06789018,0.09750697,0.38068119,0.03244603,0.01691117,0.61097914,0.00049748,0.04753224,0.03833198,0.05115749,0.01910856,0.04517864,0.02541510,0.02405990,0.05381225,0.00271356,0.00129621,0.00156451,0.00522385,0.00269147,0.00022522,0.04950390,0.02393582,0.00673343,0.02161774,0.28159109,0.00103648,0.02758475,0.18237975,0.08425801,0.00000000,0.06198908,0.09632579,0.00327964,0.00899101,0.01291396,0.00000000,0.17214766,0.21136275,0.00000000,0.15347545,0.00939410,0.04316463,0.00418299,0.00000000,0.06896403,0.00000000,0.07861716,0.00990338,0.00000000,0.03013297,0.08315838,0.05319831,0.07843747,0.01682722,0.14529917,0.01868052,0.11207590,0.01770498,0.37531418,0.17561285,0.00000000,0.07289147,0.00000000,0.25780833,0.01194111,0.00318013,0.15328343,0.00000000,0.35408580,0.04778029,0.00000000,0.00000000,0.00639675,0.02517143,0.05063208,0.00918306,0.00299883,0.00000000,0.00062815,0.00299767,0.02745149,0.06439138,0.25427887,0.01752357,0.00000000,0.06689484,0.18529141,0.02131371,0.00125619,0.10393957,0.11562659,0.00000000,0.01555234,0.00254043,0.00192707,0.01636129,0.17809293,0.02907438,0.02350811,0.06220111,0.00000000,0.00000000,0.09102675,0.04913463,0.02968409,0.00000000,0.00708423,0.01451924,0.23631945,0.18317577,0.00261347,0.00272233,0.06557807,0.00000000,0.04660449,0.02454328,0.12964274,0.19145244,0.06608792,0.02246998,0.18160641,0.03276984,0.05827201,0.00789726,0.02868420,0.15984087,0.03551387,0.02934580,0.00388336,0.00816255,0.04006630,0.03118630,0.03912821,0.02374626,0.05900360,0.02654420,0.00000000,0.01622150,0.06224995,0.01673717,0.00625337,0.00747768,0.01314267,0.00000000,0.49511731,0.00600551,0.00821171,0.00000000,0.00000000,0.01363301,0.04288146,0.09642833,0.01566058,0.00505895,0.21683858,0.02253145,0.11173545,0.27796948,0.63516951,0.07781047,0.05213724,0.10372646,0.05655121,0.02275946,0.00913178,0.00402464,0.00569446,0.15048486,0.00284094,0.00811940,0.08210774,0.11235694,0.00782819,1.07576001,0.01630531,0.07995142,0.05820410,0.00598775,0.16055030,0.11979893,0.06166264,0.01879386,0.24787672,0.08752814,0.01080345,0.12876043,0.04214904,0.00697258,0.00398801,0.15204079,0.04017102,0.00000000,0.04615186,0.00000000,0.04650585,0.03410013,0.00000000,0.25609636,0.00000000,0.00000000,0.00580150,0.00000000,0.10985954,0.00000000,0.06267671,0.00611097,0.00513789,0.12919807,0.00311475,0.15737741,0.03850855,0.04507120,0.00753579,0.03197914,0.12918951,0.01120593,0.04443616,0.25955871,0.19216248,0.03286550,0.01914285,0.00176390,0.01242801,0.02949823,0.06751879,0.00000000,0.01601713,0.06474652,0.05825407,0.09582635,0.03218270,0.17569682,0.00165457,0.04342866,0.02568821,0.03575359,0.00000000,0.01133819,0.04197784,0.00615199,0.00000000,0.01379158,0.23315580,0.16804422,0.07098590,0.47457284,0.05900576,0.01983324,0.00974839,0.19463260,0.16631083,0.02737228,0.22514479,0.07758792,0.05646039,0.07689793,0.02633051,0.00261546,0.00000000,0.01202319,0.03671863,0.00125274,0.01448650,0.06632815,0.02798942,0.00598518,0.00635887,0.04236375,0.00000000,0.06424914,0.03653034,0.04857130,0.01938462,0.00562463,0.05464763,0.03039066,0.01305336,0.00552569,0.45843199,0.33274287,0.05220251,0.01823428,0.07526261,0.01379800,0.00798800,0.00000000,0.03250193,0.35443470,0.07766452,0.38316309,0.26899931,0.18760064,0.03215388,0.02100954,0.06018144,0.02551819,0.00000000,0.00000000,0.00374908,0.05256199,0.00988007,0.16991234,0.03232476,0.03794518,0.00000000,0.08545163,0.07277069,0.01386791,0.15871488,0.02965136,0.15543856,0.00443758,0.02263662,0.03959135,0.00506687,0.23270099,0.14432846,0.00025098,0.11101055,0.05169778,0.01007449,0.14035705,0.05661617,0.01124201,0.01723426,0.07689694,0.03784017,0.03512428,0.09842460,0.06113487,0.05398281,0.06028583,0.00000000,0.02719614,0.02423907,0.00303614,0.00536111,0.00490670,0.15140431,0.03200448,0.03755520,0.02020377,0.02575160,0.01114422,0.02501548,0.00221561,0.20285049,0.00389239,0.00952360,0.38826776,0.00863204,0.53029239,0.04992134,0.03548044,0.25806025,0.02035828,0.06109374,0.17939186,0.00000000,0.01392962,0.15397422,0.00000000,0.12154963,0.10626398,0.07838798,0.09691584,0.12818502,0.03422955,0.03000649,0.06070986,0.01185616,0.02198154,0.01194638,0.02640258,0.06716827,0.09334723,0.01189964,0.18549058,0.01350989,0.03742863,0.00415042,0.07278023,0.03077301,0.05426724,0.13016994,0.40046096,0.02171520,0.01223319,0.02458595,0.17855155,0.03218736,0.02832616,0.02001153,0.04650120,0.00539022,0.07967526,0.00000000,0.00418940,0.00297739,0.00261719,0.14709751,0.00699213,0.40286601,0.00000000,0.02178252,0.02004166,0.27341488,0.54975784,0.00000000,0.04719339,0.02596302,0.02180174,0.12763216,0.00175098,0.00682409,0.00000000,0.01618040,0.08298365,0.00874312,0.05476889,0.13510738,0.02745284,0.01914946,0.00853553,0.06582343,0.04369685,0.01822601,0.02571290,0.07859366,0.10968997,0.02769298,0.03579107,0.12139080,0.07163518,0.07165642,0.05256387,0.03159663,0.06643653,0.04845702,0.01943862,0.01644620,0.21944122,0.18593527,0.41885680,0.01984883,0.00000000,0.00000000,0.00090852,0.05684749,0.03402236,0.00632625,0.08666270,0.49260202,0.16812845,0.09073976,0.00000000,0.01775683,0.00621562,0.22688769,0.07071212,0.12724252,0.12946969,0.00485563,0.25001633,0.01562163,0.21644641,0.07412768,0.02111135,0.09274457,0.00000182,0.05598754,0.06488284,0.00649324,0.03520874,0.02412645,0.13646722,0.00102307,0.21800843,0.00000000,0.06484438,0.03009322,0.00811595,0.01069538,0.02349840,0.07487994,0.01693500,0.17799984,0.25176618,0.13800336,0.00527879,0.02011027,0.01360568,0.01082037,0.03087856,0.12184153,0.00000000,0.02125847,0.01681623,0.00269764,0.05205430,0.00609047,0.00617674,0.07432819,0.02477848,0.00862497,0.00000000,0.03045837,0.01256796,0.04324834,0.00645496,0.00295161,0.00000000,0.03376431,0.03008554,0.02160456,0.56865937,0.00122471,0.03091434,0.03796335,0.18556128,0.11601060,0.00000000,0.00032874,0.04007379,0.00396447,0.17289543,0.00890061,0.01190721,0.04116662,0.01540013,0.05692749,0.65338123,0.00909360,0.00669406,0.00511059,0.00434127,0.01936283,0.09529955,0.03330094,0.03197598,0.07011966,0.09169653,0.01867238,0.00725216,0.13868439,0.02021859,0.09156065,0.04331487,0.10413816,0.00000000,0.19848511,0.08398564,0.09859741,0.05223065,0.00301379
6056,data/pair/6056/RHEED/After rampdown to 200 C.MOV,manifest_specified_rheed_path,16.260000,488,8,0.07646413,0.00000000,0.03771333,0.00000000,0.00079265,0.00563333,0.00932044,0.01733788,0.00633057,0.00000000,0.10129957,0.03127000,0.00008749,0.00671976,0.00397924,0.06051714,0.00142208,0.01157882,0.03432918,0.01012856,0.03826461,0.01165592,0.16117230,0.16133873,0.00166492,0.00374732,0.00399065,0.18392354,0.00334999,1.00970948,0.01225846,0.09018989,0.04680165,0.79766017,0.00062737,0.00316773,0.00047540,0.00797055,0.13185276,0.02370667,0.16152680,0.06182365,0.00000000,0.00138054,0.04222966,0.00026217,0.02393760,0.02193393,0.01027087,0.01528300,0.02557342,0.04174611,0.25252596,0.00000000,0.00629497,0.06395226,0.04398753,0.00407565,0.00114360,0.11669157,0.06154473,0.00000000,0.08412727,0.00656406,0.02170442,0.03983414,0.00000000,0.05048400,0.05087736,0.04187065,0.19261594,0.01639557,0.00179107,0.25718522,0.00186667,0.06906790,0.00000000,0.00000000,0.01786441,0.03520470,1.19400060,0.00000000,0.81961060,0.03612730,0.01429655,0.50156331,0.01474520,1.19507134,0.00044596,0.00470519,0.08812118,0.00000000,0.00000000,0.00714979,0.41707054,0.00691132,0.05921655,0.00163312,0.05610143,0.01420008,0.02196734,0.02567106,0.12532784,0.00936353,0.00734215,0.00000000,0.03523870,0.24617471,0.00004338,0.00170729,0.00469719,0.16788216,0.00636943,0.09609817,0.00068609,0.00055832,0.00000000,0.00000000,0.06765993,0.30426797,0.01684124,0.01123269,0.01583306,0.00000000,0.01806923,0.10309505,0.01017786,0.03837723,0.05148225,0.00000000,0.04938503,0.22005883,0.00000000,0.00000000,0.02561045,0.06648844,0.00825831,0.04069278,0.08609111,0.00000000,0.01515830,0.00231828,0.00000000,0.00000000,0.08421107,0.44205576,0.17424653,0.00000000,0.05029950,0.04347001,0.01810839,0.02472030,0.00117264,0.06146783,0.02635790,0.02871998,0.00000000,0.00131030,0.00000000,0.07996174,0.00845349,0.08748997,0.00000000,1.07824230,0.02957893,0.24756891,0.00000000,0.03482576,0.08158527,0.03257089,0.00697031,0.17925197,0.22135215,0.01026962,0.22788082,0.32959977,0.00029399,0.00000000,0.04333016,0.00000000,0.25038144,0.06207020,0.00121263,0.01625680,0.18757972,0.00222700,0.04075543,0.04582255,0.29362139,0.00669147,0.00349039,0.46651912,0.00000000,0.00858083,0.00666164,0.08682201,0.26136160,0.00999295,0.00000000,0.00045338,0.02361372,0.00090496,0.24233854,0.00328061,0.04070423,0.00648674,0.00252437,0.04698258,0.02740467,0.08746881,0.01504665,2.78677464,0.00458920,0.23911631,0.02596914,0.00459349,0.00000000,0.04149643,0.00111969,0.34543595,0.02249483,0.02562688,0.17834736,0.22595337,0.10344345,0.12748519,0.00143571,0.00358399,0.00000000,0.05075318,0.18709011,0.48401409,0.08161913,0.00000005,0.16618454,0.07756394,0.23582898,0.79991674,0.00012913,0.00000000,0.25579453,0.01222103,0.05571816,0.01519333,0.01361918,0.07703113,0.19689034,0.04746826,0.00715252,0.03762664,0.01081822,0.00000000,0.12133925,0.07438401,0.06523600,0.01448868,0.00466803,0.00000000,0.00000000,0.07918261,0.02702786,0.03116376,0.00535585,0.00137282,0.00222350,0.06147675,0.04311519,0.21100062,0.01034432,0.00000000,0.14466083,0.05407208,0.00214114,0.18396309,0.07986007,0.06035312,0.15204559,0.00119889,0.00193122,0.06253386,0.00258420,0.00000000,0.02388761,0.00941134,0.01173939,0.00767933,0.00003254,0.49638894,0.00000000,0.13191059,0.00249438,0.00083221,0.00247028,0.03626511,0.00812336,0.00730993,0.07765703,0.00606362,0.03677143,0.00000000,0.04100490,0.02796650,0.02976089,0.02401195,0.04015576,0.02732140,0.00000000,0.00007155,0.09443375,0.00000000,0.01918780,0.00000000,0.01629904,0.09786720,0.44442105,0.09726751,0.00000000,0.05891657,0.00844526,0.15829779,0.00115861,0.01311511,0.21639715,0.00929701,0.05513982,0.24241410,0.24447772,0.00371347,0.00117246,0.02622285,0.01027709,0.02432629,0.04173885,0.08961745,0.00942695,0.00000154,0.08558922,0.01580295,0.00127186,0.02307171,0.17213158,0.02042605,0.01809083,0.01567350,0.01499301,0.00000000,0.01197924,0.08966322,1.42682183,0.00000000,0.01960728,0.52911603,0.01930401,0.00145802,0.06084856,0.13860054,0.00471596,0.00232355,0.07922257,0.00138075,0.00000000,0.00000000,0.00109142,0.06300524,0.01671084,0.03399777,0.00000000,0.01260248,0.00021678,0.03298118,0.00000000,0.00017119,0.22453564,0.00441730,0.00941514,0.04033383,0.29401857,0.10088508,0.03589447,0.00362237,0.18816212,0.05705247,0.12303346,0.16155729,0.03133637,0.02034587,0.00000000,0.05832542,0.22910620,0.13907585,0.01084067,0.01996848,0.00779244,1.08303583,0.01350975,0.00000000,0.00318585,0.01313835,0.07080353,0.13441324,0.03812775,0.04566753,0.01789807,0.00078604,0.01671438,0.02549460,0.07569796,0.05386930,0.00496207,0.04390182,0.19963256,0.11976105,0.02402688,0.08459310,0.03594194,0.10540088,0.00031039,0.04908579,0.00221816,0.06686626,0.00010582,0.00023811,0.02570500,0.03759312,0.01902060,0.31525695,0.04323066,0.04895611,0.09236647,0.03806742,0.07403125,0.01185585,0.00480742,0.01058302,0.00754144,0.58713824,0.06544312,0.00000000,0.22502522,0.00096498,0.04199282,0.13359165,0.00421217,0.00551863,0.00307391,0.01018432,0.04022466,0.02341314,0.00279810,0.00000000,0.00448631,0.00639004,0.08381701,0.04684614,0.00000000,0.12906696,0.00169106,0.03858308,0.00169329,0.00134339,0.03268972,0.00116723,0.00043011,0.15541391,0.00151049,0.00000000,0.00285325,0.12736928,0.00438583,0.01730349,0.00023080,0.07796453,0.00002300,0.00157109,0.19039780,0.00051354,0.00586004,0.06726182,0.00000000,0.03444334,0.05208605,0.02754482,0.02415451,0.03845569,0.00000000,0.02544681,0.00802367,0.02034322,0.00684898,0.02382133,0.10567343,0.01307846,0.00000000,0.02163643,0.02635601,0.00486404,0.15112250,0.03094462,0.01149096,0.12838459,0.00782322,0.02928979,0.01417357,0.00364249,0.00979229,0.02718026,0.75027817,0.00390905,0.01699396,0.23660225,0.01208456,0.05375648,0.00378022,0.03579158,0.00714491,0.00353930,0.01073848,0.02250115,0.00000000,0.00777726,0.01245205,0.01978384,0.01867656,0.01949269,0.05471769,0.00041357,0.22453514,0.13837087,0.00000000,0.08298441,0.04003914,0.05192837,0.00000000,0.00962857,0.00644609,0.05361937,0.02629235,0.13467813,0.20848475,0.26197410,0.00926404,0.00000330,0.00328024,0.01017453,0.33737513,0.00050286,0.00000000,0.00089303,0.00000000,0.00565617,0.00000000,0.23935094,0.15263502,0.00232574,0.04908385,0.01272665,0.00000000,0.04456199,0.00738318,0.00044888,0.03518399,0.01148344,0.49900585,0.00386563,0.02325137,0.02443627,0.03397554,0.05399356,0.01622397,0.06162854,0.00572969,0.00000000,0.32061815,0.00390960,0.23442972,0.00000000,0.01732180,0.00000000,0.00308616,0.02356681,0.76508021,0.24887866,0.16761220,0.02773028,0.06573299,0.00032974,0.01888603,0.12989545,0.04340274,0.02628944,0.09289128,0.00062684,0.00668171,0.00496393,0.02237423,0.21603814,0.01453052,0.00180476,0.01245672,0.01901163,0.06672864,0.00908486,0.01691875,0.00146137,0.00749479,0.02480973,0.00066893,0.18703680,0.00222967,0.01609367,0.06029898,0.00267866,0.00028033,0.00914944,0.02164751,0.16850661,0.00275107,0.10565683,0.03364018,0.00684160,0.00000000,0.14010556,0.00968790,0.10971595,0.22727045,0.03785796,0.01227990,0.99589688,0.01269308,0.06907964,0.06698766,0.00380551,0.00617755,0.00667392,0.00000000,0.01264239,0.55538851,0.17484583,0.00139747,0.03345984,0.00656503,0.03204733,0.02042258,0.02115849,0.00013599,0.00000000,0.00000000,0.00000000,0.07744384,0.00304192,0.05167645,0.01553087,0.28324941,0.72002041,0.01664285,0.11632069,0.00627302,0.12657049,0.86032683,0.00128296,0.00000000,0.08328886,0.00000000,0.02836419,0.04903031,0.00000000,0.00318548,0.01080542,0.00000000,0.05487400,0.01469081,1.12351549,0.46814275,0.00000000,0.12071753,0.02361577,0.00466234,0.03264143,0.00802166,0.01506964,0.00738219,0.00107531,0.00000000,0.00062321,0.04660279,0.03019040,0.06992984,0.11476347,0.00736109,0.00000000,0.01107736,0.00184969,0.00000000,0.15694009,0.03644377,0.02754171,0.04096800,0.00357503,0.00000000,0.00436158,0.00032405,0.02545224,0.00643856,0.01701190,0.00313160,0.06520417,0.00612693,0.06307600,0.59428829,0.04393748,0.00275331,0.00694696,0.00441838,0.01773550,0.00158409,0.47716755,0.00000000,0.00000000,0.16584960,0.42478794,0.00014749,0.01024186,0.00052485,0.03123943,0.01934952,0.09845655,0.42695922,0.00636550,0.05532242,0.01212031,0.01412054,0.09869169,0.17379080,0.00062288,0.02979408,0.00000000,0.02067588,0.00210778,0.00047789,0.73607391,0.01928864,0.01881785,0.00900375,0.06486272,0.00288314,0.22050542,0.00000000,0.00000000,0.06179684,0.05115896,0.09401412,0.04175019,0.00283619,0.36358467,0.17872597,0.00000000,0.07345287,0.01097497,0.01501146,0.00109933,0.15253621,0.01988912,5.03277779,0.13330558,0.00000000,0.00205713,0.00000000,0.00209248,0.41305599,0.00007279,0.03498670,0.00372373,0.09061120,0.01615563,0.00000000,0.02417007,0.00175690,0.01005947,0.00644170,0.14282921,0.00000000,0.09695591,0.05140046,0.03699166,0.10546142,0.13754347,0.10643618,0.00099372,0.00000000,0.13475147,0.00000000,0.13778402,0.00000000,0.09954137,0.00000000,0.05019973,0.13018258,0.04360804,0.11139249,0.04506886,0.00293514,0.00555354,0.01678455,0.04409952,0.00000000,0.00969534,0.05073388,0.25598022,0.07766436,0.00323087,0.20794804,0.37255594,0.12416217,0.00057868,0.00827702,0.00437461,0.09294552,0.03840452,0.00000000,0.95194852,0.00067485,0.80544198,0.01170300,0.00196135,0.01659826,0.06425382,0.05486549,0.01168419,0.06188266,0.00414163,0.00000000,0.00104972,0.04848366,0.00000000,0.07927057,0.34991270,0.39157504,0.09702193,0.00000000,0.01302871,0.00187012,0.08273748,0.01491796,0.12813780,0.00208860,0.00618169,0.01196034,0.00000000,0.05595221,0.04208109,0.01916484,0.02711940,0.00062543,0.01566725,0.19137982,0.02431389,0.00000000,0.03354168,0.01610200,0.00567491,0.00000000,0.00000000,0.05537362,0.00018064,0.01835736,0.00137565,0.00000000,0.00071368,0.26721710,0.00000000,0.32058933,0.04052215,0.00376026,0.00227937,0.00904708,0.01243569,0.00000000,0.33120781,0.05336116,0.08070280,0.00121217,0.00499386,0.00988149,0.01219358,0.09617434,0.14752081,0.01500474,0.00000000,0.00627674,0.00389802,0.00357634,0.01520123,0.17875829,0.00000635,0.08965633,0.01444919,0.00562147,1.51053739,0.07786050,0.00000000,0.00000000,0.05747980,0.22549137,0.01035041,0.00000000,0.00114232,0.04188588,0.00549845,0.00193621,0.01232543,0.18667902,0.01089384,0.02091592,0.01449816,0.00319225,0.03335093,0.00000000,0.00000000,0.04870731,0.00604570,0.00193906,0.01731414,0.01673181,0.08360249,0.08771472,0.03628265,0.02328257,0.14541724,0.02468658,0.00055625,0.00930483,0.00785362,0.00000000,0.18165298,0.00607275,0.00601211,0.03272448,0.01653762,0.02837936,0.00074620,0.01661724,0.01682994,0.12134269,0.00403881,0.00000000,0.03433555,0.08284413,0.24630347,0.16740148,0.17637271,0.32925376,0.34761000,0.14867382,0.00112919,0.00890689,0.28682664,0.00190628,0.34796512,0.38857442,0.00630997,0.00034591,0.09252180,0.04617525,0.16124488,0.01977655,0.04235203,0.02161040,0.01826065,0.00163016,0.02732911,0.06429611,0.00410757,0.00000000,0.00000000,0.05155209,0.04144026,0.04438121,0.01927888,0.17822118,0.32239363,0.12130830,0.00000000,0.00553625,0.00342046,0.00489451,0.03049205,0.05941625,0.03524877,0.00091003,0.01979410,0.00000000,0.00140298,0.00208614,0.00000000,0.00134208,0.01602186,0.00134161,0.19633621,0.00000000,0.05393434,0.39457867,0.00084170,0.00027969,0.00000000,0.04197447,0.29323423,0.01155706,0.09512579,0.03263295,0.00409153,0.11501195,0.08897446,0.10155479,0.00173330,0.07602482,0.02737160,0.06779049,0.01389024,0.01746086,0.00000000,0.02523433,0.13785040,0.01615970,0.18117116,0.18168283,0.01066110,0.10349195,0.46555346,0.00706045,0.25244337,0.08166654,0.00364838,0.00000000,0.03880940,0.00225649,0.15016019,0.08323440,0.01022072,0.00026178,0.00772885,0.00000000,0.09053113,0.00000000,0.00000000,0.00304792,0.00379212,0.04572746,0.00000000,0.00569396,0.20128161,0.00372115,0.33175409,0.13058209,0.07110671,0.00000000,0.20344956,0.00929917,0.01572265,0.00000000,0.00000000,0.02782948,0.04625840,0.00415247,0.00000000,0.09723775,0.00024142,0.00106242,0.06959283,0.09316657,0.01066676,0.08667371,0.09400404,0.12459164,0.62203592,0.04808516,0.05617483,0.17847043,0.01855200,0.00792362,0.01463980,0.04697568,0.07787248,0.00000000,0.01645796,0.00507540,0.10004217,0.00091013,0.00137996,0.17264734,0.24299335,0.00418523,0.17883202,0.00396132,0.00000000,0.00000000,0.02328317,0.03498127,0.05903929,0.06453502,0.01816311,0.11390884,0.05551201,0.07429426,0.00000000,0.00120586,0.04957889,0.02624843,0.06150545,0.31216747,0.00282941,0.14684476,0.00382487,0.00000000,0.00048390,0.00000000,0.03524775,0.00015648,0.02590291,0.00000000,0.10581455,0.00000000,0.20043895,0.06883595,0.00000000,0.17097422,0.00203771,0.29134670,0.00346388,0.00874991,0.05147851,0.01662125,0.00000000,0.02336674,0.00812185,0.75575686,0.00000000,0.00810339,0.00568651,0.00089312,0.07241984,0.08686525,0.00134824,0.02555281,0.00000000,0.00240700,0.06390020,0.16502851,0.00831748,0.03307943,0.00016847,0.23395829,0.18372494,0.04884882,0.11043193,0.00000000,0.03298700,0.03508614,0.05320436,0.05145621,0.02400599,0.00000000,0.08405457,0.00382465,0.00113916,0.00000000,0.00400037,0.00790833,0.00300662,0.04809532,1.14054537,0.00000000,0.21725175,0.00091880,0.01027845,0.13588290,0.12456287,0.00260586,0.03301506,0.00023428,0.01341014,0.13401066,0.00000000,0.01325491,0.00619652,0.00000000,0.27549106,0.00074529,0.00815901,0.00098060,0.02187210,0.37005782,0.00192478,0.02525502,0.00001835,0.12946340,0.04726521,0.01008682,0.00248554,0.02801932,0.06686788,0.01833460,0.90231502,0.15460116,0.02570313,0.00829361,0.02279586,0.00000000,0.00000000,0.14802630,0.02508758,0.41390139,0.00000000,0.00156076,0.17910053,0.00735706,0.11668488,0.04727872,0.01058586,0.02923210,0.00229537,0.00936900,0.05416203,0.07366893,0.02184213,0.00586851,3.61852837,0.00000000,0.00014257,0.00000000,0.19302027,0.06800713,0.03136531,0.10670871,0.04230472,0.00000000,0.09305524,0.00119351,0.01771380,0.00180979,0.00265743,0.02828886,0.00000000,0.05355939,0.00000000,0.00323669,0.00000000,0.00118726,0.02119453,0.00313595,0.15127167,0.03045535,0.05143731,0.01915115,0.00000000,0.12544528,0.01042676,0.02815242,0.00173840,0.00041051,0.01875484,0.12212749,0.00173492,0.02821719,0.00775922,0.01057447,0.56254852,0.01882493,0.02302598,0.00762374,0.01068754,0.18128981,0.01434804,0.00769327,0.00000000,0.00934461,0.00944064,0.10009693,0.17145877,0.00145054,0.01005408,0.42977920,0.01230605,0.00000000,0.00000000,0.00698718,0.35322264,0.13488723,0.00171014,0.08221267,0.00000000,0.00125609,0.00000000,0.00080817,0.02847590,0.20147504,0.00000000,0.02694952,0.05422829,0.00064720,0.61186695,0.00000000,0.06044058,0.04020256,0.02206304,0.29918873,0.09963189,1.21509504,0.00960562,0.00000000,0.00453968,0.31058329,0.00000000,0.02179318,0.07054181,0.00000000,0.02383442,0.10062084,0.85298586,0.01952052,0.12427485,0.00898616,0.09312405,0.03611032,0.05400483,0.01258596,0.78309864,0.00000000,0.15429349,0.21674612,0.03232947,0.00938085,0.09999829,0.00000000,0.07192588,0.10923141,0.02597802,0.03301730,0.03381974,0.02489299,0.02768145,0.04722247,0.10778764,0.00761268,0.00199606,0.20577605,0.00000000,0.10632457,0.00062037,0.00290440,0.00473442,0.00000000,0.01689823,0.03578300,0.09473507,0.00190446,0.00823331,0.00464298,0.09673359,0.03004223,0.08457433,0.00702533,0.00063006,0.01241415,0.28874576,0.01299062,0.00554132,0.00837334,0.00160980,0.04300094,0.01876404,0.10413323,0.20350683,0.02068525,0.00350061,0.07003519,0.19509970,0.00000000,0.01659559,1.40160739,0.03270569,0.02171544,0.04285689,0.00283291,0.00316410,0.40385175,0.00515131,0.02282969,0.03621850,0.00693740,0.00767957,0.00000000,0.00000000,0.01118311,0.11506703,0.00000000,0.00469302,0.05229913,0.26433766,0.01436291,0.00420523,0.05400569,0.01063335,0.03500851,0.00154419,0.00000000,0.07730944,0.00000000,0.00028218,0.00313750,0.00000000,0.01475209,0.10882372,0.00000000,0.01683564,0.00076865,0.02435704,0.00516409,0.01948807,0.00103304,0.11920102,0.00970848,0.00753118,0.00000000,0.04488466,0.04434077,0.06558287,0.09024693,0.09865001,0.02984492,0.04489023,0.02826416,0.01506904,0.02404858,0.18316023,0.00834639,0.00089975,1.73456907,0.07275875,0.02380452,0.00000000,0.00526350,0.00153159,0.03097131,0.38596845,0.00000000,0.04578224,0.11306125,0.04947717,0.00679435,0.01877644,0.08978837,0.03827164,0.02770684,0.00126773,0.00184071,0.01777427,0.00096506,0.00000000,0.00110244,0.00000000,0.09996917,0.01130283,0.00000000,0.00000000,0.00271118,0.00000000,0.70621651,0.07629449,0.00000000,0.38121101,0.00000000,0.00455484,0.00143126,0.05331155,0.00278265,0.01643734,0.00094428,0.00264624,0.02672060,0.00000000,0.00027134,0.11479896,0.17592487,0.04727776,0.07124324,0.00675981,0.23487264,0.06070453,0.00000000,0.01969442,0.00000000,0.01498446,0.15806501,0.11492319,1.38176703,0.01900952,0.00989365,0.92100424,0.00145378,0.02198435,0.00415180,0.01522586,0.00273727,0.00000000,0.06632358,0.00241659,0.05575085,0.00095696,0.00000000,0.00000000,0.00913498,0.00000000,0.00434679,0.01812262,0.07585333,0.01448450,0.00081998,0.23101203,0.00177659,0.03697162,0.04735763,0.11127490,0.00898143,0.01522745,0.15115157,0.00000000,0.00488659,0.03102397,0.00022983,0.11460506,0.18248844,0.00000000,0.09330097,0.00516108,0.00263158,0.00000000,0.00024285,0.09440256,0.00000000,0.12352245,0.00563570,0.00434913,0.04786634,0.05055514,0.05681907,0.06987805,0.00944077,0.11290622,0.00000000,0.06627595,0.01810898,0.19387573,0.10956831,0.00000000,0.00270691,0.00080350,0.28974044,0.00000000,0.10366884,0.08983321,0.00000000,0.39452249,0.06076673,0.00067783,0.00000000,0.01646846,0.03674015,0.05228303,0.00000000,0.00000000,0.00000000,0.00047043,0.00013919,0.01497164,0.00118662,0.27684212,0.01718574,0.08062052,0.18999119,0.04711964,0.04474732,0.00000000,0.09161625,0.01327687,0.00000000,0.00001474,0.00286072,0.00000000,0.04117485,0.05709820,0.05549146,0.01162698,0.00784128,0.00000000,0.00155802,0.10867833,0.09638209,0.00024447,0.00000000,0.00895818,0.00042120,0.27373248,0.59331471,0.00000000,0.02145359,0.00223773,0.00000000,0.31347352,0.14124085,0.01062664,0.31693915,0.03078404,0.01706472,0.12460967,0.00078768,0.12628241,0.01535822,0.08135459,0.49060297,0.07900710,0.00291652,0.00005837,0.01465540,0.04760351,0.01135439,0.00221128,0.05822267,0.00785031,0.04536702,0.00150240,0.00068069,0.05607976,0.00169334,0.00139611,0.01758826,0.03982282,0.00000000,0.15970105,0.00235307,0.00409639,0.00000000,0.00131389,0.00000000,0.03136596,0.19330175,0.01934992,0.00000000,0.06864972,0.05121832,0.07051308,0.38741148,0.47863060,0.04933505,0.04864084,0.05172106,0.01213028,0.00000000,0.00472192,0.04348823,0.00000000,0.25458896,0.01970398,0.00475629,0.00288798,0.15904176,0.00052636,2.40557265,0.00224233,0.01696697,0.01721485,0.01609458,0.16065851,0.07314448,0.18401396,0.01193436,0.16587716,0.01328599,0.00758741,0.05048700,0.16645846,0.00350490,0.00249603,0.01101730,0.04156870,0.00405851,0.00000000,0.00000000,0.03977977,0.00306038,0.01952823,0.09925148,0.00000000,0.00091777,0.00408070,0.00000000,0.05772255,0.00041541,0.07436849,0.00742078,0.01618168,0.02565434,0.00296814,0.16769150,0.01251146,0.00000000,0.00000000,0.07166199,0.40227562,0.01279242,0.13283387,0.09260976,0.06461717,0.02892601,0.00000000,0.00158298,0.01840965,0.14033341,0.04921065,0.00000000,0.00841121,0.05224377,0.14119124,0.25185558,0.08314280,0.05954865,0.00015094,0.05424878,0.02461112,0.01320950,0.00000000,0.00003955,0.15087938,0.00000000,0.00136794,0.00000000,0.17470458,0.01964293,0.04592066,0.48450953,0.07429609,0.06020945,0.01337155,0.54610598,0.33100244,0.00601141,0.64850223,0.04590996,0.23061448,0.00770767,0.00748917,0.00000000,0.00000000,0.00000000,0.01920029,0.00583582,0.00038912,0.00402114,0.07609048,0.01246553,0.01963316,0.07880119,0.00000000,0.00000000,0.01657697,0.00000000,0.00000000,0.00000000,0.00160841,0.00457275,0.00395534,0.00523899,0.08572368,0.07171599,0.03966516,0.00730389,0.17328711,0.02513415,0.00671940,0.00000000,0.00000000,0.08541570,0.19284269,0.32448688,0.17155810,0.07084149,0.00000000,0.02443779,0.07697760,0.02326639,0.00000000,0.00442418,0.00085788,0.00560755,0.02665373,0.12700883,0.11776820,0.03768595,0.00000000,0.00355006,0.12620360,0.01756016,0.38067263,0.04088916,0.07302141,0.00051677,0.00161300,0.00000000,0.01233836,0.23465091,0.01764625,0.00054822,0.18649609,0.01356223,0.00812042,0.10662247,0.05911849,0.00000000,0.00104022,0.20302391,0.01454649,0.00075489,0.09042434,0.09011054,0.05914592,0.04790743,0.00000000,0.01114275,0.00801163,0.00000000,0.00052281,0.00000000,0.16373448,0.00986678,0.02686422,0.00292435,0.00000000,0.00226838,0.02417559,0.10723996,0.00313179,0.00000000,0.00440279,0.89411223,0.00347646,0.24179101,0.00632032,0.04942958,0.29051074,0.00000000,0.03279638,0.09624882,0.00025438,0.01286812,0.08796917,0.00000000,0.08442349,0.09298746,0.00393351,0.03549033,0.28237620,0.00667973,0.01179408,0.03735050,0.00000000,0.00000000,0.01441686,0.07324512,0.11222936,0.18027419,0.00144672,0.08463228,0.00992890,0.00762903,0.03758695,0.00177164,0.01916264,0.02522097,0.01486912,0.48673233,0.00383331,0.02341142,0.05791592,0.06586084,0.00213998,0.00602875,0.00804290,0.06817334,0.00324119,0.02030830,0.00000000,0.00000000,0.00008342,0.00154638,0.06781839,0.00126187,1.72243798,0.00000000,0.04030658,0.00695123,0.40950853,0.25097355,0.00000000,0.05454829,0.02086466,0.00429879,0.10070348,0.00988514,0.08846851,0.00000000,0.00582751,0.04290885,0.00000000,0.00161448,0.01164754,0.03302388,0.00050018,0.00797699,0.05465785,0.01380079,0.00000000,0.03316700,0.09498730,0.10505007,0.00021144,0.06798264,0.03987521,0.07038169,0.02692989,0.09920119,0.04513017,0.01644506,0.03925849,0.00564743,0.05208260,0.00098198,0.05075832,0.53061211,0.08856185,0.00000000,0.00000000,0.00175648,0.05221657,0.00936837,0.00000000,0.14162546,0.18158591,0.07048337,0.10600375,0.00337631,0.00503058,0.00920486,0.07143211,0.00106987,0.17688495,0.00642482,0.00951143,0.07061451,0.00830458,0.46039027,0.10863435,0.04257547,0.26464707,0.00445617,0.00687045,0.20487007,0.00436553,0.01656487,0.03969942,0.34409666,0.01170607,0.16934079,0.00000000,0.01171430,0.00181845,0.01386756,0.00215547,0.00000000,0.06793460,0.08519915,0.27859649,0.32986778,0.12142090,0.02871750,0.03602614,0.00317975,0.00001125,0.03413367,0.15230502,0.00000000,0.07167101,0.00470047,0.00000000,0.06966959,0.00000000,0.00121402,0.01660273,0.02923887,0.00087373,0.00012350,0.25376284,0.00095638,0.05305292,0.00577353,0.00000000,0.00000000,0.00306311,0.03548826,0.00487774,0.11111028,0.00018533,0.00000000,0.00915767,0.64155525,0.02764010,0.00000000,0.00463626,0.00000000,0.01405034,0.00793217,0.01804284,0.00161920,0.04688648,0.00448720,0.03196831,0.84835887,0.00000000,0.00243454,0.00000000,0.01074936,0.01578048,0.16060366,0.00300397,0.05182419,0.22632362,0.04530485,0.04075312,0.00173943,0.05266801,0.01817328,0.03084376,0.00949793,0.06790954,0.00096843,0.42326304,0.00000000,0.04734476,0.09299003,0.00090959,0.06716868,0.00000000,0.03063975,0.00000000,0.00209717,0.00655917,0.01410470,0.01809780,0.01433047,0.00000000,0.09823930,0.04701962,0.00023147,0.01561536,0.00762930,0.07005522,0.00376248,0.01827532,0.04417579,0.00975058,0.03496600,0.01802682,0.13232115,0.02676187,0.00440497,0.00991447,0.00712470,0.23328848,0.00886323,0.73705113,0.02054320,0.08036298,0.04790269,0.81924891,0.00165988,0.00838104,0.00115908,0.00840450,0.11230402,0.03603519,0.03174837,0.08461923,0.00000000,0.00314335,0.06134386,0.00057020,0.03223284,0.03106732,0.02499852,0.02025079,0.03174062,0.10896293,0.37417039,0.00000000,0.01339570,0.05611638,0.02487380,0.00949217,0.00302567,0.14495297,0.03422682,0.00000000,0.11394965,0.01529052,0.02830877,0.06737798,0.00000000,0.06876325,0.07629702,0.06322473,0.12321716,0.03605511,0.00292386,0.12415699,0.00493874,0.09263369,0.00000000,0.00000000,0.02311639,0.02382367,0.53713399,0.00000000,0.58861631,0.02856180,0.02472367,0.37440091,0.03516794,0.75823438,0.00079883,0.00999283,0.07807072,0.00000000,0.00000000,0.01116328,0.30871964,0.00805978,0.06001243,0.00432082,0.04495959,0.02666536,0.03841177,0.04209875,0.08751563,0.01533487,0.01699344,0.00000000,0.04411060,0.08864649,0.00011478,0.00332985,0.00478875,0.10998512,0.01068564,0.12286507,0.00181523,0.00147718,0.00000000,0.00000000,0.06322891,0.26587555,0.02344103,0.01755090,0.02153460,0.00000000,0.03603942,0.16908330,0.01908254,0.04605917,0.05906430,0.00000000,0.06093369,0.22982921,0.00000000,0.00000000,0.03778230,0.06511673,0.01083120,0.06414999,0.06644408,0.00000000,0.00988690,0.00418322,0.00000000,0.00000000,0.02507144,0.35991144,0.13943304,0.00000000,0.05560464,0.03076496,0.01776886,0.03812004,0.00131625,0.05730107,0.03498223,0.06761321,0.00000000,0.00296117,0.00000000,0.06562646,0.01492167,0.05712355,0.00000000,0.73057723,0.04711346,0.17865151,0.00000000,0.03508287,0.05505531,0.04641892,0.00933518,0.14065668,0.19569653,0.01349821,0.03533959,0.26903024,0.00077782,0.00000000,0.05006025,0.00000000,0.21299969,0.10549276,0.00320833,0.03846762,0.16568248,0.00589210,0.06874889,0.05292512,0.11036471,0.01499726,0.00617886,0.42391902,0.00000000,0.01217349,0.00957673,0.05852863,0.27861854,0.01256587,0.00000000,0.00119953,0.03090277,0.00202652,0.15718295,0.00595829,0.03849877,0.00916164,0.00581059,0.05240179,0.02398862,0.13888918,0.01320969,1.90319824,0.00981078,0.15515225,0.05363411,0.00611778,0.00000000,0.02474611,0.00296243,0.24869160,0.03054088,0.05096965,0.16770245,0.20888808,0.05641660,0.09757510,0.00277878,0.00633066,0.00000000,0.04035879,0.09956423,0.15604971,0.10820350,0.00000014,0.23513255,0.05568196,0.30637807,0.57872683,0.00034164,0.00000000,0.24982581,0.01278283,0.04938945,0.01458153,0.01707788,0.09438637,0.19030496,0.04123985,0.01650942,0.03260897,0.01414498,0.00000000,0.15001318,0.05280707,0.10435817,0.02560909,0.00558543,0.00000000,0.00000000,0.05513490,0.02372509,0.04091499,0.01050611,0.00237849,0.00401660,0.04523779,0.11407208,0.20336790,0.01376935,0.00000000,0.13615094,0.06827385,0.00426690,0.11772733,0.07592695,0.10068743,0.04213837,0.00317197,0.00262139,0.07063437,0.00436772,0.00000000,0.00517680,0.01815336,0.03105949,0.01434587,0.00008609,0.24177468,0.00000000,0.19293617,0.00521888,0.00220183,0.00390667,0.07963753,0.00991931,0.01276579,0.04512810,0.00618700,0.07631774,0.00000000,0.08632550,0.01953703,0.05029269,0.02976176,0.04453145,0.02813617,0.00000000,0.00018931,0.16078278,0.00000000,0.01358845,0.00000000,0.01903136,0.07532993,0.32314140,0.11166785,0.00000000,0.01120976,0.01120509,0.09413894,0.00306538,0.01478398,0.16879061,0.01588766,0.04449727,0.21393543,0.17576458,0.00600858,0.00245926,0.02639366,0.01322904,0.04266550,0.07270774,0.07846357,0.02494137,0.00000407,0.07848717,0.02328129,0.00336503,0.03669055,0.15482967,0.02181972,0.02868720,0.03216682,0.03933487,0.00000000,0.01704565,0.14766359,1.00893927,0.00000000,0.02912773,0.40434942,0.02478785,0.00222113,0.09787134,0.12712145,0.00681822,0.00359243,0.03864723,0.00250394,0.00000000,0.00000000,0.00191733,0.09060694,0.02072215,0.04905237,0.00000000,0.02059500,0.00057355,0.07963474,0.00000000,0.00045292,0.42570439,0.01168709,0.01216015,0.04586872,0.24359821,0.11060404,0.05903225,0.00864324,0.14203425,0.05243112,0.09965771,0.16281274,0.03278030,0.02142462,0.00000000,0.09090588,0.16966321,0.20369093,0.01915067,0.01970860,0.01645713,0.73117250,0.03291575,0.00000000,0.00426870,0.01761506,0.06927434,0.08871041,0.04389410,0.06703465,0.01970051,0.00207967,0.01596500,0.04031141,0.06830084,0.05649060,0.00952204,0.04821914,0.15319633,0.30549306,0.03560312,0.05686244,0.03826813,0.07806141,0.00082122,0.05348971,0.00384241,0.13307984,0.00027996,0.00041479,0.02839820,0.01732044,0.02994155,0.17288604,0.02706980,0.02769483,0.12956846,0.09215616,0.01553233,0.03136763,0.00381194,0.01444326,0.01192776,0.46423233,0.09917308,0.00000000,0.21083479,0.00240195,0.04904880,0.15573205,0.00617047,0.01456948,0.00537420,0.01581025,0.06229500,0.02896461,0.00630888,0.00000000,0.00607111,0.01515904,0.10929075,0.00492481,0.00000000,0.12816255,0.00447412,0.04826302,0.00296979,0.00355429,0.04390213,0.00308819,0.00113797,0.07653630,0.00262708,0.00000000,0.00754898,0.08048382,0.00991348,0.03898413,0.00061063,0.07482407,0.00006085,0.00415671,0.23818004,0.00135871,0.00645691,0.01913395,0.00000000,0.02833089,0.06577735,0.03659929,0.03839121,0.04482019,0.00000000,0.03891565,0.01201199,0.03179717,0.01232326,0.02563369,0.09213834,0.01856606,0.00000000,0.02597259,0.02294839,0.00539689,0.13623087,0.04863306,0.01395170,0.05366033,0.01195976,0.03259790,0.02397934,0.00685847,0.01788806,0.04323943,0.59508830,0.00701647,0.02049036,0.23121059,0.01612034,0.10432743,0.01000152,0.04018973,0.01385605,0.00527778,0.00972744,0.03152729,0.00000000,0.01972258,0.01183292,0.01525259,0.03933398,0.03269956,0.11450052,0.00109420,0.26186764,0.12195969,0.00000000,0.06386726,0.07146922,0.04974274,0.00000000,0.01187423,0.01705475,0.04197615,0.03150680,0.12024044,0.19561455,0.19294289,0.00994957,0.00000873,0.00867870,0.01617783,0.24229538,0.00133045,0.00000000,0.00229397,0.00000000,0.00797500,0.00000000,0.22715493,0.05718957,0.00445833,0.04193554,0.02309973,0.00000000,0.07352521,0.01296010,0.00118761,0.04376239,0.01484462,0.59411359,0.00669873,0.03850207,0.02009752,0.04360045,0.09923502,0.02713048,0.09017887,0.01515932,0.00000000,0.24599630,0.00838731,0.12292959,0.00000000,0.03033970,0.00000000,0.00577881,0.01741210,0.53631550,0.22804204,0.21552634,0.02296798,0.03948617,0.00087242,0.02183785,0.11628649,0.07056994,0.04134561,0.09534416,0.00165847,0.00997814,0.00862111,0.03071900,0.26204357,0.01889599,0.00312709,0.03156551,0.02033312,0.07770709,0.02037720,0.01695302,0.00253228,0.01982934,0.06564038,0.00176983,0.12425818,0.00465239,0.01450261,0.06670223,0.00708706,0.00074170,0.01291248,0.04024265,0.19533750,0.00727864,0.09260783,0.03703758,0.01728439,0.00000000,0.10137957,0.02307205,0.09856872,0.15734202,0.03753948,0.01588535,0.60691357,0.01076705,0.05898970,0.05529406,0.01006843,0.01085430,0.00813959,0.00000000,0.01240572,0.32127225,0.17893220,0.00369735,0.03597436,0.00892120,0.01668373,0.04224963,0.02669073,0.00035981,0.00000000,0.00000000,0.00000000,0.05438539,0.00422915,0.05774527,0.01137203,0.21206960,0.45124060,0.02929235,0.09071588,0.00896403,0.12883347,0.53058952,0.00339439,0.00000000,0.06156186,0.00000000,0.04117499,0.08663908,0.00000000,0.00529682,0.02370448,0.00000000,0.10488020,0.01244165,0.50604433,0.49237266,0.00000000,0.11072350,0.02212791,0.00926650,0.03291037,0.02122333,0.02914510,0.00642275,0.00142503,0.00000000,0.00155322,0.06691433,0.04131651,0.07767659,0.11742602,0.01545988,0.00000000,0.01709376,0.00260166,0.00000000,0.10256693,0.03514491,0.00714147,0.05567792,0.00560189,0.00000000,0.00628360,0.00085737,0.03810744,0.01463170,0.02454881,0.00828544,0.05399978,0.01451684,0.07165713,0.49175858,0.03945020,0.00456846,0.01583886,0.00617197,0.03453354,0.00274882,0.51197737,0.00000000,0.00000000,0.08248729,0.23865482,0.00039022,0.02601397,0.00074152,0.07632585,0.02570743,0.06302453,0.33318490,0.01496844,0.11397349,0.01476074,0.01854250,0.07214600,0.21327129,0.00164798,0.03835554,0.00000000,0.02553620,0.00557667,0.00101619,0.49045432,0.03070446,0.02968002,0.01466198,0.06693205,0.00631219,0.15859312,0.00000000,0.00000000,0.07242577,0.09174040,0.05299738,0.05314295,0.00391432,0.26282993,0.07077409,0.00000000,0.06088185,0.02903703,0.01854425,0.00214623,0.07999545,0.02283919,1.37118387,0.06332386,0.00000000,0.00452160,0.00000000,0.00553618,0.33762494,0.00013717,0.03667285,0.00645320,0.06029690,0.03811299,0.00000000,0.03441290,0.00464831,0.02661486,0.01704314,0.02451649,0.00000000,0.07382589,0.03360524,0.04772354,0.15821946,0.20979138,0.05295968,0.00187227,0.00000000,0.08536928,0.00000000,0.13993496,0.00000000,0.06963464,0.00000000,0.05856238,0.05384469,0.01590537,0.08225787,0.03128759,0.00556397,0.01469328,0.01819802,0.04286157,0.00000000,0.01231963,0.04707205,0.25081885,0.20548058,0.00854807,0.15494964,0.29950762,0.20943543,0.00153103,0.01465976,0.01157412,0.10710935,0.04664976,0.00000000,0.32022962,0.00178549,0.40236145,0.02900957,0.00518923,0.02144968,0.11660985,0.06109140,0.01988732,0.06928676,0.01095772,0.00000000,0.00277730,0.04192175,0.00000000,0.04991852,0.26488835,0.28676993,0.07268117,0.00000000,0.01644191,0.00438298,0.05699982,0.02041194,0.12238164,0.00511844,0.00902435,0.01723033,0.00000000,0.07321810,0.03871456,0.03922828,0.03140048,0.00165472,0.02789229,0.13840835,0.02262446,0.00000000,0.04472662,0.02073040,0.01062050,0.00000000,0.00000000,0.05289958,0.00033409,0.04042873,0.00200078,0.00000000,0.00188822,0.14385466,0.00000000,0.38897818,0.06457157,0.00994872,0.00411810,0.01331857,0.03290175,0.00000000,0.07593204,0.08038897,0.04335157,0.00320711,0.01007295,0.01202792,0.01780403,0.14954762,0.11647026,0.01818960,0.00000000,0.01645895,0.00473776,0.00541873,0.02053204,0.18024760,0.00001681,0.07173152,0.03461837,0.01487301,0.80732983,0.15218827,0.00000000,0.00000000,0.04590891,0.11789687,0.02738461,0.00000000,0.00212859,0.07861500,0.01454754,0.00361192,0.02284974,0.14955641,0.02367502,0.03735975,0.03162490,0.00802592,0.06083711,0.00000000,0.00000000,0.03893207,0.01398458,0.00513026,0.04580890,0.01538913,0.06329149,0.03617956,0.03250269,0.04105581,0.14394152,0.03315334,0.00147170,0.01724289,0.01958654,0.00000000,0.24020854,0.00816571,0.00935057,0.08198278,0.01638723,0.03195471,0.00174235,0.03064562,0.02496911,0.07316682,0.01068568,0.00000000,0.03340247,0.15400241,0.18638895,0.09937164,0.15003821,0.42357048,0.23783706,0.11429019,0.00219627,0.01395334,0.25583443,0.00261531,0.24529535,0.40012333,0.01669462,0.00091518,0.02938598,0.05418412,0.23465905,0.01805604,0.04173753,0.02531923,0.01834252,0.00291925,0.02862059,0.03202506,0.00583433,0.00000000,0.00000000,0.03332710,0.03518635,0.06052544,0.01956969,0.16534591,0.16754673,0.08493329,0.00000000,0.00960250,0.00518271,0.00638684,0.05307551,0.03522815,0.05667795,0.00240773,0.04067569,0.00000000,0.00243055,0.00302201,0.00000000,0.00188200,0.03387462,0.00349050,0.18433006,0.00000000,0.06154218,0.28377914,0.00222693,0.00074000,0.00000000,0.03966958,0.19767776,0.03057710,0.07410958,0.02608876,0.00620199,0.10494985,0.14885391,0.08706330,0.00366542,0.07684500,0.05536080,0.16997680,0.01370139,0.03430178,0.00000000,0.02851265,0.10849904,0.02413363,0.16021816,0.16360639,0.01313773,0.09651291,0.28113630,0.01092798,0.22186394,0.01071404,0.00347467,0.00000000,0.04838902,0.00335745,0.34937122,0.12892336,0.02044355,0.00069260,0.01308837,0.00000000,0.02765864,0.00000000,0.00000000,0.00806404,0.01003302,0.04566547,0.00000000,0.00967436,0.16916911,0.00402698,0.31718495,0.07422333,0.01456471,0.00000000,0.17848121,0.00888216,0.01670551,0.00000000,0.00000000,0.01781101,0.08961968,0.01098641,0.00000000,0.11299990,0.00063873,0.00281091,0.07519180,0.11492941,0.01852378,0.08618882,0.18123446,0.10367939,0.35864529,0.08178756,0.06817675,0.08907367,0.02839698,0.00759762,0.01212233,0.03836852,0.09812187,0.00000000,0.04354366,0.00861639,0.10905208,0.00168255,0.00365104,0.29519582,0.15654799,0.01107307,0.14074343,0.01048066,0.00000000,0.00000000,0.02592796,0.04269513,0.05514685,0.09608859,0.03138648,0.03997985,0.00943511,0.14211927,0.00000000,0.00319039,0.04239802,0.02392058,0.06824660,0.23148231,0.00418978,0.34724256,0.01011966,0.00000000,0.00096390,0.00000000,0.05891891,0.00041402,0.02671290,0.00000000,0.12676236,0.00000000,0.19838127,0.08986174,0.00000000,0.18897024,0.00539127,0.17656931,0.00501896,0.00987822,0.05231091,0.02135322,0.00000000,0.04044276,0.02025646,0.54691005,0.00000000,0.01569780,0.00871524,0.00236298,0.08466429,0.11147835,0.00209906,0.02919810,0.00000000,0.00636832,0.04879997,0.17882487,0.01681577,0.03442635,0.00044573,0.24860708,0.15231042,0.08196524,0.07525335,0.00000000,0.05862460,0.03666046,0.08021854,0.08279239,0.02969688,0.00000000,0.09819564,0.00512880,0.00301392,0.00000000,0.00590193,0.01636962,0.00533732,0.07385646,0.81580448,0.00000000,0.43735290,0.00173911,0.02636100,0.19644172,0.02592434,0.00382704,0.03398924,0.00061986,0.01518303,0.02617786,0.00000000,0.01044920,0.01185540,0.00000000,0.17632017,0.00197185,0.01367835,0.00259442,0.03234223,0.31301677,0.00398763,0.05548313,0.00004855,0.11202466,0.03728296,0.01002875,0.00575111,0.07413215,0.09093574,0.02444629,0.68538386,0.10630611,0.02963421,0.01402536,0.02913193,0.00000000,0.00000000,0.10798869,0.06021288,0.39036417,0.00000000,0.00412938,0.17418909,0.01946495,0.17668383,0.04603154,0.01978242,0.05506206,0.00501168,0.01368432,0.03911002,0.08406567,0.04004352,0.00845439,0.19832461,0.00000000,0.00037720,0.00000000,0.13334185,0.06087910,0.02710409,0.09725695,0.10061197,0.00000000,0.08612870,0.00208802,0.01836561,0.00478826,0.00464023,0.02982809,0.00000000,0.04862090,0.00000000,0.00426184,0.00000000,0.00314120,0.03039096,0.00788893,0.31848049,0.03640397,0.05294020,0.02587283,0.00000000,0.06379210,0.01511664,0.03606296,0.00459936,0.00071698,0.03015231,0.11706021,0.00459015,0.05162976,0.01435535,0.01465826,0.44510663,0.01280362,0.03289935,0.01325264,0.01747991,0.07199862,0.02144828,0.01681357,0.00000000,0.00866090,0.01237071,0.08942058,0.19533649,0.00383776,0.00502097,0.27285376,0.02323587,0.00000000,0.00000000,0.01140682,0.47874779,0.07421274,0.00452462,0.06497611,0.00000000,0.00332329,0.00000000,0.00213821,0.05221209,0.08945489,0.00000000,0.03699063,0.08958828,0.00171234,0.37002352,0.00000000,0.03734780,0.04670529,0.03192291,0.18328789,0.10031743,0.62419754,0.01026877,0.00000000,0.00799838,0.11670588,0.00000000,0.02974931,0.06279112,0.00000000,0.01766163,0.08771368,0.53329813,0.02865577,0.17416152,0.02308155,0.06989771,0.04110045,0.04809251,0.03329933,0.51542151,0.00000000,0.15839526,0.26324421,0.03067902,0.00979268,0.02452677,0.00000000,0.05711158,0.10173163,0.02094592,0.03539506,0.05320508,0.03704081,0.04218196,0.05515113,0.07046199,0.01043746,0.00314633,0.13696691,0.00000000,0.16645603,0.00164135,0.00542016,0.00732913,0.00000000,0.04071025,0.06217288,0.10176313,0.00503874,0.01773362,0.01228418,0.17751960,0.02271691,0.10039565,0.01810306,0.00166699,0.02176032,0.18098642,0.01553238,0.00822128,0.00775615,0.00287711,0.05575241,0.01490077,0.11082751,0.10690120,0.02121683,0.00594684,0.03963219,0.13290058,0.00000000,0.02991699,1.00190747,0.02182929,0.02117370,0.05822390,0.00315879,0.00623059,0.15530814,0.01362907,0.03910764,0.03958233,0.01123204,0.00983620,0.00000000,0.00000000,0.02228086,0.07728569,0.00000000,0.01241656,0.05629339,0.20783976,0.02490093,0.01028543,0.04058848,0.02159715,0.03675102,0.00408555,0.00000000,0.06785671,0.00000000,0.00074658,0.00681613,0.00000000,0.03787265,0.08716632,0.00000000,0.02325046,0.00203366,0.02397526,0.01366289,0.01729563,0.00273317,0.16365422,0.01181871,0.01992562,0.00000000,0.05098009,0.02973207,0.08167493,0.06695656,0.06446080,0.02884907,0.02484292,0.02193746,0.03110795,0.03339594,0.09820808,0.01562884,0.00238051,0.99790579,0.11787713,0.02196314,0.00000000,0.01125860,0.00333877,0.03419590,0.34105051,0.00000000,0.04072820,0.13173226,0.04861376,0.00660286,0.02267254,0.13584378,0.06547289,0.03411116,0.00335410,0.00433696,0.02399764,0.00182417,0.00000000,0.00291678,0.00000000,0.09346040,0.02084376,0.00000000,0.00000000,0.00648615,0.00000000,0.22105418,0.07542605,0.00000000,0.22605979,0.00000000,0.00688980,0.00378676,0.05900626,0.00517541,0.02296306,0.00249833,0.00306104,0.04094448,0.00000000,0.00049841,0.11167413,0.14377712,0.08453067,0.08058722,0.01396881,0.19941261,0.04254230,0.00000000,0.01928571,0.00000000,0.01566383,0.04743031,0.05218448,1.08072472,0.02883110,0.02617615,0.84254020,0.00325869,0.03569992,0.00764528,0.02850377,0.00474849,0.00000000,0.10012688,0.00561421,0.03971486,0.00253188,0.00000000,0.00000000,0.01040652,0.00000000,0.00644684,0.02027277,0.08482995,0.03832239,0.00216946,0.15506610,0.00470042,0.02480148,0.05192294,0.09223742,0.01476618,0.04028803,0.15800588,0.00000000,0.00651709,0.08145930,0.00060808,0.07259262,0.15741143,0.00000000,0.07320687,0.00679440,0.00505865,0.00000000,0.00064252,0.15349320,0.00000000,0.14302137,0.00862855,0.01150671,0.07845789,0.04468807,0.06773572,0.06708959,0.01504064,0.07514456,0.00000000,0.06726106,0.02280041,0.12423194,0.08814812,0.00000000,0.00716181,0.00212586,0.15634163,0.00000000,0.10340408,0.09797417,0.00000000,0.35616425,0.06325968,0.00179337,0.00000000,0.02412949,0.03332081,0.06115683,0.00000000,0.00000000,0.00000000,0.00124464,0.00036826,0.02147469,0.00210990,0.20429695,0.02292028,0.15734993,0.04276821,0.09444295,0.07474949,0.00000000,0.11273904,0.01124496,0.00000000,0.00003900,0.00756876,0.00000000,0.00551679,0.08135130,0.06057204,0.02380319,0.01355350,0.00000000,0.00412213,0.12499572,0.08905506,0.00064682,0.00000000,0.01589191,0.00111440,0.19658701,0.72576296,0.00000000,0.01959828,0.00538609,0.00000000,0.34419164,0.12690164,0.01606920,0.17869908,0.06233905,0.02132415,0.14453994,0.00208402,0.07519618,0.03832862,0.19534491,0.39289093,0.04601922,0.00720178,0.00015443,0.02555125,0.05592489,0.01304506,0.00585050,0.03361024,0.01561653,0.05776723,0.00397498,0.00138578,0.05244850,0.00448015,0.00369376,0.02260650,0.04925326,0.00000000,0.07380568,0.00306297,0.00590260,0.00000000,0.00292922,0.00000000,0.02282230,0.09429877,0.02464456,0.00000000,0.05343376,0.03055618,0.07676131,0.28702509,0.33182907,0.05311659,0.04698312,0.04085632,0.01612655,0.00000000,0.00689188,0.04905086,0.00000000,0.18384984,0.03031945,0.00676808,0.00504247,0.09290953,0.00139263,1.49552226,0.00494338,0.02652231,0.03024624,0.02451503,0.17025802,0.12208355,0.11081165,0.01431575,0.18629181,0.03093822,0.00885671,0.02782741,0.12845707,0.00690839,0.00603201,0.01913624,0.06928846,0.00818723,0.00000000,0.00000000,0.04328147,0.00542048,0.05166684,0.07700974,0.00000000,0.00242818,0.00791552,0.00000000,0.07200488,0.00109906,0.18356015,0.01225455,0.01063431,0.02641920,0.00532865,0.16624302,0.02136082,0.00000000,0.00000000,0.11667785,0.18596455,0.01371614,0.08901841,0.06356325,0.09091356,0.04017783,0.00000000,0.00418818,0.03326388,0.06384808,0.04468440,0.00000000,0.02147537,0.07515646,0.05049198,0.26193103,0.06424579,0.05526348,0.00039935,0.05960204,0.06427743,0.02250474,0.00000000,0.00010463,0.19039854,0.00000000,0.00327948,0.00000000,0.21291113,0.02735140,0.02600805,0.33937520,0.09178527,0.01418913,0.02003426,0.21094726,0.20582876,0.00726674,0.33754951,0.09998284,0.21569340,0.01171220,0.01307012,0.00000000,0.00000000,0.00000000,0.05079919,0.00949084,0.00102951,0.01063892,0.07912230,0.01277165,0.03817734,0.03817374,0.00000000,0.00000000,0.02570317,0.00000000,0.00000000,0.00000000,0.00280584,0.01209837,0.01046485,0.01160304,0.09246486,0.04966884,0.05048399,0.01932427,0.12670384,0.01519699,0.01082197,0.00000000,0.00000000,0.12777738,0.19344762,0.38795543,0.16366881,0.08782779,0.00000000,0.01877658,0.07270133,0.01699123,0.00000000,0.00768794,0.00226973,0.01483619,0.03622955,0.13061579,0.09176421,0.08074877,0.00000000,0.00636486,0.07754935,0.02651890,0.21034896,0.06560195,0.04908011,0.00136725,0.00351623,0.00000000,0.02504223,0.18867451,0.01745835,0.00145044,0.12107867,0.01856276,0.01510664,0.09794019,0.04792686,0.00000000,0.00175691,0.18710504,0.02580051,0.00199726,0.10854494,0.08852354,0.08432791,0.02913879,0.00000000,0.01057078,0.01846733,0.00000000,0.00138322,0.00000000,0.29458484,0.01184476,0.03129957,0.00466016,0.00000000,0.00472809,0.02610142,0.15781015,0.00466294,0.00000000,0.00801035,0.27147508,0.00469330,0.23611261,0.00965828,0.03314603,0.25573093,0.00000000,0.05639139,0.09446095,0.00067302,0.02097326,0.07768860,0.00000000,0.12400366,0.05300339,0.00716448,0.08177717,0.08612118,0.00624954,0.01559673,0.05106734,0.00000000,0.00000000,0.02310504,0.08419289,0.10416219,0.23843162,0.00303330,0.05541778,0.01940949,0.00587394,0.04452133,0.00343505,0.03000868,0.03330525,0.02305965,0.31559613,0.00746919,0.03819716,0.02709836,0.06418412,0.00371545,0.01110099,0.00825477,0.12321632,0.00284579,0.02178651,0.00000000,0.00000000,0.00022071,0.00409133,0.07139619,0.00158533,0.29810020,0.00000000,0.08480462,0.01005764,0.40042740,0.26975536,0.00000000,0.08889464,0.02499953,0.01137352,0.08353922,0.02615363,0.11267991,0.00000000,0.01086889,0.05979773,0.00000000,0.00427150,0.02907551,0.03518517,0.00103287,0.01232468,0.11186041,0.02968885,0.00000000,0.03707339,0.20299344,0.09285337,0.00055941,0.03847972,0.04226164,0.02342672,0.02319717,0.05669138,0.04592296,0.02460887,0.04617903,0.00528049,0.06228197,0.00170882,0.03513802,0.38581476,0.14442047,0.00000000,0.00000000,0.00323425,0.05144830,0.01724624,0.00000000,0.11061192,0.11659312,0.09633434,0.09661666,0.00893289,0.00787876,0.01618284,0.07639617,0.00283060,0.07582922,0.01658102,0.02478760,0.09679119,0.00983175,0.42105725,0.08001941,0.03765694,0.23247233,0.00653828,0.01817750,0.18868773,0.00998504,0.03596865,0.08653369,0.29584062,0.02550639,0.11315089,0.00000000,0.01569714,0.00301184,0.02177641,0.00570284,0.00000000,0.07683583,0.09745003,0.17380551,0.17696910,0.18677357,0.06087370,0.03468047,0.00624625,0.00002977,0.04327231,0.09756710,0.00000000,0.05319604,0.01243627,0.00000000,0.06960562,0.00000000,0.00300467,0.01682741,0.03835372,0.00175318,0.00032674,0.30884644,0.00253033,0.04883822,0.01430119,0.00000000,0.00000000,0.00445704,0.06389147,0.00988438,0.16729079,0.00049032,0.00000000,0.01492545,0.46297088,0.03453406,0.00000000,0.00888627,0.00000000,0.02158028,0.01624255,0.01318103,0.00198882,0.05674323,0.01161618,0.03572765,1.20386136,0.00000000,0.00644120,0.00000000,0.02117755,0.01514608,0.01754427,0.00610194,0.04132080,0.17967342,0.03649631,0.04283502,0.00460211,0.04299242,0.02436540,0.03285548,0.01765693,0.06335569,0.00256223,0.23489891,0.00000000,0.03763188,0.05409180,0.00173971
6057,data/pair/6057/RHEED/2 min of AlSb.MOV,manifest_specified_rheed_path,18.880000,566,8,0.11513633,0.01703372,0.07321539,0.00000000,0.00709685,0.01558152,0.09117480,0.01371621,0.00446686,0.00573990,0.00927074,0.08821638,0.00471825,0.00000000,0.04059187,0.10288227,0.01271413,0.00230527,0.01336796,0.01229362,0.02247497,0.00000000,0.74459422,0.19654422,0.02172613,0.01311639,0.00011832,0.45640227,0.28597882,0.04718322,0.00603268,0.00984290,0.11339506,2.02691531,0.00000000,0.02573707,0.00150908,0.00962273,0.10040085,0.00532190,0.14483365,0.00240501,0.00301173,0.00000000,0.00430437,0.00000000,0.01947605,0.08795027,0.00000000,0.07105908,0.01639176,0.02592307,1.04075933,0.04552227,0.06537531,0.36064383,0.04355939,0.00422084,0.01782961,0.01125349,0.09913945,0.00000000,0.01851234,0.07924626,0.01489759,0.01335476,0.01227320,0.03948823,0.12642837,0.03108892,0.00037176,0.00926339,0.00123198,0.03468556,0.03273742,0.18706056,0.00975752,0.00000000,0.00211718,0.06231996,0.11524864,0.03080408,0.56632102,0.00762775,0.00278391,0.45494223,0.00000000,0.35413116,0.00000000,0.04798821,0.02577554,0.00000000,0.01327382,0.00598986,0.00000000,0.02160523,0.02724951,0.00000000,0.87537843,0.00393065,0.01310853,0.15778917,0.13868350,0.00000000,0.00132204,0.16757989,0.00000000,0.53623688,0.00000000,0.01758229,0.00095321,0.06069833,0.06645243,0.00802173,0.00000000,0.02272753,0.00000000,0.00146699,0.00034556,0.25286886,0.08100031,0.21292207,0.05117703,0.01055241,0.01127046,0.00000000,0.21082181,0.15228476,0.11804679,0.00000000,0.04374581,0.69427061,0.00028161,0.02872827,0.01668769,0.03224396,0.01261405,0.13963662,0.09564732,0.00239595,0.04694653,0.00685125,0.00000000,0.06387048,0.04609124,0.09435847,0.03628537,0.02802719,0.01583123,0.02659581,0.00162849,0.06227240,0.02377228,0.00595948,0.01872255,0.00587259,0.00000000,0.00341857,0.00000000,0.37550360,0.01382365,0.05239946,0.04544600,3.27365875,0.04614956,1.10592020,0.00338182,0.04477674,0.11534590,0.01523345,0.01403077,0.64005464,0.42432880,0.07173390,0.23377842,0.00161163,0.01307698,0.00321650,0.03531928,0.00203612,0.03785339,0.23192555,0.00312195,0.13293651,0.25821549,0.02054800,0.00341922,0.03150073,0.04046810,0.01503661,0.28829417,1.02607691,0.00011690,0.00854293,0.10319589,0.13107651,0.02164498,0.00577095,0.00369173,0.03608602,0.00000000,0.17307349,0.17339323,0.00231061,0.01611160,0.00632206,0.02886789,0.05488586,0.12490956,0.01352145,0.00490447,0.18259116,0.01521485,0.11060246,0.09704023,0.00000000,0.01029157,0.05250257,0.00131436,0.02220472,0.00786364,0.06501179,0.37218207,0.19695891,0.13539453,0.08391485,0.02759810,0.11060742,0.01369757,0.00000000,0.32423741,0.48373574,0.00727433,0.00000000,0.00063681,0.04975247,0.12348915,0.45884883,0.00000000,0.01227025,0.05104277,0.00069581,0.05789220,0.10361575,0.09251411,0.02244929,0.07943078,0.09443370,0.04873096,0.01970049,0.00220331,0.00000000,0.08003647,0.04231450,0.01389160,0.00900033,0.00478923,0.00000000,0.00082216,0.06207416,0.01341120,0.00313823,0.03146052,0.01045738,0.01601821,0.16067804,0.08587325,0.55479604,0.00690852,0.02273994,0.04539426,0.04973672,0.00462613,0.12301754,0.09225834,0.15999359,0.13402188,0.00000000,0.01116250,0.06395556,0.00829280,0.00776021,0.03328965,0.07719392,0.04894431,0.09752078,0.11194895,2.81214285,0.00000000,0.10406637,0.00218780,0.03685919,0.00223411,0.02107306,0.07539202,0.04417517,0.18075702,0.00125554,0.00011787,0.00108528,0.02489923,0.00000000,0.07768387,0.05001747,0.05043218,0.07958322,0.00296158,0.00000000,0.00467884,0.00036171,0.00569407,0.01592697,0.00000000,0.01095649,0.13123594,0.01159883,0.00000000,0.07037009,0.09389937,0.21792027,0.00571603,0.01390831,0.70077902,0.01066005,0.08173476,0.14582546,0.40521497,0.00340175,0.09952342,0.11720838,0.02012825,0.04238081,0.05148787,0.14708637,0.02320274,0.03002048,0.77257150,0.05904226,0.15333040,0.14545158,0.02435443,0.01684457,0.10542180,0.00595419,0.03906361,0.00410375,0.00218782,0.00000000,0.43442106,0.01870145,0.00130095,0.03388472,0.07516417,0.01161520,0.19508475,0.05453550,0.00018127,0.02705377,0.12053727,0.00000000,0.04701001,0.04552196,0.01412066,0.00397016,0.04707493,0.08638795,0.01326377,0.03578471,0.01059803,0.11498889,0.00346239,0.00000000,0.01843472,0.04220786,0.02442552,0.01392099,0.02943099,0.15650204,0.00094553,0.02142791,0.47173250,0.03856596,0.14257935,0.07565443,0.00000000,0.09084626,0.00144274,0.00459616,0.02895064,0.03058129,0.09387790,0.14681174,0.10183832,0.52647847,0.02706433,0.02103615,0.01695439,0.29903832,0.03431533,0.08043744,0.00291410,0.00251502,0.15486428,0.00268926,0.03700531,0.00000000,0.03226044,0.06892781,0.00083245,0.18339859,0.00118661,0.05606387,0.05879393,0.14720172,0.33006629,0.15101105,0.04793976,0.00531420,0.06699904,0.02045505,0.00165210,0.00218772,0.12090045,0.02707423,0.04885535,0.94010913,0.00894960,0.05163492,0.17662285,0.01138050,0.10553341,0.05712307,0.15592211,0.01022712,0.03487657,0.28052658,0.15640269,0.00156713,0.00000000,0.19677415,0.00554506,0.02060083,0.01275287,0.12647060,0.03329976,0.00444170,0.11486690,0.10640472,0.10244123,0.00125286,0.00992546,0.00219579,0.00000000,0.03315132,0.01789745,0.01638146,0.06641667,0.28290376,0.01288684,0.00694996,0.09605706,0.00126050,0.00499495,0.40837693,0.03708646,0.00000000,0.13703948,0.02797291,0.02965277,0.08711203,0.02169554,0.01366701,0.00112845,0.00000000,0.10739409,0.00000000,0.02179261,0.05135424,0.09153449,0.03561351,0.04324474,0.07854077,0.33335984,0.00048740,0.00857582,0.00510512,0.00431543,0.21211322,0.12423304,0.00418444,0.13010097,0.22157049,0.00791646,0.05259755,0.06707598,0.04240780,0.39274660,0.20876388,0.01437186,0.04338207,0.00066776,0.10006743,0.04135126,0.01929315,0.00011984,0.01513991,0.21668039,0.04525553,0.01046902,0.01328304,0.13003443,0.03579123,0.11604609,0.00443691,0.01047239,0.00000000,0.03708572,0.03013810,0.00705084,0.08751298,0.01125592,0.03307904,0.00851951,0.00070903,0.00279107,0.02572555,0.27673736,0.06340621,0.00421042,0.24044202,0.26745179,0.05827833,0.01106598,0.12254050,0.00000000,0.17839459,0.03256994,0.31764492,0.01422523,0.05270895,0.01202343,0.00000000,0.00192948,0.00368553,0.29757494,0.13394998,0.00781211,0.00955113,0.00019111,0.01383299,0.00000000,0.00367530,0.14579083,0.15095325,0.04480775,0.00302652,0.00204823,0.04587319,0.00000000,0.00000000,0.00212435,0.02143652,0.06730878,0.00369254,0.03139440,0.62001300,0.30883461,0.09440807,0.02224817,0.04068464,0.00448579,0.00955883,0.26661092,0.01020300,0.08679727,0.00113535,0.00000000,0.00000000,0.00000000,0.11771067,0.07110748,0.14787911,0.00183520,0.05279446,0.02347808,0.14455631,0.08036894,0.06843431,0.00519312,0.02583462,0.30294681,0.00010591,0.05463502,0.02361635,0.15931365,0.05008434,0.01726698,0.00200197,0.02308229,0.03306603,0.05348663,0.02158818,0.00205636,0.00000000,0.02021635,0.00126311,0.06790757,1.64027679,0.00077136,0.00405953,0.00080389,0.00759232,0.00124957,0.01606669,0.00194164,0.13422856,0.01155996,0.87173158,0.03214941,0.00303718,0.03455761,0.04387860,0.04175177,0.01108465,0.18500254,0.01829139,0.00201710,0.34721905,0.01632956,0.05583355,0.01058503,0.01694907,0.01776206,0.03080968,0.00034900,0.01125268,1.81102026,0.59396034,0.09852327,0.04159611,0.09787323,0.00388468,0.01142224,0.04135502,0.00655998,0.01376564,0.00000000,0.00000000,0.04812664,0.49878708,0.09897706,0.04223900,0.08651026,0.15192780,0.06125959,0.56430769,0.17302217,0.00213733,0.52521211,0.01120586,0.01064868,0.03519058,0.01211667,0.01236128,0.00156115,0.02587419,0.06012270,0.00004618,0.00051615,0.01153963,0.02098178,0.71692950,0.02731456,0.12539703,0.03840813,0.01983840,0.16781114,0.07849744,0.00000000,0.00457413,0.03214877,0.14057069,0.00837278,0.01073983,0.11353922,0.15155551,0.11575718,0.28563607,0.08477211,0.19244649,0.05682388,0.00777714,0.03941904,0.03752581,0.13520469,0.02038106,0.01959792,0.04668161,0.00000000,0.09848822,0.00037903,0.18216769,0.05995429,0.00195983,0.00010943,0.09673668,0.00197547,0.01985881,0.47912037,0.03070987,0.13432442,0.00305652,0.00299592,0.38819444,0.05405621,0.05691994,0.00457224,0.05849728,0.13340820,0.22995177,0.01494768,0.00137756,0.08957584,0.04888252,0.01932605,0.14550415,0.37158293,0.00316237,0.01075331,0.08276160,0.01197802,0.16338761,0.38996238,0.00000000,0.01633757,0.00129018,0.01917846,0.03082071,0.02105881,0.10553131,0.06493174,0.02095638,0.00938240,0.55816597,0.03643611,0.22967851,0.00489087,0.00524868,0.41469413,0.03460636,0.03449426,0.00474068,0.00000000,0.22350299,0.29835936,0.00000000,0.04555446,0.15145113,0.03849220,0.00000000,0.17445484,0.00206363,5.55539513,0.05186648,0.01846666,0.04455253,0.00000000,0.06434998,0.23575686,0.02147392,0.20077877,0.00764705,0.58666766,0.01847479,0.02435806,0.26303574,0.00000000,0.00036884,0.01104724,0.04862894,0.02463369,0.01417222,0.05658222,0.23447052,0.08210053,0.05637971,0.23755687,0.14747955,0.00000000,0.48102593,0.00077894,0.26234818,0.00000000,0.45234755,0.09231315,0.41858608,0.29935193,0.01892197,0.89966589,0.19579305,0.03936392,0.00049425,0.05534710,0.00092525,0.02073997,0.00736945,0.09943953,0.21310079,0.01905142,0.02005556,0.05708125,0.34988970,0.03705824,0.00000000,0.00000000,0.00478656,0.03279076,0.03290943,0.03652442,1.29582739,0.08337881,1.89960837,0.00000000,0.11061204,0.08755433,0.00363749,0.04784685,0.00000000,0.19919898,0.01956961,0.09630606,0.00004844,0.01322043,0.00000000,0.22470400,0.13622658,0.11351451,0.50911641,0.00749987,0.07601835,0.00451696,0.11007793,0.00000000,0.06086922,0.00610405,0.11300176,0.00612976,0.00024538,0.02318882,0.08062245,0.04363554,0.04727194,0.08184984,0.01122367,0.02797791,0.00550829,0.01307727,0.00465968,0.00415712,0.03151837,0.00000000,0.00036249,0.03419941,0.00108949,0.14060235,0.01860786,0.00331474,0.00457892,0.88245118,0.00000000,0.03111874,0.31777558,0.00000000,0.00232469,0.00214425,0.16646406,0.00271286,0.39850628,0.06546560,0.12483180,0.04985377,0.02319764,0.06568157,0.02324729,0.05271258,0.08522427,0.02113034,0.00246371,0.18316096,0.03472224,0.00639395,0.00160399,0.12987615,0.01752080,0.27830997,0.00890792,0.02345225,0.59251928,0.00063617,0.00000000,0.00000000,0.33059070,0.47508329,0.01211125,0.05551446,0.03191935,0.00858807,0.00098172,0.01726017,0.03665193,0.24146861,0.11279614,0.00061285,0.00010996,0.00366792,0.00046185,0.00000000,0.00000000,0.00000000,0.02744874,0.01284453,0.23850295,0.01591026,0.09835699,0.05159556,0.09376051,0.00000000,0.30074075,0.01544408,0.00888359,0.00571126,0.02495438,0.00000000,0.00312050,0.02235274,0.00000000,0.00543099,0.03705648,0.03969948,0.02775485,0.01105460,0.02851987,0.01905289,0.04770975,0.00297337,0.00667164,0.01319054,2.18881869,0.06633368,0.48039812,0.14302348,0.00000000,0.20540461,0.00505130,0.00000000,0.01558779,0.24969374,0.55942440,0.31453764,0.00208028,0.25265658,0.05983028,0.22576144,0.02393321,0.02837897,0.04290051,0.01023955,0.01640528,0.10799411,0.00000000,0.07268094,0.01285068,0.07705444,0.01596426,0.44064471,0.04406969,0.01549977,0.02181178,0.14496975,0.11661743,0.35049993,0.01070486,0.00000000,0.09626769,0.00243174,0.00000000,0.03215374,0.16375341,0.01372933,0.00141556,0.05411036,0.00179523,0.00492536,0.01903781,0.00000000,0.18089968,0.00000000,0.09912270,0.00147526,0.00872849,0.31523654,0.08159439,0.00512049,0.03198988,0.24979146,0.99090898,0.13695616,0.00417406,0.02962166,0.02585738,0.43873951,0.11905935,0.02297053,0.01852166,0.02805046,0.11275997,0.10211218,0.05529156,0.01801254,0.00030405,0.05327599,0.03792297,0.03346979,0.28023309,0.01564530,0.00619195,0.02770308,0.31619880,0.02296537,0.43843973,0.11045262,0.15118831,0.00000000,0.04704533,0.08120495,0.03988102,0.00228488,0.01437096,0.03284808,0.03059866,0.04168802,0.09632774,0.00000000,0.00550673,0.00000000,0.02809929,0.10151829,0.00361111,0.05071549,1.02804255,0.01994993,0.04730012,0.22362041,0.10220700,0.00466918,0.03503829,0.01142178,0.01322108,0.00000000,0.00131721,0.04558251,0.00504445,0.02123535,0.03282947,0.04708935,0.11672410,0.03287216,0.05237452,0.01121472,0.07725029,0.01840218,0.08821041,0.16138753,0.29905421,0.00000000,0.02000494,0.15230711,0.00081372,0.00910064,0.04452077,0.32684177,0.00047309,0.11265910,0.06724133,0.00581653,0.01655389,0.06086344,0.00000000,0.22484440,0.27524474,0.01186843,0.03050259,0.01776039,0.05785755,0.06376728,0.02859229,0.07359294,0.01353059,0.00888066,0.06051739,0.11726552,0.04710313,0.00898720,0.03844508,0.00000000,0.03413866,0.01105392,0.08054839,1.22018421,0.15066528,0.00422043,0.18531244,0.00030274,0.05584756,0.00000000,0.02589204,0.09314558,0.04266253,0.00000000,0.00000000,0.01979125,0.47081721,0.10224415,0.00000000,0.02252766,0.00000000,0.03090148,0.00473447,0.36614791,0.07296099,0.00023756,0.00270050,0.03340068,0.02161825,0.65272146,0.00634498,0.00125828,0.31824079,0.04247116,0.01435728,0.10174052,0.00959712,0.00729572,0.05351033,0.18300264,0.37940609,0.60628080,0.01029825,0.11005980,0.00674555,0.00933643,0.42642376,0.08680054,0.36608940,0.00000000,0.00433195,0.06530626,0.00994228,0.06117525,0.09403580,0.00000000,0.01616121,0.05721060,0.00000000,0.00000000,0.03999341,0.01093152,0.00697335,0.05348016,0.18580364,0.00000000,0.01950781,0.08284560,0.01338408,0.11755647,0.12048881,0.00065958,0.04206216,0.00000000,0.01864007,0.09759071,0.06697282,0.04511898,0.00000000,0.00581538,0.55255580,0.00000000,0.05104154,0.08876240,0.27136019,1.51306319,0.03256392,0.00050840,0.02075662,0.11860105,0.67677367,0.09954891,0.00325137,0.00000000,0.00589689,0.00256975,0.09022543,0.52299511,0.06786502,0.00000000,0.00935365,0.00572370,0.00000000,0.28311118,0.07231741,0.13488325,0.00145635,0.00000000,0.04013741,0.02314274,0.12880576,0.07927082,0.01009186,0.00000000,0.00052616,0.00000000,0.13140054,0.02826427,0.23581964,0.01910703,1.70798981,0.00104252,0.00053941,0.01575129,1.09537077,0.00773279,0.21054451,0.13517854,0.00390011,0.00000000,0.18607785,0.04404928,0.00018795,0.00718207,0.02931449,0.08930332,0.06724673,0.05667154,0.00016460,0.01065654,0.01048625,0.00761563,0.00752839,0.06064082,0.10411621,0.00404257,0.00288687,0.00770513,0.00053104,0.11827193,0.15509893,0.05245329,0.00312813,0.00739149,0.06147216,0.02726104,0.02523742,0.10075941,0.00000000,0.00000000,0.03607583,0.13013199,0.07243580,0.01353874,0.08716819,0.13234687,0.04936995,0.00892360,0.03560858,0.00333862,0.04006600,1.81944537,0.47060838,0.03386597,0.01218704,0.76222295,0.00623312,0.00878853,0.00000000,0.10743339,0.23399284,0.04323777,0.05609948,0.20209509,0.01193822,0.01181620,0.00000000,0.00855022,0.36145675,0.09464250,0.00135185,0.11895950,0.17856570,0.01380381,0.62652695,0.00295568,0.05571664,0.02630094,0.06875574,0.25330541,1.25712299,0.16597971,0.02093068,0.03455006,0.00000000,0.31576565,0.04758540,0.00302558,0.11525774,0.00363584,0.12234537,0.38671601,0.16438496,0.01613642,0.00000000,0.19228181,0.01421078,0.01479305,0.29674351,0.03175031,0.19132030,0.00000000,0.05642524,0.30507883,0.27394423,0.01692127,0.12629531,0.02751729,0.09626862,0.90923661,0.01692765,0.14845504,0.12460928,0.42083803,0.00000000,0.01853346,0.17199120,0.09044093,0.02646418,0.15096240,0.01169117,0.17267199,0.00155770,0.00040500,0.00000000,0.02818570,0.00032927,0.04861341,0.63580769,0.06285635,0.06461947,0.16603982,0.33482730,0.08030806,0.04957745,0.02941310,0.00081623,0.00122678,0.11294316,0.11487819,0.00000000,0.02531970,0.03403198,0.07653692,0.01152653,0.47229391,0.30827257,0.03342947,0.12164461,0.15438670,0.37240493,0.04071169,0.00031474,0.87638152,0.29078594,0.02774085,0.02379874,0.00000000,0.00014328,0.31741452,0.02117383,0.07270008,0.00677602,0.00226041,0.00641802,0.00015005,0.08191469,0.02188484,0.16468945,0.00000000,0.00807751,0.08297065,0.02956886,0.00936954,0.01511322,0.04093378,0.03388419,0.03172605,0.00006197,0.00240549,0.24917692,0.00523327,0.46275485,0.00000000,0.04405104,0.03588955,0.01110036,0.00000000,0.00144681,0.00701685,0.00281162,0.00097833,0.11418645,0.11763081,0.01336041,0.07808673,0.01527653,0.00938913,0.02856596,0.21401091,0.04244381,0.07931987,0.04499404,0.00768715,0.05568005,0.05222737,0.09615688,0.01268248,0.20358834,0.10421716,0.00058054,2.47881627,0.00257461,0.06266036,0.01212228,0.04753989,0.02028874,0.68963164,0.25496364,0.00482449,0.07547310,0.86992037,0.11493751,0.00027039,0.00073734,0.00224745,0.10082737,0.37075844,0.00320661,0.04217623,0.00000000,0.00000000,0.00036989,0.00000000,0.00276280,0.13132419,0.10914558,0.00000000,0.01327023,0.02615171,0.00084999,0.80679387,0.04273854,0.03894219,0.04549234,0.01065296,0.03234429,0.00147834,0.26164567,0.01896627,0.01073477,0.00144276,0.02435396,0.00000000,0.00000000,0.01245319,0.02106374,0.25596160,0.05028832,0.09324053,0.06418359,0.04216592,0.01857128,0.01474151,0.05128846,0.07762453,0.00000000,0.10159828,0.03736677,0.45593220,0.01681011,0.02901471,0.11236577,0.03930024,0.20652208,0.00789725,0.17691739,0.00000000,0.00986472,0.07845327,0.02804817,0.04393239,0.00531818,0.00052293,0.00074878,0.00568154,0.00169406,0.00000000,0.33798289,0.00000000,0.00019005,0.00759907,0.26349735,0.02796993,0.03174674,0.25323889,0.05743762,0.00000000,0.24907805,0.00222133,0.00757917,0.00540366,0.00374002,0.00133445,0.21991117,0.01169844,0.00000000,0.07393770,0.01895721,0.09015807,0.07012338,0.00000000,0.05392095,0.00000000,0.03222674,0.34736356,0.01254867,0.01445801,0.00826512,0.03868902,0.28811187,0.00000000,0.06533582,0.01792590,0.24814688,0.02264876,0.21288654,0.03146995,0.00000000,0.02009638,0.02656770,0.30288124,0.01002169,0.00340010,0.71760505,0.00063681,0.03443588,0.04131572,0.00000000,0.00000000,0.00000000,0.02184916,0.06061332,0.01044269,0.00000000,0.00547684,0.00666286,0.00634273,0.00000000,0.25782034,1.83544266,0.02983061,0.00000000,0.23374879,0.02700646,0.04732773,0.00854148,0.08310001,0.14260946,0.00071520,0.02679246,0.00334948,0.00007991,0.04348079,0.46875519,0.00000000,0.02918351,0.00244345,0.00119329,0.00282340,0.02110388,0.02805503,0.04826140,0.00000000,0.01467217,0.05109832,0.04731012,0.05259881,0.04227366,0.10979981,0.00151096,0.02065346,0.02187993,0.12979305,0.19608104,0.15161046,0.03461128,0.00603916,0.30339691,0.03227662,0.10515253,0.00000000,0.01209414,0.03644266,0.16181512,0.26439717,0.11568492,0.00285295,0.04071100,0.00655270,0.01101322,0.07941522,0.00000000,0.10715111,0.00210537,0.02085767,0.04896010,0.13805844,0.04341894,0.05143532,0.00320495,0.00000000,0.73119533,0.00393138,0.02277313,0.00067297,0.10361965,0.01261107,0.15817672,0.06545801,0.02163425,0.00000000,0.09862670,0.00031354,0.06636620,0.18688120,0.73771644,0.09281436,0.07052296,0.03698150,0.24417622,0.03380450,0.00000000,0.00284064,0.00000000,0.48935786,0.00086174,0.02501553,0.05901805,0.28813696,0.13421820,2.06848955,0.00000000,0.03846633,0.14166509,0.00386343,0.00761967,0.00379385,0.04409575,0.01764417,0.14338057,0.21593218,0.10247407,0.01854140,0.07911175,0.00025351,0.00703119,0.00980286,0.01112730,0.00286649,0.00516695,0.00000000,0.01069306,0.12831342,0.00000000,0.39675400,0.00000000,0.00829166,0.00653744,0.00135929,0.14335445,0.00124513,0.06593756,0.12178029,0.00000000,0.25236776,0.02397073,0.02120662,0.01433480,0.02092622,0.00462914,0.05046838,0.40511143,0.00203743,0.07109002,0.35673517,0.00291988,0.03688700,0.00104942,0.00971758,0.00442861,0.00162986,0.01225990,0.00016339,0.00598758,0.01123447,0.13232231,0.09294039,0.11653228,0.08440177,0.00745947,0.16467533,0.02618666,0.03942753,0.00000000,0.00081547,0.04265691,0.01705806,0.09443501,0.00000000,0.02786309,0.09315274,0.11859319,0.03750733,0.06455176,0.07964551,0.02603852,0.53227520,0.36471850,0.03574259,0.63745344,0.20168570,0.15358490,0.01117222,0.01555709,0.00064500,0.01839441,0.00000000,0.00082822,0.01461791,0.06749929,0.00970396,0.03962792,0.00850775,0.00000000,0.10918845,0.00000000,0.05509286,0.00135849,0.00209197,0.08355708,0.00153634,0.18910125,0.07280003,0.02472950,0.04617339,0.70792699,0.03184922,0.01048185,0.01376448,0.53285939,0.02947455,0.00954192,0.00000000,0.00073444,0.44867617,0.30436930,0.04900398,0.02644297,0.24342792,0.03494690,0.03049272,0.06857430,0.02904093,0.12499819,0.01245310,0.00658267,0.20811586,0.00000000,0.03612192,0.09086485,0.00150975,0.06236481,0.02072984,0.17660061,0.06527431,0.71059340,0.01223286,0.01612786,0.05540041,0.02225906,0.00503652,0.00881287,0.08424382,0.05156431,0.01984442,0.05453517,0.02079849,0.00000000,0.08558712,0.06020482,0.07037749,0.04096613,0.23840086,0.00843597,0.01931022,0.04659466,0.15091507,0.03880428,0.01110177,0.00439202,0.04053497,0.10881252,0.01661645,0.04129199,0.13022073,0.07945309,0.00041483,0.04247863,0.02960725,0.01220048,0.00000000,0.05724197,0.00208958,0.12451878,0.00000000,0.02625367,1.45908546,0.07875301,0.78448802,0.01555071,0.07694233,0.20593975,0.04815010,0.02834276,0.76932853,0.11698987,0.04926912,0.08290453,0.03246888,0.00064004,0.52518630,0.02412416,0.07615984,0.14128220,0.01075646,0.00668747,0.01233633,0.07728224,0.07478449,0.00950700,0.11681391,0.05633818,0.09921853,0.06536090,0.17045969,0.04456308,0.02167262,0.00163721,0.05636848,0.00673921,0.11527982,0.07637920,0.47817492,0.01191782,0.00000000,0.05372413,0.15313655,0.00134270,0.02220817,0.02050305,0.00357630,0.00591328,0.00630337,0.00000000,0.00000000,0.00762805,0.01982221,0.20583139,0.01817433,0.76686680,0.00000000,0.02367852,0.08550698,0.73588532,0.34578648,0.00000000,0.00000000,0.01486517,0.00000000,0.27026674,0.00698462,0.01305912,0.00000000,0.01533452,0.00455882,0.04731550,0.02515525,0.09187342,0.00517058,0.04499996,0.04150604,0.12343086,0.02096397,0.02619808,0.00784392,0.08654922,0.22603932,0.01645271,0.05810634,0.00493606,0.08047163,0.18987657,0.08508893,0.03793006,0.02671768,0.01691565,0.00900610,0.00769334,1.27385247,0.12269761,0.41320586,0.00813396,0.00000000,0.00000000,0.01077552,0.04878011,0.01164778,0.06584668,0.06451003,0.58376133,0.50323570,0.18667871,0.04017487,0.00544521,0.00814011,1.29614913,0.06817399,0.07124525,0.09860173,0.01231471,0.00712972,0.02479682,0.07256162,0.10048375,0.02764983,0.02291519,0.05189396,0.10381280,0.20497231,0.02600536,0.18469016,0.00308719,0.20803995,0.00315269,1.12080681,0.00831497,0.03644991,0.04485937,0.17962901,0.00000000,0.01303602,0.03813537,0.07805791,0.22418848,1.38523090,0.09514111,0.06008824,0.01428262,0.10503408,0.00100824,0.03029713,0.18153605,0.00000000,0.07182980,0.01846736,0.00217101,0.02152689,0.00306695,0.00238434,0.10307944,0.00127491,0.01918403,0.00120598,0.03738392,0.00854974,0.35570776,0.00568198,0.00529275,0.00000000,0.05540814,0.00526190,0.02420818,0.02828985,0.00985163,0.00100828,0.03647783,0.61171323,0.06216837,0.00000000,0.00943031,0.00146648,0.01859947,0.18591821,0.05876542,0.23787919,0.00000000,0.01536202,0.05259461,0.07931475,0.01768209,0.01640576,0.00167301,0.00081900,0.00514402,0.16616917,0.00080825,0.00506981,0.21755382,0.15122841,0.00000000,0.00266060,0.66573751,0.00790016,0.21980244,0.20065674,0.01828315,0.00497965,0.25188175,0.00778437,0.14079246,0.00898090,0.00883662,0.05581186,0.01435507,0.18749705,0.00000000,0.01102520,0.01277513,0.05664296,0.03501253,0.00742976,0.01150999,0.00881332,0.04501333,0.00636180,0.00000000,0.10739601,0.11621992,0.03363843,0.00433442,0.00825636,0.01204041,0.01007278,0.00000000,0.15870379,0.04162548,0.02796587,0.03112742,0.00031306,0.15630586,0.75662887,0.06709762,0.01596098,0.00962845,0.04080833,0.76016361,0.00000000,0.02862007,0.00399265,0.01094852,0.03916283,0.01254009,0.05598004,0.00353792,0.00538427,0.00000000,0.00850048,0.00000000,0.01941157,0.23269455,0.00000000,0.06759819,0.02268832,0.01838837,0.38689825,0.03936179,0.15564981,0.16071102,0.02239966,0.01116730,0.04717271,0.01175377,0.05883340,0.00000000,0.03286118,0.05067132,0.02559941,0.03222989,0.01662672,0.08772352,0.09722881,0.02313099,0.00098359,0.02450862,0.00227279,0.03273238,0.03376574,0.33722615,0.02581597,0.00000000,0.00560154,0.02053037,0.06760748,0.04285594,0.30851007,0.02018114,0.00438563,0.27876303,0.00000000,0.17754519,0.00000000,0.10109302,0.03071426,0.00000000,0.03511922,0.01437181,0.00000000,0.03469351,0.02054791,0.00000000,0.38266662,0.01039951,0.03468191,0.04695827,0.06707495,0.00000000,0.00349779,0.38588658,0.00000000,0.20316017,0.00000000,0.04364040,0.00252194,0.03697938,0.03766640,0.01833194,0.00000000,0.01534193,0.00000000,0.00282098,0.00091425,0.11339682,0.04554107,0.08566969,0.04064399,0.01202718,0.01197505,0.00000000,0.51696962,0.17663106,0.03759442,0.00000000,0.11574052,0.48881805,0.00074506,0.04127930,0.01373628,0.08438209,0.01146483,0.07082516,0.05466122,0.00633910,0.01927157,0.00619870,0.00000000,0.16898541,0.02271152,0.05842623,0.07952486,0.07415298,0.01883285,0.03126322,0.00430858,0.04910552,0.01492030,0.01466282,0.04953521,0.01235771,0.00000000,0.00904468,0.00000000,0.21444923,0.00856420,0.07744478,0.03697452,0.91395265,0.12210027,0.18421607,0.00894745,0.01351600,0.13133000,0.03050221,0.03282747,0.28695738,0.08535861,0.02376932,0.05139586,0.00426398,0.03459844,0.00851005,0.01901658,0.00538706,0.02087494,0.13827938,0.00395053,0.35171697,0.11805891,0.03364584,0.00621702,0.00902336,0.04188114,0.01206527,0.22436549,0.12341835,0.00030929,0.02260246,0.21565449,0.06164932,0.02617879,0.01526849,0.00452154,0.02333873,0.00000000,0.41362128,0.14910342,0.00298757,0.02246310,0.00788791,0.01837003,0.14445058,0.04068943,0.02212511,0.01297602,0.09578374,0.00871904,0.02466064,0.16033237,0.00000000,0.02722893,0.02809146,0.00347746,0.03424494,0.02080525,0.05009267,0.10761648,0.09351705,0.06321902,0.04977255,0.02144416,0.02894116,0.01838754,0.00000000,0.26952541,0.08470718,0.01594695,0.00000000,0.00168483,0.02311985,0.05547358,0.28287944,0.00000000,0.02046024,0.07594439,0.00184095,0.03052139,0.20351343,0.15251613,0.03711350,0.04566607,0.24984808,0.04319268,0.01442966,0.00582941,0.00000000,0.09362773,0.10536233,0.02031300,0.02231975,0.00884540,0.00000000,0.00217524,0.05997426,0.01183521,0.00428645,0.08323672,0.01118504,0.03711627,0.06836087,0.08356839,0.14871469,0.00673905,0.05003493,0.02514041,0.05820901,0.01182188,0.06216983,0.09854060,0.08278899,0.06236196,0.00000000,0.02879133,0.02838713,0.02194069,0.02053159,0.01441174,0.13640368,0.12949447,0.04872623,0.27688313,0.15785648,0.00000000,0.09510052,0.00578837,0.09752025,0.00591091,0.03752914,0.18608093,0.10373959,0.15450159,0.00223398,0.00031185,0.00192031,0.06215692,0.00000000,0.09658792,0.03617783,0.02760043,0.21031947,0.00522257,0.00000000,0.01237905,0.00095700,0.00272188,0.03245740,0.00000000,0.02898815,0.05803259,0.02233384,0.00000000,0.02023294,0.13734643,0.23555422,0.01383510,0.02258107,0.28857356,0.01566811,0.09513457,0.06970632,0.07438557,0.00652461,0.26003757,0.08370005,0.03948056,0.08171136,0.02748357,0.21613757,0.05606760,0.07942672,0.87023598,0.03240864,0.40195248,0.07831262,0.03875182,0.01230798,0.27266607,0.01424561,0.03227860,0.01085751,0.00578842,0.00000000,0.22588876,0.04947940,0.00225333,0.03197192,0.19440114,0.00818344,0.12038074,0.03339436,0.00047961,0.03485564,0.02960970,0.00000000,0.09732668,0.05715737,0.03735976,0.00376638,0.02651473,0.03043893,0.03229082,0.07298449,0.02803976,0.30423200,0.00511358,0.00000000,0.01316346,0.05832018,0.03373252,0.02417022,0.03836629,0.05763102,0.00250163,0.05669292,0.24226747,0.02277288,0.09470981,0.03080875,0.00000000,0.23584825,0.00381714,0.01216030,0.02670906,0.03295770,0.05005779,0.11608539,0.16904300,0.13112041,0.07160547,0.05565641,0.01154727,0.15964870,0.06727406,0.11257472,0.00526275,0.00665412,0.40437356,0.00711512,0.01684458,0.00000000,0.02690212,0.12791909,0.00152799,0.05692255,0.00213069,0.04782804,0.03966273,0.11188688,0.16030398,0.07960884,0.08104270,0.00752636,0.17386585,0.01687382,0.00437103,0.00249332,0.08099562,0.00937182,0.02748399,0.40381339,0.02224358,0.01345936,0.07413030,0.03010996,0.03300074,0.10272048,0.17369746,0.02583602,0.03104708,0.07595664,0.16273174,0.00414624,0.00000000,0.22474734,0.00457038,0.02146026,0.02629660,0.07515730,0.04287420,0.00657546,0.14997238,0.06815302,0.04395273,0.00331475,0.01400148,0.00580952,0.00000000,0.01973490,0.04735219,0.03916926,0.04022247,0.14021595,0.00996814,0.01838787,0.15986927,0.00226830,0.00868224,0.26345450,0.07576641,0.00000000,0.30666837,0.02279725,0.03115000,0.22112030,0.03265198,0.01201459,0.00298560,0.00000000,0.08436850,0.00000000,0.00943964,0.01575975,0.24217749,0.03268090,0.05977562,0.15433116,0.23532113,0.00103757,0.02268948,0.00916457,0.00866639,0.02876450,0.32868972,0.00579031,0.05919721,0.17538312,0.02094498,0.08062506,0.03921435,0.02344946,0.21566293,0.05451886,0.03802436,0.02956882,0.00144135,0.15023737,0.06189119,0.04338111,0.00031708,0.04000326,0.12141632,0.09228494,0.00953315,0.01152300,0.05395494,0.04007907,0.26924747,0.00609451,0.02770734,0.00000000,0.02577806,0.06867041,0.01865476,0.04952993,0.00812807,0.08061543,0.01135892,0.00123612,0.00434879,0.03346215,0.26875269,0.02545971,0.01113973,0.06627671,0.24713768,0.03325330,0.02799622,0.07818189,0.00000000,0.08168798,0.07744624,0.14286882,0.01220684,0.04243485,0.01714068,0.00000000,0.00510491,0.00478792,0.15416203,0.26025113,0.01807303,0.00495532,0.00050564,0.03659866,0.00000000,0.00972393,0.05868940,0.08597662,0.04928542,0.00800743,0.00499441,0.06252927,0.00000000,0.00000000,0.00368803,0.02272928,0.01425295,0.00551386,0.05452101,0.15884577,0.24523227,0.05698762,0.03192886,0.03112296,0.01186828,0.00963539,0.10436738,0.02699460,0.04992148,0.00300386,0.00000000,0.00000000,0.00000000,0.08149251,0.05548960,0.09747154,0.00485548,0.02969329,0.02087163,0.35105667,0.06164772,0.11652312,0.01373969,0.03109731,0.10807036,0.00024233,0.02738457,0.06248298,0.17399710,0.03315831,0.04515815,0.00529671,0.05102316,0.02687068,0.10145630,0.01806037,0.00507758,0.00000000,0.05348743,0.00219956,0.04882056,0.66179961,0.00204081,0.00274521,0.00140911,0.00707497,0.00330605,0.02136182,0.00513710,0.06847125,0.02206875,0.37965813,0.01766908,0.00803561,0.01912509,0.07412013,0.10283700,0.02932722,0.04930178,0.01548585,0.00483233,0.25346226,0.04175491,0.04316705,0.01784520,0.02952937,0.01905636,0.06417722,0.00092336,0.01004745,0.71629262,0.25713986,0.26066807,0.02185914,0.25522816,0.00592616,0.01481284,0.05393251,0.01735607,0.03642045,0.00000000,0.00000000,0.04584713,0.38127694,0.09945706,0.02938577,0.20458035,0.21871686,0.15786284,0.16859277,0.06368426,0.00565484,0.25428316,0.02964791,0.02817376,0.03082377,0.03092798,0.01364263,0.00413041,0.06845667,0.15814528,0.00012217,0.00136560,0.02240402,0.03858969,0.27254012,0.02197462,0.32920486,0.10161835,0.03781734,0.09850066,0.04072410,0.00000000,0.00688324,0.07451779,0.26744363,0.01409579,0.01375122,0.10184804,0.36635712,0.19538887,0.08437273,0.18839636,0.50851882,0.04310139,0.00713337,0.05507196,0.02267318,0.05868650,0.00729589,0.01664774,0.10436206,0.00000000,0.08242549,0.00100281,0.18475118,0.15401115,0.00445515,0.00028953,0.05066662,0.00522660,0.04201257,0.20389488,0.01903825,0.35538900,0.00604709,0.00189447,0.11419101,0.07774252,0.02116748,0.01209702,0.15476926,0.04203252,0.12469041,0.01876035,0.00246758,0.14324269,0.12342241,0.01234512,0.05022617,0.09539633,0.00286014,0.02845060,0.21039884,0.03163805,0.10286612,0.18789171,0.00000000,0.01234041,0.00341349,0.02454386,0.07734229,0.02856171,0.04834605,0.05598601,0.05544538,0.01065057,0.22920117,0.03404777,0.07805376,0.01294004,0.01388669,0.15484603,0.03528587,0.01438507,0.00797319,0.00000000,0.14522052,0.08055267,0.00000000,0.02396261,0.37839445,0.10006244,0.00000000,0.16068479,0.00397848,1.15422857,0.13722582,0.03790150,0.03393174,0.00000000,0.08733138,0.09729472,0.01649350,0.50424612,0.02023220,0.09958237,0.03845610,0.06209523,0.65649992,0.00000000,0.00097585,0.02922824,0.04818417,0.01812815,0.01655313,0.00857918,0.52667707,0.17753175,0.03208336,0.07945864,0.09856119,0.00000000,0.12244364,0.00206088,0.12207112,0.00000000,0.08290534,0.23455045,0.27788523,0.18438745,0.01483851,0.38693103,0.49419239,0.03080037,0.00130767,0.03171363,0.00244798,0.05487280,0.01949774,0.14692509,0.08431762,0.03550515,0.05306203,0.08485626,0.14700080,0.04474274,0.00000000,0.00000000,0.00583946,0.02522518,0.02388415,0.01697695,0.22658145,0.18263963,0.19508614,0.00000000,0.05226244,0.07838758,0.00962390,0.02663305,0.00000000,0.17176570,0.04813799,0.25480187,0.00012817,0.03133124,0.00000000,0.17756405,0.06138233,0.05618091,0.23528074,0.01984279,0.19992806,0.01087430,0.06355476,0.00000000,0.05634226,0.01570717,0.29897457,0.00634212,0.00064921,0.03174955,0.04663124,0.11247787,0.02729028,0.05184618,0.01523501,0.02861868,0.01457357,0.03032598,0.00795873,0.01099870,0.05047029,0.00000000,0.00073279,0.01498266,0.00288251,0.07578548,0.04923176,0.00576439,0.01172068,0.29288328,0.00000000,0.02500821,0.13524650,0.00000000,0.00615056,0.00417110,0.21180578,0.00717757,0.10694250,0.06469658,0.13049506,0.03980517,0.03690117,0.05120507,0.01872093,0.07436062,0.06960270,0.01417119,0.00415850,0.48226503,0.09186640,0.01145424,0.00424376,0.07624841,0.02819748,0.19884531,0.02356814,0.01618353,0.15570867,0.00137998,0.00000000,0.00000000,0.11896653,0.15612027,0.01523966,0.14687747,0.05007826,0.02027880,0.00259738,0.03384250,0.01593103,0.13689773,0.04437423,0.00162146,0.00029092,0.00656249,0.00122195,0.00000000,0.00000000,0.00000000,0.04862931,0.02033764,0.57175142,0.04135050,0.04246119,0.02178050,0.08391123,0.00000000,0.09739512,0.02783249,0.01471877,0.00989300,0.06592114,0.00000000,0.00538029,0.00946297,0.00000000,0.01436904,0.07966806,0.02058134,0.02855898,0.02924772,0.01947196,0.02767944,0.12622814,0.00786680,0.00856779,0.02306674,0.83170015,0.02846679,0.21310675,0.10216164,0.00000000,0.16331074,0.01336450,0.00000000,0.01580900,0.48970029,0.52712327,0.16138032,0.00550391,0.36032519,0.02469202,0.12366831,0.02287296,0.01315158,0.09437788,0.01199409,0.02918305,0.06245846,0.00000000,0.04028825,0.03073180,0.08590245,0.03735344,0.16175491,0.02174993,0.03036059,0.02362544,0.11934526,0.02469370,0.31953660,0.02832241,0.00000000,0.12801015,0.00643379,0.00000000,0.02122965,0.42125964,0.03632438,0.00374523,0.14316256,0.00402652,0.01303128,0.02945490,0.00000000,0.17278889,0.00000000,0.21461928,0.00278163,0.00977788,0.18136136,0.09701648,0.01354755,0.01450166,0.16382200,0.21384406,0.10810733,0.00757864,0.03123803,0.01659733,0.14338271,0.12478877,0.04690939,0.03873792,0.03833257,0.09194775,0.26946962,0.07021851,0.02191886,0.00080443,0.03762951,0.01103831,0.02404729,0.14979373,0.00753240,0.01638237,0.02960193,0.16845413,0.01458632,0.14256944,0.03797903,0.09078511,0.00000000,0.04474451,0.06642360,0.02332516,0.00431228,0.01851347,0.06139175,0.03618246,0.04046607,0.03373539,0.00000000,0.01006336,0.00000000,0.01654192,0.19619355,0.00902727,0.06165086,0.46754944,0.03110133,0.06460036,0.11432087,0.02178786,0.00808797,0.02948943,0.00617716,0.03033587,0.00000000,0.00200153,0.01581745,0.01334635,0.05618347,0.07331878,0.10599777,0.30882293,0.08697155,0.02527067,0.01193201,0.13211492,0.01525141,0.12978017,0.07461359,0.13173603,0.00000000,0.04912158,0.06397022,0.00168292,0.02125192,0.03771117,0.22513612,0.00125167,0.29409584,0.06930427,0.01091489,0.03181345,0.03918076,0.00000000,0.20596015,0.09264489,0.01091981,0.04201219,0.04698958,0.06149263,0.03279218,0.02856371,0.04658527,0.02342554,0.02008730,0.09045106,0.02923599,0.01801104,0.00902869,0.08808270,0.00000000,0.03422482,0.02132758,0.06934762,0.48266810,0.38949528,0.00570565,0.06784141,0.00080097,0.14702997,0.00000000,0.05187055,0.24644004,0.02250101,0.00000000,0.00000000,0.04266560,0.15077072,0.03361048,0.00000000,0.05960260,0.00000000,0.02211839,0.00348877,0.54495037,0.09113163,0.00062853,0.00276147,0.01744486,0.03687233,0.37857881,0.01678724,0.00332911,0.77337158,0.05939973,0.02004945,0.05944627,0.01404792,0.01416322,0.14157504,0.09211949,0.10145945,0.21343991,0.01210620,0.05886396,0.01034768,0.01348767,0.09497739,0.09215722,0.18105906,0.00000000,0.00373198,0.09660264,0.02143925,0.15997328,0.03092536,0.00000000,0.03370515,0.05380590,0.00000000,0.00000000,0.10312039,0.02892208,0.01699217,0.09914355,0.07000009,0.00000000,0.04993412,0.05551064,0.03541094,0.04563267,0.03970664,0.00174510,0.10255446,0.00000000,0.03943305,0.01360760,0.17719343,0.04918949,0.00000000,0.01226851,0.17584059,0.00000000,0.04131106,0.23484322,0.25735846,0.71567929,0.03330742,0.00134509,0.01572065,0.06075496,0.42095554,0.05925040,0.00860231,0.00000000,0.01560170,0.00497065,0.09219158,0.23368014,0.06591690,0.00000000,0.00806618,0.01327681,0.00000000,0.12629701,0.02671199,0.06543439,0.00385314,0.00000000,0.05709802,0.05424809,0.11875788,0.07608639,0.02641418,0.00000000,0.00139208,0.00000000,0.26566643,0.04958154,0.09106950,0.02662880,0.55394417,0.00275824,0.00142714,0.04167400,0.44535926,0.00895821,0.53754640,0.17115776,0.00570265,0.00000000,0.15128344,0.10734161,0.00049726,0.01900198,0.07755885,0.18717265,0.07427546,0.04429891,0.00033665,0.02819455,0.02724942,0.00830939,0.01559038,0.05129923,0.26810622,0.00762951,0.00503705,0.02038586,0.00136039,0.04937253,0.06158556,0.04122941,0.00774818,0.00896233,0.05480481,0.01230059,0.06656283,0.24321505,0.00000000,0.00000000,0.03647355,0.02551557,0.06277857,0.01606118,0.10834274,0.06676268,0.06812829,0.01759678,0.09258384,0.00631066,0.07642337,0.76963729,0.13586712,0.03169676,0.00530166,0.26016346,0.00647398,0.01561120,0.00000000,0.04562861,0.09346320,0.03184743,0.14842527,0.11091524,0.03158557,0.01031241,0.00000000,0.02262176,0.17878972,0.04047417,0.00357667,0.06051205,0.38248596,0.01441407,0.25405154,0.00713232,0.02859883,0.03120925,0.04797638,0.06611505,0.32364559,0.12899390,0.01375065,0.08801743,0.00000000,0.12633315,0.06079829,0.00800494,0.28955546,0.00961952,0.06870224,0.06848165,0.11997487,0.01987856,0.00000000,0.07067444,0.01971040,0.02510784,0.19595172,0.05737506,0.08651334,0.00000000,0.14928715,0.11238825,0.15820992,0.01229125,0.03653808,0.07280392,0.08208291,0.29549581,0.04478635,0.13499923,0.31206229,0.46991625,0.00000000,0.03084350,0.11520094,0.04896740,0.06440088,0.06050067,0.03093194,0.06770395,0.00282223,0.00077672,0.00000000,0.03165631,0.00087117,0.10896289,0.31340781,0.16630226,0.10393757,0.38792738,0.17769916,0.03952204,0.06109292,0.07781975,0.00168998,0.00324574,0.03722463,0.05273407,0.00000000,0.01561638,0.09004016,0.05097369,0.01268842,0.19684897,0.12231348,0.01939496,0.27255580,0.07417369,0.11102177,0.03665917,0.00083274,0.47814137,0.08616444,0.01663546,0.03200329,0.00000000,0.00037909,0.08174504,0.04371002,0.16038881,0.00733938,0.00598048,0.01592384,0.00039701,0.17586291,0.05790184,0.07597086,0.00000000,0.01429306,0.07224035,0.03253419,0.02478948,0.03998583,0.01769639,0.05830147,0.03697389,0.00016395,0.00418631,0.24019483,0.01384594,0.17062083,0.00000000,0.04173552,0.09495483,0.02936880,0.00000000,0.00382791,0.00927233,0.00615789,0.00258842,0.04763459,0.30733863,0.01276292,0.05885693,0.02250642,0.02484131,0.02146288,0.18752597,0.04729164,0.07654598,0.05525449,0.00677726,0.03198234,0.02884608,0.13739890,0.01356562,0.05510133,0.06399024,0.00153595,0.59952301,0.00345123,0.07833321,0.03207253,0.03291845,0.02020266,0.09890259,0.11140833,0.01271949,0.19088827,0.38208890,0.10289159,0.00071539,0.00195082,0.00445327,0.12028108,0.33308938,0.00616698,0.11158781,0.00000000,0.00000000,0.00097863,0.00000000,0.00715432,0.14956561,0.10529397,0.00000000,0.01945883,0.03771234,0.00224887,0.21806833,0.06067605,0.10303134,0.05351483,0.02040681,0.08557493,0.00290036,0.41342932,0.01442100,0.02840153,0.00381718,0.03522979,0.00000000,0.00000000,0.01310989,0.02735942,0.10851439,0.12490300,0.16900644,0.13451123,0.04890874,0.04509083,0.03731216,0.01260100,0.18136923,0.00000000,0.04300829,0.04000124,0.22469234,0.04447536,0.07014220,0.06050118,0.10397866,0.11140107,0.02019029,0.37048480,0.00000000,0.01408023,0.20756784,0.02306972,0.02471119,0.01135106,0.00138355,0.00155500,0.00857275,0.00304640,0.00000000,0.17731889,0.00000000,0.00050284,0.01801774,0.08794950,0.07130930,0.08399397,0.08793186,0.02509308,0.00000000,0.37954879,0.00450761,0.02005260,0.00587627,0.00989516,0.00353061,0.25891289,0.01322064,0.00000000,0.04578589,0.02499350,0.05669245,0.18552904,0.00000000,0.14266142,0.00000000,0.01552478,0.17139818,0.00985023,0.03399022,0.01832245,0.02602102,0.29628223,0.00000000,0.04229496,0.04405214,0.41165897,0.01383117,0.07294031,0.01781046,0.00000000,0.04444660,0.06702454,0.15673582,0.02651491,0.00827882,0.20356867,0.00168483,0.04175599,0.02623530,0.00000000,0.00000000,0.00000000,0.01712121,0.03594722,0.01411992,0.00000000,0.00730135,0.01762827,0.01678128,0.00000000,0.08018862,0.69100344,0.02478415,0.00000000,0.08107533,0.06664178,0.11356256,0.02259864,0.04049766,0.07819182,0.00137796,0.06847444,0.00552184,0.00021142,0.01106514,0.17868826,0.00000000,0.03640113,0.00633432,0.00315715,0.00747000,0.05433105,0.07422662,0.06194389,0.00000000,0.03700935,0.13519347,0.04764273,0.04371671,0.11131663,0.05064521,0.00399762,0.04043292,0.01411924,0.07148634,0.27560058,0.08150382,0.09075374,0.01597813,0.23424737,0.06549332,0.02785878,0.00000000,0.03199808,0.02973010,0.05120623,0.40904069,0.21413802,0.00754820,0.08268931,0.01116997,0.02913825,0.03472738,0.00000000,0.23542336,0.00395289,0.03524317,0.03512404,0.04304354,0.05377799,0.02478274,0.00419614,0.00000000,0.29114488,0.00531898,0.06025203,0.00178050,0.04779598,0.02614512,0.40812635,0.05754769,0.03822267,0.00000000,0.21164700,0.00082954,0.04216791,0.14387363,0.24129520,0.05370105,0.04613877,0.04549714,0.17572530,0.08691148,0.00000000,0.00751563,0.00000000,0.13437375,0.00227994,0.03281597,0.15026137,0.10326784,0.04865374,0.77977341,0.00000000,0.07962824,0.37481058,0.01022167,0.02015976,0.00907693,0.04021439,0.01586693,0.06607089,0.49090400,0.27112091,0.00632411,0.13213590,0.00067072,0.00851605,0.02593593,0.01668765,0.00674150,0.00829920,0.00000000,0.00464368,0.05687308,0.00000000,0.15569179,0.00000000,0.02175804,0.01219977,0.00359636,0.05854870,0.00329429,0.03029040,0.14150232,0.00000000,0.16567944,0.05254512,0.04075867,0.00825970,0.04365204,0.01000687,0.03350795,0.12707631,0.00366114,0.15983821,0.08244570,0.00415929,0.03021236,0.00186705,0.02571031,0.01171701,0.00299192,0.02653489,0.00043228,0.01584165,0.01846372,0.04573410,0.05518791,0.19126013,0.05428969,0.01973590,0.23827124,0.06928338,0.09278261,0.00000000,0.00215752,0.02649089,0.04108138,0.18731278,0.00000000,0.04225650,0.06773672,0.05416597,0.06851409,0.05002067,0.01228576,0.02659917,0.11872586,0.19844407,0.02290959,0.20954432,0.11661828,0.06962284,0.02757268,0.03063146,0.00113374,0.04866704,0.00000000,0.00219128,0.03867536,0.13521032,0.02567427,0.05538863,0.00650799,0.00000000,0.03610008,0.00000000,0.14166079,0.00359422,0.00302232,0.12724838,0.00406477,0.49909371,0.19261079,0.05839754,0.11817189,0.21602999,0.03858768,0.01473559,0.03641739,0.27140349,0.01888131,0.01307632,0.00000000,0.00194315,0.19024818,0.08734190,0.04690472,0.04739299,0.17990813,0.08634667,0.01517120,0.03035168,0.01819213,0.33071411,0.02624472,0.01741611,0.10022829,0.00000000,0.09297945,0.06423362,0.00241910,0.04460438,0.04883435,0.06637376,0.16971739,0.26359680,0.00672188,0.01956225,0.14657569,0.03061073,0.00510347,0.02331666,0.08380584,0.04355827,0.02129012,0.06598040,0.02108485,0.00000000,0.08942179,0.04795312,0.16532806,0.09485869,0.13354962,0.01880042,0.05096035,0.03932803,0.08840489,0.02205301,0.01925448,0.01162019,0.02143963,0.06577054,0.03639507,0.03619506,0.05658855,0.21021311,0.00101605,0.04358813,0.06979013,0.02114260,0.00000000,0.15144800,0.00552851,0.06638379,0.00000000,0.04772901,0.12111624,0.07942692,0.32765281,0.01936836,0.02806301,0.13145043,0.08027857,0.02741873,0.24587128,0.07545227,0.03612939,0.04856734,0.08590458,0.00169339,0.19800732,0.01028257,0.07169540,0.12243541,0.02269553,0.01416014,0.01136067,0.10609246,0.12428128,0.01166534,0.30290017,0.06531124,0.18718098,0.04918087,0.31829202,0.08965713,0.01465946,0.00306263,0.14913698,0.01783028,0.06258931,0.08804738,0.19243482,0.03153158,0.00000000,0.02191492,0.11189243,0.00288640,0.04946542,0.05424598,0.00755497,0.00531758,0.01114531,0.00000000,0.00000000,0.02018192,0.04877166,0.12340999,0.01855133,0.32929245,0.00000000,0.01037217,0.13932495,0.52676815,0.13857505,0.00000000,0.00000000,0.00984816,0.00000000,0.12863445,0.01847957,0.01838472,0.00000000,0.04057133,0.01206150,0.10358252,0.02006400,0.04237355,0.00525111,0.05157156,0.06549326,0.15128358,0.03973633,0.06931359,0.00553733,0.07266480,0.04116711,0.03504203,0.03440449,0.00734668,0.02060965,0.04314359,0.03374348,0.01669995,0.04691309,0.04475461,0.02216870,0.01318656,0.53805006,0.12269098,0.19002779,0.01906850,0.00000000,0.00000000,0.02850935,0.02172991,0.02870137,0.05133421,0.01557228,0.44246432,1.13847017,0.10704601,0.10629272,0.01350325,0.01267295,0.52162951,0.08033195,0.02228657,0.13341768,0.02836326,0.01121913,0.06529298,0.07402344,0.04281195,0.03603555,0.03904243,0.13729852,0.27466285,0.09846801,0.06607524,0.05601782,0.00570138,0.04281047,0.00834124,0.44517830,0.02199935,0.05987790,0.10922278,0.09865396,0.00000000,0.03054801,0.02271524,0.04013126,0.06474619,0.52533913,0.07351368,0.15897854,0.01259892,0.27702719,0.00176478,0.07547650,0.09452742,0.00000000,0.19004378,0.04750972,0.00574395,0.02857910,0.00811439,0.00428597,0.18882738,0.00240291,0.03781869,0.00319072,0.02653217,0.02262049,0.44349495,0.01368443,0.01398804,0.00000000,0.06258842,0.00472623,0.01970079,0.06191432,0.02338953,0.00266765,0.05507579,0.15323985,0.04686109,0.00000000,0.01507826,0.00213847,0.01861996,0.03815109,0.01879055,0.60929549,0.00000000,0.04015220,0.05065480,0.03823681,0.03404956,0.04340556,0.00206078,0.00216686,0.00699139,0.03588053,0.00212970,0.01036526,0.11208633,0.07166051,0.00000000,0.00703930,0.66768724,0.00862875,0.12435218,0.12469546,0.04026306,0.01317493,0.06876770,0.01421170,0.05791018,0.01267705,0.00519710
6058,data/pair/6058/RHEED/4 min of AlSb.MOV,manifest_specified_rheed_path,19.260000,578,8,0.14031190,0.02180523,0.08768328,0.00000000,0.00082723,0.00152070,0.02740334,0.01692270,0.01610367,0.00004989,0.34039113,0.09013966,0.00000000,0.00092628,0.01631118,0.05632984,0.13158828,0.00014344,0.04762144,0.00572567,0.00907055,0.00658374,0.86217242,0.22845046,0.04336678,0.01831640,0.00005532,0.30644900,0.00178012,0.29635012,0.00147891,0.01084553,0.03127829,0.95561963,0.00052583,0.02794962,0.00006322,0.08571618,0.01345415,0.03393912,0.14021488,0.01499394,0.00318531,0.00195350,0.01974156,0.00008237,0.00549327,0.34080675,0.00000000,0.15346187,0.02480657,0.00902489,0.72906446,0.00178523,0.01724070,0.10558340,0.01901520,0.00038453,0.00206813,0.11636255,0.04598507,0.00000000,0.00000000,0.01337032,0.04696366,0.00000000,0.00261289,0.05194070,0.29219335,0.12844183,0.07199650,0.04358578,0.00551024,0.07293965,0.01576295,0.02621152,0.00000000,0.00000000,0.02311383,0.07724203,0.38219026,0.00236364,0.44800657,0.00000000,0.00405503,0.48350602,0.00000000,0.92617762,0.00148429,0.08917480,0.34074053,0.00002273,0.00000000,0.02745848,0.24067128,0.00293186,0.09054305,0.00084841,0.68607211,0.00014532,0.01297888,0.05090112,0.46975967,0.00288745,0.01100365,0.00000000,0.00027938,1.02266157,0.01277338,0.00000000,0.01856960,0.48131627,0.14050442,0.13268322,0.00000000,0.01959002,0.00096921,0.00275823,0.03150250,0.33671352,0.04989411,0.16719031,0.05191028,0.03432241,0.00000000,0.00150266,0.00746694,0.00728186,0.16610822,0.00189508,0.14223865,0.26823604,0.00000000,0.00016230,0.00199567,0.16032353,0.00042442,0.03690149,0.04024640,0.00000000,0.03236914,0.00077826,0.00000000,0.01345917,0.08374572,0.35414404,0.00491646,0.00467686,0.14961408,0.03090162,0.00138089,0.10827736,0.01977332,0.05155218,0.04878822,0.05868678,0.00032313,0.01085526,0.00000000,0.21538863,0.00359174,0.21705079,0.04559194,1.86439836,0.01844261,0.63280952,0.00281064,0.01329478,0.32433346,0.17081307,0.00628171,0.62164891,0.21851742,0.01573820,0.18810602,0.23139839,0.01359580,0.00000000,0.21421206,0.00000000,0.06185479,0.56038660,0.00975823,0.01593765,0.23180410,0.01035435,0.00144046,0.17412511,0.07912356,0.00348935,0.32521680,2.22556734,0.00000000,0.01431638,0.00565302,0.07513489,0.27653778,0.00368795,0.00191133,0.00601915,0.00043374,0.03231473,0.44787720,0.06352232,0.03143482,0.00626064,0.01201284,0.02169240,0.01918907,0.08260736,0.02569947,0.91749316,0.01137362,0.10646205,0.00016835,0.00000000,0.00000000,0.05421761,0.00919643,0.04604307,0.00098280,0.00000000,0.66012657,0.24391261,0.08844566,0.28853428,0.01771270,0.11264285,0.00054705,0.00218881,1.23439348,0.28269938,0.07456228,0.00000000,0.05811787,0.04266419,0.43651399,0.30347747,0.00434876,0.01446617,0.52873284,0.02898930,0.06625908,0.12397069,0.22568761,0.31711596,0.06577247,0.22407186,0.08618232,0.00489404,0.01318428,0.00000000,0.71076608,0.06427374,0.06872103,0.00783635,0.00298008,0.00790996,0.00055676,0.17569068,0.00498793,0.01234618,0.07793710,0.00217459,0.00152478,0.51219696,0.00290248,0.52032483,0.00004453,0.00000000,0.10436614,0.20176324,0.02094043,0.08844771,0.11394423,0.04646545,0.09650926,0.00112525,0.10888658,0.01569863,0.02388153,0.00007841,0.04518957,0.11995845,0.02276750,0.01382003,0.00481142,2.07347035,0.00785562,0.07367520,0.00660341,0.02453219,0.00647057,0.00269354,0.21725821,0.03274092,0.08400809,0.00439828,0.02708139,0.02314523,0.01715536,0.01240367,0.09355688,0.05217941,0.00997612,0.01217492,0.03484820,0.00000000,0.11788799,0.00014553,0.00611221,0.02231817,0.00636799,0.01748542,0.26004273,0.11713900,0.00000000,0.08884919,0.03605777,0.04788008,0.00430897,0.03615458,0.19761761,0.00396797,0.04646340,0.25996241,0.10301146,0.09348466,0.00295558,0.05342918,0.01971262,0.02969570,0.00999555,0.02969687,0.01592564,0.00099587,0.28965515,0.02435913,0.05392925,0.17628761,0.08984619,0.05764075,0.02181682,0.00473754,0.01219476,0.00000000,0.00179138,0.00978637,0.69721311,0.00000000,0.00031379,0.08489760,0.09101287,0.00170830,0.15522897,0.11302974,0.00418339,0.00050181,0.05282910,0.00063563,0.01663787,0.51737332,0.02141308,0.02127889,0.00388580,0.43383348,0.01174639,0.04486071,0.00000000,0.00000000,0.00211521,0.00000000,0.45089236,0.00166317,0.13517852,0.06395982,0.20665629,0.35385612,0.00317660,0.00371498,0.08086739,0.00938623,0.14280288,0.14192545,0.07114875,0.01514733,0.00619911,0.00147390,0.03315687,0.13520177,0.11571518,0.00935372,0.32701454,0.76491630,0.02171483,0.00176195,0.00142503,0.09180759,0.17618451,0.04137983,0.01522413,0.00656855,0.00610960,0.01054914,0.02150013,0.01287393,0.35718122,0.03038797,0.02164939,0.23224168,0.01600140,0.04836766,0.10552480,0.20290440,0.42644686,0.18935287,0.00695477,0.02257888,0.00338500,0.00316140,0.01300100,0.00473454,0.10643152,0.02836732,0.03543098,0.53365964,0.00743774,0.03467462,0.44127080,0.02297895,0.11282998,0.02463748,0.22659087,0.03783416,0.15098590,0.84169751,0.20875481,0.01493860,0.01755751,0.00737518,0.01087633,0.17961247,0.00456705,0.00835837,0.02487472,0.01370784,0.09899570,0.06492122,0.05393379,0.00064492,0.00073177,0.01455117,0.00980293,0.01478012,0.01072573,0.04595054,0.02055682,0.16709343,0.00000000,0.00108155,0.01554777,0.00253462,0.00666253,0.26403242,0.00152357,0.00000000,0.05018774,0.14442395,0.03795938,0.02776157,0.00980725,0.03208117,0.00756934,0.02374985,0.01227708,0.00111628,0.02042169,0.04461283,0.00183388,0.25691530,0.07462655,0.17643851,0.68722481,0.00163024,0.00000000,0.00742466,0.00590308,0.06743062,0.03030694,0.00689889,0.05498068,0.11621767,0.00000000,0.03722902,0.03525008,0.02446282,0.75933254,0.19022004,0.00555466,0.27086663,0.00027881,0.00956940,0.06727450,0.06427826,0.03829649,0.03970903,0.14606233,0.05626191,0.01252268,0.13349462,0.33138832,0.03350485,0.04075832,0.00172288,0.02370160,0.01615698,0.14256856,0.04205240,0.00134599,0.20739764,0.00599838,0.14671752,0.01281505,0.10380468,0.05227566,0.01189956,0.24358460,0.04359187,0.00094266,0.91535199,0.03380539,0.01593661,0.00332622,0.03596109,0.00000000,0.65519452,0.05566924,0.22885031,0.09575678,0.14239278,0.12554337,0.00000000,0.07313526,0.00683022,0.17721023,0.22195283,0.00000000,0.00000000,0.03440556,0.01060392,0.01816494,0.02373924,0.09603628,0.02674098,0.03310009,0.02736126,0.01373766,0.03273688,0.01386641,0.00000000,0.03316609,0.00247789,0.42163685,0.05435431,0.05360340,0.33571506,0.17317700,0.00206644,0.03037420,0.03854163,0.00018839,0.00000000,0.12957990,0.00003372,0.07930788,0.00077824,0.00000000,0.00165360,0.00000000,0.19628920,0.14443438,0.10721068,0.29246509,0.01430810,0.05099323,0.01274973,0.11060062,0.10299052,0.06067300,0.13520424,0.33131450,0.02378879,0.01708682,0.00000000,0.13133383,0.33002603,0.00713026,0.00617130,0.05006222,0.02139195,0.04973207,0.06108354,0.00609966,0.00326977,0.00000000,0.00000000,0.01035708,0.66504389,0.01271078,0.00623807,0.05175039,0.00157833,0.00835976,0.03761795,0.08899602,0.11752744,0.07418319,0.17023639,0.00739971,0.00000000,0.00899513,0.04040226,0.01016821,0.13609603,0.10917188,0.11305661,0.00392944,0.44314334,0.01733862,0.07824834,0.04733096,0.24578427,0.00001683,0.27080828,0.00000000,0.00693002,0.45978794,0.08331232,0.00524280,0.00611013,0.00497715,0.02273522,0.01394479,0.03318891,0.00301409,0.01670365,0.00148576,0.00000000,0.02230635,0.18095137,0.14892255,0.01623928,0.12172601,0.43582425,0.04088285,0.59653741,0.11604743,0.00000000,0.38398537,0.00116921,0.00704867,0.11621359,0.02422613,0.00902364,0.07250973,0.00666786,0.02634035,0.00000000,0.00764625,0.10898993,0.05482176,0.43067482,0.09405042,0.00794872,0.02174294,0.03394258,0.08894201,0.05406848,0.00288616,0.04492813,0.00136539,0.02280121,0.00303836,0.02632621,0.07074437,0.18175869,0.15336570,0.14881018,0.13748446,0.00000000,0.06356903,0.00076193,0.00173419,0.04862314,0.06527351,0.01597136,0.02663254,0.00035214,0.01393194,0.00524412,0.00119082,0.02874184,0.00895305,0.01729914,0.00000000,0.11780244,0.00000000,0.02095236,0.24673395,0.06920999,0.00494310,0.00345694,0.00132249,0.16381951,0.01204248,0.33590043,0.00223151,0.00000000,0.06947196,0.26491225,0.01453807,0.20881751,0.00674533,0.16529752,0.01246205,0.03526533,0.27897680,0.01572797,0.02224042,0.00619862,0.00403891,0.14608632,0.23326220,0.00247883,0.00350811,0.00052741,0.02664286,0.20340562,0.00421101,0.49238256,0.19428630,0.03290870,0.00039643,0.16554457,0.06375509,0.83630204,0.00138954,0.01859955,1.12467277,0.04618317,0.02965635,0.04111721,0.00014504,0.32388595,0.17417741,0.00000000,0.01644999,0.00811691,0.00007365,0.00000000,0.19264318,0.01216456,5.57612658,0.06788014,0.00000000,0.00920447,0.00000000,0.00548406,0.47914550,0.02546807,0.01532886,0.01679373,0.28942111,0.07346186,0.11574560,0.00143685,0.00000000,0.00164091,0.00015715,0.02720002,0.01018266,0.01754813,0.02203642,0.05233855,0.05946652,0.12870419,0.11171073,0.09636800,0.00000000,0.32687703,0.03248436,0.08257151,0.00089041,0.21717390,0.00709430,0.15302579,0.47947961,0.01454705,0.23536259,0.02482736,0.00000000,0.00651015,0.03701848,0.01288960,0.02735081,0.02328404,0.29257783,0.08375612,0.11936113,0.00055727,0.10517178,0.18436082,0.16809005,0.00083513,0.00000000,0.05046755,0.17791061,0.00477228,0.00403982,0.95383465,0.03228370,1.51683950,0.01027336,0.09684281,0.17992659,0.04245697,0.02003556,0.00325812,0.09600179,0.00299099,0.00211118,0.00144592,0.01939430,0.00088954,0.15185295,0.06891725,0.02331720,0.86034918,0.01148794,0.01448879,0.00637948,0.60393488,0.00377189,0.02887378,0.00700564,0.03148175,0.01785928,0.00000000,0.02297659,0.03822538,0.14770189,0.04589033,0.03664292,0.06421108,0.00505047,0.00526783,0.02929641,0.03267718,0.02238024,0.01971152,0.00000000,0.02623229,0.13060819,0.01999495,0.04581559,0.04971962,0.00756539,0.00208341,0.75423646,0.00000000,0.19393009,0.22586162,0.03588115,0.01892974,0.02335803,0.24071182,0.00000000,0.28992432,0.14819051,0.03878519,0.00668732,0.00000000,0.04489559,0.07170776,0.02896401,0.10568065,0.08810617,0.00569862,0.00153294,0.00060976,0.00091694,0.07266427,0.06036816,0.01345759,0.69545490,0.00291940,0.06255889,1.25096869,0.01228094,0.00000000,0.00426077,0.09621566,1.29288960,0.01911957,0.00126003,0.00154036,0.07000705,0.00000000,0.03455579,0.05282667,0.22799020,0.05762459,0.00785490,0.00414997,0.00137481,0.00115649,0.00174657,0.00000000,0.06376021,0.05829905,0.00019768,0.04783875,0.00765286,0.07280291,0.02469657,0.66978371,0.06104169,0.33127001,0.01923112,0.05881996,0.00050445,0.02158915,0.00000000,0.03579695,0.01073884,0.00041402,0.00978777,0.02531213,0.05783317,0.00265376,0.03092187,0.00000000,0.25269699,0.00077160,0.01193731,0.06033847,0.10861705,0.65113640,0.11030608,1.13449252,0.32161024,0.26740029,0.43265712,0.00732764,0.00400733,0.15619497,0.05933433,1.13903773,0.66338426,0.00600045,0.01095782,0.05401376,0.38170478,0.08961680,0.23084417,0.02051640,0.00532260,0.06607456,0.01739223,0.00000000,0.08148849,0.01845949,0.03810009,0.00199795,0.10082678,0.04099378,0.00203414,0.03853471,0.12622795,0.22684507,0.10902396,0.00000000,0.00460267,0.04420915,0.00384433,0.02483630,0.02868781,0.01140145,0.00009753,0.03151017,0.00000000,0.00355894,0.00053793,0.07208921,0.00091080,0.03109126,0.03208003,0.02517854,0.00121260,0.04462643,0.27000919,0.01590341,0.00000000,0.00187181,0.02836880,0.77966172,0.13750501,0.38581860,0.00871799,0.00421124,0.31688240,0.16842586,0.14902942,0.00882825,0.30752677,0.01951672,0.09342034,0.00532924,0.00954220,0.01180923,0.05086523,0.03479943,0.05369999,0.10344163,0.00860502,0.42605910,0.02171549,0.67847037,0.01449213,0.86707664,0.08322109,0.10384440,0.00000000,0.04889236,0.08798224,0.15496755,0.17294940,0.03842934,0.00206702,0.00091272,0.11379363,0.09259383,0.03442205,0.00079083,0.00079957,0.08849657,0.25889876,0.04995435,0.13323121,0.32803318,0.01879980,0.16059071,0.07424285,0.08383118,0.00219003,0.02067955,0.00502766,0.24371298,0.00000000,0.00315423,0.08263083,0.04688854,0.00877384,0.39592186,0.34707564,0.04074197,0.00548032,0.02751618,0.01942637,0.11688901,0.02022869,0.05216257,0.07277883,0.16595608,0.00214888,0.02288793,0.08133084,0.01714663,0.01194884,0.12242915,0.08526461,0.07181388,0.01473429,0.02938434,0.01310828,0.05584025,0.00732190,0.00000000,0.39405584,1.19793701,0.31187841,0.21447849,0.00000000,0.20336562,0.06998123,0.29055130,0.12897614,0.02363015,0.00911054,0.02021828,0.08818790,0.04457881,0.16112068,0.01143753,0.00195983,0.22664714,0.02096165,0.02185353,0.56223893,0.16834788,0.10140070,0.01335731,0.03065673,0.00000000,0.00000000,0.83907759,0.00001426,0.02454630,0.00000000,0.05760786,0.00617836,1.02759790,0.65938783,0.00327860,0.03662523,0.00482772,0.10346700,0.00000000,0.28217256,0.08591613,0.11798272,0.00688293,0.01558946,0.05382175,0.33274376,0.00418958,0.04087579,0.10638459,0.05450654,0.10256781,0.12701623,0.05195718,0.00672564,0.04983136,0.09820846,0.11900876,0.10494979,0.01918606,0.01375872,0.00275088,0.05542237,0.51836818,0.07444339,0.14671871,0.00292116,0.00715815,0.06531030,0.02650896,0.06085821,0.11512834,0.00000000,0.03792962,0.00855255,0.00276874,0.00000000,0.00000000,0.00196716,0.00774548,0.01970901,0.84006047,0.00068201,0.15399669,0.05037845,0.00003668,0.28214222,0.08475789,0.00083380,0.17639671,0.00000000,0.00337361,0.08908015,0.00578606,0.01471742,0.00911777,0.00390662,0.48481131,0.00000000,0.05566385,0.01987541,0.23945537,0.56757694,0.00249224,0.01959223,0.00550891,0.33407646,0.23116305,0.06813139,0.00000000,0.00000000,0.00338415,0.02938810,0.23393661,0.58547664,0.23967910,0.01069135,0.00301692,0.00010946,0.00007471,0.62154889,0.03189660,0.13827759,0.00000000,0.00330559,0.11165800,0.00056221,0.19564915,0.01967840,0.00188537,0.00094104,0.00000000,0.21152663,0.18636991,0.23459305,0.11904744,0.00128587,2.35894203,0.00000000,0.00309025,0.00255317,0.65577662,0.02103435,0.08881829,0.32977450,0.00948943,0.00000000,0.63800257,0.01209983,0.02124499,0.00337577,0.01095804,0.01333917,0.00739659,0.21437258,0.00000000,0.07084568,0.00527442,0.02854907,0.02843866,0.02220958,0.08838303,0.04299619,0.01252365,0.00113194,0.00705119,0.05790600,0.07030319,0.01337395,0.02028145,0.00371012,0.01027048,0.07238518,0.01031737,0.16950022,0.00000000,0.00000000,0.02119325,0.04684778,0.32876670,0.05451178,0.03458720,0.10318091,0.10368670,0.00035411,0.00538392,0.03488212,0.05232025,0.45497116,0.22023189,0.04395235,0.01260405,0.88513243,0.00343237,0.01285102,0.00016261,0.03029612,0.20985681,0.19720948,0.02932765,0.12748371,0.00000000,0.00639832,0.00000000,0.00541690,0.45528904,0.11423639,0.00000000,0.01690247,0.09674279,0.00117801,0.46740848,0.00436056,0.01999060,0.11093529,0.01550773,0.14124630,0.97909153,0.17989375,0.02957826,0.00000000,0.00270942,0.19435850,0.01387403,0.00000000,0.02010853,0.00043298,0.06252673,0.19190066,0.32945287,0.00414456,0.02002719,0.02675551,0.02846203,0.19484939,0.11028856,0.02386780,0.22763595,0.00000000,0.10638919,0.28754872,0.10154041,0.09229040,0.07793427,0.00000000,0.14016783,2.06760526,0.02615535,0.02363632,0.11566406,0.04164587,0.00000000,0.07121277,0.12311879,0.05981543,0.00608262,0.10022695,0.00887779,0.29504108,0.00201608,0.00000000,0.00454473,0.00329225,0.00420044,0.16112278,0.61741304,0.01768411,0.02501138,0.04725521,0.13136832,0.04630476,0.06083088,0.00394165,0.00000000,0.02868186,0.20622256,0.04809435,0.01287344,0.00326979,0.01070684,0.01017101,0.08352263,0.43828532,0.65824020,0.00173794,0.09790396,0.10820055,0.22865659,0.00475766,0.00638180,1.50574720,0.59095931,0.00462906,0.55286372,0.00248632,0.02456322,0.21596329,0.00279050,0.03292024,0.09737788,0.02409838,0.02812920,0.00000000,0.01616880,0.00125934,0.44655317,0.00219639,0.00345909,0.01169930,0.20905207,0.00093254,0.00202150,0.01344076,0.20905745,0.00252511,0.00339317,0.00052994,0.21435587,0.00000000,0.10964300,0.00248079,0.05158386,0.02805556,0.04283726,0.01652995,0.05085828,0.02517327,0.07395597,0.01727647,0.00882918,0.00012881,0.00429894,0.00424824,0.02059089,0.00851807,0.00565538,0.24566439,0.01805516,0.01906257,0.10901894,0.00727362,0.06314317,0.29341280,0.01358659,0.11171143,0.11026858,0.09771997,0.09296195,1.97862625,0.01224429,0.02095076,0.01173585,0.00484168,0.00309458,0.56066316,0.41701424,0.00280583,0.08122205,0.78849870,0.01516308,0.00856680,0.00572389,0.00631686,0.01312370,0.45418555,0.02065569,0.00294718,0.04337718,0.02219483,0.00496283,0.00000000,0.00000000,0.11977649,0.13265312,0.00000000,0.03364994,0.24458200,0.00686290,0.35809258,0.45953527,0.00000000,0.17638680,0.00000000,0.03162459,0.03533877,0.15888819,0.01201051,0.07223035,0.00000000,0.02031659,0.03205447,0.00000000,0.00041665,0.00636961,0.25214335,0.02891785,0.06149878,0.05311549,0.14954063,0.19297858,0.01448789,0.01338260,0.02249387,0.03596635,0.17316444,0.15424658,0.23947740,0.05618812,0.03542162,0.33405066,0.00000000,0.20855379,0.00577863,0.29365391,0.00743917,0.01901644,0.05681682,0.04654712,0.09062012,0.00876923,0.00093656,0.00192494,0.01805498,0.00815796,0.00109957,0.14629762,0.00552594,0.00475364,0.02132746,0.78322822,0.04219297,0.04648882,0.29763499,0.04555636,0.00088057,0.25998428,0.05612804,0.01257068,0.00136063,0.00389132,0.00017002,0.28206444,0.28615311,0.02054180,0.22334379,0.00940759,0.02642195,0.02050199,0.00087658,0.18550645,0.00000000,0.05990617,0.04622117,0.00000000,0.03882369,0.14741310,0.07671681,0.34538484,0.01344277,0.28287151,0.08741065,0.18547097,0.01686031,0.23137610,0.04823127,0.00000000,0.02521653,0.00762132,0.90077275,0.00373267,0.01084187,0.26301241,0.00000000,0.07503335,0.08904238,0.00000000,0.00000000,0.00070820,0.00808566,0.01328904,0.00016804,0.00000000,0.00000000,0.02348625,0.00000000,0.00000000,0.03537521,0.96345192,0.00480101,0.00382887,0.15337710,0.13674417,0.05246653,0.00210747,0.11599097,0.19797111,0.01031300,0.00832042,0.00010895,0.00000000,0.03310616,0.19613734,0.07725485,0.00000000,0.00230652,0.00000000,0.00000000,0.07401644,0.00000000,0.02648345,0.00000000,0.00062176,0.02608759,0.27199048,0.06353903,0.00765099,0.00452891,0.04310282,0.00000000,0.02240236,0.00615877,0.07268094,0.19772084,0.01705804,0.02000897,0.12534560,0.05783585,0.07539581,0.02494216,0.01538493,0.14210470,0.10549325,0.13628867,0.00308597,0.00947249,0.04396397,0.04940715,0.00000000,0.04850969,0.02863715,0.13772839,0.01187861,0.04524949,0.09144185,0.01819299,0.04113187,0.00203613,0.01447482,0.00000000,0.20487125,0.01876909,0.02333641,0.00000000,0.00472928,0.03936838,0.06599797,0.25076476,0.00484294,0.00000000,0.37873018,0.00070424,0.07954402,0.07005942,0.84315377,0.09209103,0.05026773,0.02473783,0.13060619,0.00321891,0.02902441,0.00141838,0.00000000,0.75367057,0.00129244,0.00830653,0.06177949,0.52888650,0.02371175,1.34046328,0.00379793,0.05243365,0.05436425,0.00922680,0.14188068,0.01467070,0.08505166,0.00487621,0.36240727,0.20910531,0.00491246,0.13931760,0.02229583,0.00534027,0.00000000,0.05037345,0.02601249,0.00527692,0.44909760,0.00182435,0.01309901,0.03319268,0.00000000,0.55589652,0.00000000,0.00036751,0.00477384,0.00000000,0.10845520,0.00000000,0.13544060,0.01637596,0.00089475,0.27401924,0.00314627,0.23989376,0.01806299,0.01583610,0.00270823,0.03046618,0.28611308,0.00329693,0.03619203,1.11812782,0.05566166,0.00000000,0.00707244,0.00172483,0.00924384,0.02180787,0.06846619,0.00000000,0.00400744,0.10229599,0.09139576,0.13490525,0.03081894,0.16187431,0.01322625,0.20584941,0.00561187,0.04200269,0.00000000,0.00000000,0.15024695,0.00001835,0.00186687,0.02272046,0.19418162,0.30936480,0.06517000,0.44852915,0.10341725,0.06419542,0.00642213,0.28034475,1.32687855,0.01454079,0.74919528,0.11410964,0.26746750,0.06574245,0.00718988,0.00128431,0.06594306,0.00000000,0.00655424,0.00687770,0.02089522,0.29435351,0.13441616,0.00331563,0.00062498,0.05710891,0.00000000,0.04274017,0.01925867,0.12456280,0.03430275,0.00238485,0.02029030,0.01956263,0.00098182,0.00402884,0.56712747,0.50165665,0.01197328,0.04434861,0.08507352,0.01902587,0.00478947,0.00108514,0.01036549,0.46563432,0.13517317,0.33186030,0.21014181,0.58475262,0.01947757,0.03214977,0.02290659,0.01078372,0.00625970,0.00883044,0.00098695,0.04532201,0.00088864,0.08293062,0.01651824,0.02067891,0.00290505,0.03159883,0.07162092,0.01122937,0.31294885,0.01107155,0.04310858,0.02727394,0.04574054,0.02099434,0.03181571,0.24377927,0.13817343,0.00735485,0.04680568,0.04328546,0.00118386,0.39582020,0.04509231,0.02744902,0.03073902,0.25868428,0.02021271,0.01946453,0.02256442,0.08248205,0.03322122,0.00420051,0.00187009,0.00856669,0.02230235,0.03301230,0.00000000,0.06320415,0.26669151,0.02169963,0.00273378,0.02837799,0.00216548,0.00494595,0.06591771,0.00182368,0.28790590,0.00000000,0.01302195,1.28791487,0.01824951,0.53931743,0.00485411,0.02860538,0.33079511,0.09959509,0.05094372,0.15506291,0.00463880,0.00551105,0.15253958,0.00000000,0.08820999,0.25490186,0.00555000,0.06214959,0.24301314,0.00749142,0.03824268,0.01050521,0.01757284,0.02099542,0.00543489,0.02741250,0.02570365,0.10850641,0.06860904,0.18173251,0.01587627,0.02000488,0.00558277,0.00622503,0.01027620,0.26375395,0.16555296,0.57358158,0.03896618,0.02925382,0.03801864,0.42267773,0.01750432,0.00907060,0.01174250,0.01539883,0.00000000,0.05740063,0.00000000,0.00179753,0.01151754,0.06176317,0.13197987,0.01039101,1.34799659,0.00000000,0.00217454,0.00951193,0.10664188,0.52999675,0.00000000,0.22112066,0.03743850,0.02238507,0.22432816,0.00000000,0.02043425,0.00000000,0.00960420,0.02880524,0.01281810,0.04928065,0.04874010,0.00708623,0.04643239,0.00404038,0.10439385,0.12816429,0.00630765,0.02837934,0.14657912,0.08575961,0.03390868,0.07306295,0.05232265,0.10413794,0.17278092,0.05382423,0.02116903,0.03180607,0.08916512,0.07176385,0.04561605,0.62627745,0.18699403,0.83390659,0.03412571,0.00000000,0.00043609,0.00683728,0.02055504,0.07589313,0.03644964,0.05101868,0.76350975,0.32056737,0.09917746,0.01085848,0.00785106,0.05584174,0.46683437,0.04798383,0.12939018,0.01787228,0.00244429,0.21079159,0.01126973,0.26970792,0.04408140,0.06165265,0.06967187,0.03295306,0.00447411,0.30127397,0.00669299,0.05124305,0.01204174,0.21488096,0.00391493,0.56243634,0.00128679,0.10485065,0.09095736,0.05168780,0.00000000,0.03121319,0.01796179,0.02815071,0.41391420,0.80892563,0.10709127,0.04014955,0.00825717,0.00510235,0.00597214,0.00870964,0.74219054,0.00000000,0.01426636,0.02433344,0.00212959,0.09879640,0.00087931,0.00022233,0.20873353,0.00036681,0.02454232,0.00000000,0.15052484,0.00000000,0.09084382,0.00183101,0.00248952,0.00391876,0.02934901,0.16691436,0.01635236,0.29962415,0.00352171,0.00122695,0.02927719,0.38150871,0.04899643,0.00194755,0.00132684,0.00300909,0.00469115,0.38857976,0.01314370,0.05724956,0.00129378,0.00327150,0.01585114,0.46404573,0.01528349,0.01884411,0.00000000,0.02240388,0.00950476,0.13694875,0.05171348,0.03009745,0.14466166,0.09996704,0.01717900,0.00284910,0.54567194,0.01107346,0.26954266,0.06862798,0.17564565,0.00002457,1.15941930,0.00144335,0.35099447,0.02750138,0.00093184,0.12559776,0.04449041,0.06874488,0.00000000,0.00203127,0.00402341,0.02836529,0.01343260,0.01917627,0.00013200,0.31726328,0.07505837,0.00000000,0.00245072,0.02347161,0.08143396,0.15523662,0.00037950,0.07146899,0.00583630,0.02399841,0.01741893,0.33342540,0.11008834,0.03623135,0.04846063,0.00014637,0.15980747,0.00337195,0.28444874,0.00391283,0.01700576,0.03168286,0.98452342,0.00139121,0.03414678,0.00016725,0.12568296,0.02508009,0.06864717,0.07416793,0.01101971,0.00842753,0.00344571,0.02027038,0.00021794,0.01310602,0.24963368,0.00000000,0.13459304,0.02891385,0.00906656,0.76520652,0.00472327,0.02893809,0.10107354,0.01219782,0.00101736,0.00449914,0.06103912,0.04841231,0.00000000,0.00000000,0.01961734,0.09832553,0.00000000,0.00691304,0.10434145,0.28108627,0.08016446,0.07123310,0.03880671,0.00907354,0.02755317,0.03864603,0.01886477,0.00000000,0.00000000,0.03476230,0.08928771,0.37246916,0.00363881,0.54740936,0.00000000,0.00567757,0.35900429,0.00000000,0.67412060,0.00392706,0.14912684,0.17324193,0.00006014,0.00000000,0.02092313,0.21392912,0.00703132,0.07198974,0.00224467,0.68881083,0.00038448,0.01829730,0.06201645,0.16846666,0.00763946,0.01925598,0.00000000,0.00073917,0.40199009,0.01495176,0.00000000,0.01322722,0.33357120,0.18541837,0.20252877,0.00000000,0.01918713,0.00171764,0.00470310,0.04373235,0.13743602,0.05902737,0.12439518,0.04548942,0.05047764,0.00000000,0.00397566,0.01246754,0.00944761,0.12078770,0.00501390,0.11991370,0.19068374,0.00000000,0.00042941,0.00284030,0.11438071,0.00112290,0.04110818,0.03586705,0.00000000,0.02662637,0.00205908,0.00000000,0.01536784,0.04486788,0.17408280,0.00990224,0.00811197,0.17391691,0.03720152,0.00243133,0.10369528,0.02061318,0.06836179,0.05117051,0.07478030,0.00085492,0.02468899,0.00000000,0.13996147,0.00709782,0.22713459,0.08139409,0.93270421,0.02532017,0.35655305,0.00727138,0.02437965,0.10649161,0.12657887,0.01019626,0.30685684,0.09115633,0.01820231,0.07803569,0.20510694,0.03216224,0.00000000,0.16519742,0.00000000,0.06130124,0.20909855,0.01502500,0.03059308,0.08697776,0.01494571,0.00381110,0.15736061,0.07965340,0.00897208,0.18509755,0.99127722,0.00000000,0.03289975,0.00810787,0.15057451,0.38051382,0.00660925,0.00505691,0.01388424,0.00114756,0.03526961,0.17029440,0.13600710,0.03584754,0.00995036,0.02289511,0.03177679,0.03713797,0.13515684,0.04037280,0.45632312,0.01088870,0.04831778,0.00044542,0.00000000,0.00000000,0.02402485,0.00967598,0.06180779,0.00260024,0.00000000,0.19093001,0.09737235,0.14853445,0.13046515,0.01140834,0.10225488,0.00141413,0.00385100,0.47084516,0.10893668,0.07858608,0.00000000,0.08047129,0.04298539,0.12589224,0.21924779,0.01150573,0.02742611,0.42848334,0.05998157,0.04656775,0.08501639,0.15744002,0.21975118,0.07811543,0.20167246,0.08131378,0.00693972,0.01513950,0.00000000,0.34320235,0.10044996,0.04598016,0.00763078,0.00788455,0.01575708,0.00120137,0.11305621,0.00917610,0.02226485,0.05353662,0.00377017,0.00397377,0.35483435,0.00523723,0.27288318,0.00011783,0.00000000,0.08470557,0.15770420,0.01982081,0.13295954,0.15377438,0.04706176,0.04635067,0.00242492,0.10756325,0.03567851,0.05431093,0.00020745,0.04606652,0.11060484,0.02604061,0.02479351,0.00696174,0.48130995,0.01367485,0.07886125,0.01268197,0.01615042,0.00790831,0.00473032,0.21835862,0.04772295,0.09996305,0.00883526,0.05066080,0.02227442,0.03381486,0.01244144,0.07651411,0.03070073,0.01768968,0.01273310,0.07114673,0.00000000,0.14699572,0.00038503,0.01021825,0.03149251,0.00881243,0.02002440,0.29570991,0.09423900,0.00000000,0.05366668,0.03869066,0.03346294,0.00761756,0.03964633,0.16578177,0.00624348,0.03448868,0.23615879,0.10795414,0.08729302,0.00534445,0.02579159,0.01732016,0.03085325,0.01426710,0.02271452,0.02690081,0.00263483,0.18471244,0.04081842,0.06823657,0.09457410,0.14082336,0.03918668,0.03125919,0.00926117,0.01765668,0.00000000,0.00445573,0.02589230,0.67640078,0.00000000,0.00083020,0.07559621,0.06303687,0.00451974,0.14764930,0.21695307,0.00928297,0.00090956,0.05720356,0.00168172,0.03071633,0.09518857,0.02727483,0.02501517,0.00466838,0.14054553,0.01936880,0.03595481,0.00000000,0.00000000,0.00559632,0.00000000,0.62787187,0.00326683,0.06039770,0.05065168,0.20654608,0.17110613,0.00377465,0.00661967,0.09281557,0.02391463,0.23433395,0.08516429,0.06064904,0.02170655,0.01640131,0.00389957,0.03168301,0.13490386,0.08597272,0.01498938,0.21033429,0.51467341,0.04987497,0.00466169,0.00377027,0.06136836,0.18326907,0.03971849,0.02439206,0.00787343,0.01290703,0.02046722,0.01527192,0.01601394,0.12817118,0.05680569,0.02574701,0.16501841,0.02180705,0.04482909,0.06180728,0.26303047,0.15399404,0.10338274,0.01045631,0.02286812,0.00676425,0.00616659,0.01959164,0.00721368,0.09479821,0.01494517,0.05578049,0.24690942,0.00909895,0.02615167,0.31060448,0.04620592,0.10363862,0.03001486,0.11540990,0.05777599,0.09441028,0.71866232,0.33497813,0.03392057,0.03064319,0.01283994,0.02439576,0.40849864,0.00393189,0.01359941,0.03394434,0.02410729,0.13571873,0.08551760,0.05045632,0.00170630,0.00112382,0.02339018,0.01256697,0.02960047,0.00744088,0.04945456,0.04643288,0.40870762,0.00000000,0.00286152,0.01543389,0.00670598,0.01630338,0.22677666,0.00403098,0.00000000,0.08734239,0.13879341,0.03158546,0.04642388,0.01227839,0.03403166,0.01011639,0.06283619,0.01634781,0.00295339,0.03279139,0.02651521,0.00327263,0.09229382,0.06398261,0.24724613,0.38822755,0.00431322,0.00000000,0.00897260,0.01561807,0.05428189,0.04271263,0.01472308,0.09015856,0.12101996,0.00000000,0.02818624,0.02053615,0.03241670,0.20679466,0.11273159,0.00806904,0.16841523,0.00073766,0.01096004,0.09443939,0.09090026,0.04581390,0.05115192,0.15229802,0.03580210,0.01494005,0.10800397,0.16181599,0.05558093,0.03157746,0.00455832,0.04450547,0.04274734,0.13268590,0.03144787,0.00356114,0.19738236,0.00792667,0.07300512,0.03390545,0.08327876,0.08893528,0.01884007,0.25018242,0.05373999,0.00249403,0.35401440,0.04492718,0.02368390,0.00539068,0.04288102,0.00000000,0.32655293,0.13217895,0.26003495,0.13676029,0.09536507,0.06314560,0.00000000,0.07415868,0.00861225,0.21684943,0.14467624,0.00000000,0.00000000,0.03518430,0.02261332,0.03549170,0.05072263,0.04568573,0.03514378,0.05288443,0.02611944,0.02702362,0.04094958,0.03055550,0.00000000,0.03009318,0.00376690,0.45662537,0.06193521,0.04928968,0.15743105,0.22079726,0.00465155,0.05672018,0.07270723,0.00049844,0.00000000,0.07743551,0.00008921,0.05699918,0.00205902,0.00000000,0.00383331,0.00000000,0.10246900,0.29878682,0.07391389,0.41219145,0.01354456,0.04065143,0.01743133,0.10290886,0.05891866,0.08040350,0.12318965,0.17023866,0.02557316,0.02838803,0.00000000,0.12037415,0.40060115,0.01426141,0.01339808,0.09225084,0.03663487,0.04372540,0.08140890,0.01133186,0.00865100,0.00000000,0.00000000,0.01812050,0.53249484,0.02671200,0.01334897,0.08162355,0.00417586,0.00900729,0.02792332,0.16314571,0.10342774,0.08441819,0.25187045,0.01287748,0.00000000,0.01855987,0.03392084,0.01645565,0.15760508,0.13169740,0.10179615,0.00729030,0.15470472,0.02747962,0.11344451,0.03524331,0.12599844,0.00004453,0.15035877,0.00000000,0.01480245,0.28341657,0.11432023,0.01067100,0.00790356,0.00862622,0.02299431,0.01937204,0.03651743,0.00378061,0.01925970,0.00393096,0.00000000,0.02481108,0.21869527,0.11618451,0.01350673,0.15806338,0.44834444,0.05457222,0.31679481,0.12890907,0.00000000,0.42547035,0.00309343,0.01563378,0.08763898,0.03774453,0.01612091,0.15227862,0.01280431,0.03522416,0.00000000,0.01458724,0.15877135,0.03371989,0.26646608,0.11453628,0.01504197,0.05636553,0.03383290,0.13615023,0.09372381,0.00763606,0.11459360,0.00247135,0.03746388,0.00508252,0.06965261,0.03363742,0.14465974,0.06770802,0.09744505,0.19962043,0.00000000,0.08587016,0.00137289,0.00458824,0.05361852,0.06139364,0.01078845,0.02358120,0.00077251,0.01776975,0.00900923,0.00315061,0.02237733,0.01589898,0.01706543,0.00000000,0.09843174,0.00000000,0.04359569,0.30454579,0.04254057,0.00669852,0.00611426,0.00349899,0.12087990,0.02003744,0.29776919,0.00512782,0.00000000,0.05073291,0.14932564,0.01769681,0.30453002,0.00788951,0.19440579,0.02444279,0.03798105,0.31031719,0.02790287,0.05303405,0.00684680,0.01068596,0.08692295,0.15825802,0.00407101,0.00921773,0.00139538,0.02504504,0.22593114,0.00864232,0.18842353,0.15399493,0.07124378,0.00104886,0.19229428,0.04427757,0.53212231,0.00367638,0.01761686,0.36499506,0.11512811,0.03204703,0.05338402,0.00038374,0.24000731,0.07951580,0.00000000,0.02738510,0.01329016,0.00012764,0.00000000,0.15953298,0.01614468,1.20652735,0.04619594,0.00000000,0.01902173,0.00000000,0.00951263,0.49818197,0.02160566,0.01103602,0.02462146,0.19008669,0.08961633,0.10550598,0.00238256,0.00000000,0.00434144,0.00037728,0.03205803,0.02509848,0.01986527,0.01399360,0.06105209,0.06048165,0.28067985,0.07993650,0.08189282,0.00000000,0.11060125,0.02061852,0.04474294,0.00235579,0.15879647,0.00774472,0.19792347,0.12955223,0.01030806,0.25580609,0.03323747,0.00000000,0.01633207,0.04271642,0.01885229,0.03336472,0.03380509,0.17580809,0.08283287,0.07138998,0.00147440,0.21629982,0.14192592,0.34017676,0.00220955,0.00000000,0.04065143,0.16435592,0.00943745,0.00905169,0.54253548,0.03476200,0.32727367,0.01807665,0.09284683,0.11642393,0.05939710,0.01660615,0.00682855,0.09125117,0.00472791,0.00498276,0.00284454,0.02376939,0.00194272,0.13281445,0.12196075,0.03246460,0.44454333,0.01828018,0.03119245,0.00910924,0.29083839,0.00710067,0.03816419,0.01010789,0.04058808,0.04706002,0.00000000,0.03860465,0.04411331,0.08901256,0.04355108,0.05733801,0.04860434,0.00715240,0.01060128,0.03861240,0.05726747,0.03950668,0.01676328,0.00000000,0.02487608,0.31692797,0.04719837,0.08238599,0.03109763,0.00786767,0.00551218,0.28911552,0.00000000,0.26198408,0.28558993,0.05465664,0.02234995,0.02620392,0.20406036,0.00000000,0.11914103,0.11012027,0.04594554,0.01163766,0.00000000,0.05473636,0.07781295,0.02122347,0.11467399,0.06805361,0.00745738,0.00405579,0.00112624,0.00235076,0.09214718,0.07950407,0.00999042,0.67575735,0.00450768,0.06206515,0.65861380,0.02373883,0.00000000,0.00716000,0.16022022,0.17157525,0.04270162,0.00278144,0.00307616,0.17316508,0.00000000,0.04777575,0.03476920,0.11617061,0.09793484,0.01757475,0.00795902,0.00363740,0.00305977,0.00462099,0.00000000,0.09442077,0.07014321,0.00052301,0.03407194,0.01277679,0.06119569,0.02303568,0.19554134,0.04797139,0.25229692,0.03019965,0.09125275,0.00133466,0.02946110,0.00000000,0.04296515,0.01028707,0.00109540,0.01078670,0.05280189,0.06731579,0.00487641,0.05149082,0.00000000,0.24209438,0.00204145,0.03158315,0.11404309,0.12133864,0.29461423,0.05297112,0.23570903,0.37291494,0.23255980,0.19914129,0.01129557,0.00608962,0.16000175,0.10644814,0.26068702,0.40518788,0.01385232,0.02018299,0.02601887,0.43920496,0.12157077,0.20233355,0.02858542,0.00797343,0.08734333,0.03112024,0.00000000,0.12570724,0.04604966,0.06995327,0.00528609,0.09294257,0.02689221,0.00393933,0.02666657,0.13448484,0.15794635,0.09656088,0.00000000,0.00676647,0.05337837,0.00531739,0.06571066,0.03568275,0.02125213,0.00025804,0.04767873,0.00000000,0.00941607,0.00142322,0.07058220,0.00240976,0.03852994,0.01610947,0.03700770,0.00320824,0.06038815,0.34212849,0.01911036,0.00000000,0.00350574,0.04053024,0.27508351,0.15044382,0.22924249,0.01600615,0.01114189,0.25398207,0.24669148,0.14513572,0.01216134,0.19219983,0.03084496,0.14184757,0.00938637,0.01903729,0.01385447,0.05825616,0.05138005,0.05807951,0.10231299,0.01459787,0.25769985,0.03698264,0.46481359,0.02123558,0.56672138,0.03569800,0.13596503,0.00000000,0.04992628,0.09813607,0.15848103,0.09390218,0.03075548,0.00546881,0.00151931,0.12533849,0.04612927,0.06885181,0.00209233,0.00211546,0.07337712,0.09920453,0.05168007,0.12206040,0.50306982,0.03001409,0.08944014,0.09068814,0.03435362,0.00519840,0.04858890,0.01050790,0.14960410,0.00000000,0.00758536,0.06812074,0.04024344,0.01696537,0.32323715,0.18313874,0.07941279,0.00993163,0.02569786,0.03685362,0.12674221,0.02108273,0.06732365,0.04011615,0.21243376,0.00318587,0.02100446,0.06538114,0.03542013,0.01303000,0.11329405,0.13881540,0.10931028,0.01671612,0.04631666,0.02165549,0.08799342,0.00671444,0.00000000,0.43647927,0.30487776,0.16685773,0.14138637,0.00000000,0.06954614,0.05698597,0.21408065,0.13683043,0.03223755,0.02021016,0.04478225,0.04282046,0.01863176,0.14767794,0.01626331,0.00289792,0.17788899,0.02770244,0.04282457,0.43856049,0.11006822,0.14629598,0.02055561,0.04125962,0.00000000,0.00000000,0.63450897,0.00003774,0.02103741,0.00000000,0.09963445,0.01634640,0.58125699,0.31125131,0.00842244,0.04017508,0.01256396,0.07229786,0.00000000,0.12362877,0.14983158,0.11560888,0.00700024,0.03214285,0.03361248,0.17741914,0.00559536,0.10814717,0.04250024,0.09333344,0.11533910,0.03674795,0.12917948,0.01486133,0.04545239,0.17427440,0.11578102,0.13089906,0.03345520,0.02833914,0.00727813,0.07052366,0.42768660,0.04618902,0.17464812,0.00506895,0.01893870,0.05625673,0.02396163,0.06032323,0.04959683,0.00000000,0.04288254,0.01033087,0.00732541,0.00000000,0.00000000,0.00452110,0.00856635,0.02370382,0.32238880,0.00180442,0.28228319,0.04028571,0.00009705,0.20631567,0.04590353,0.00204331,0.20514624,0.00000000,0.00550359,0.03761793,0.01530847,0.02061067,0.02055510,0.00721688,0.25898582,0.00000000,0.05886431,0.02525608,0.15881835,0.63431406,0.00625842,0.03503784,0.00745021,0.16975027,0.22474414,0.07244826,0.00000000,0.00000000,0.00680639,0.04148672,0.21453208,0.22269283,0.32779118,0.01137535,0.00411827,0.00028960,0.00019767,0.16582982,0.03483476,0.15771587,0.00000000,0.00863808,0.12417994,0.00115654,0.22858064,0.01460238,0.00395698,0.00248976,0.00000000,0.17733380,0.16021284,0.18029752,0.12178621,0.00340208,0.35597655,0.00000000,0.00666312,0.00607146,0.44877443,0.03357313,0.04048401,0.25205609,0.01495550,0.00000000,0.36723596,0.01960918,0.04276830,0.00893144,0.01926012,0.01671298,0.01956953,0.12176736,0.00000000,0.06884259,0.01194980,0.04019569,0.03599254,0.03980044,0.06616277,0.04561184,0.01353904,0.00299482,0.01145304,0.04773504,0.05983351,0.01861283,0.02048204,0.00764261,0.02198870,0.12206511,0.01830496,0.06814718,0.00000000,0.00000000,0.04081774,0.04424560,0.27407324,0.08813924,0.05529402,0.05084752,0.11469291,0.00093688,0.01424451,0.05847865,0.10713672,0.53293365,0.17563854,0.04605976,0.01153561,0.16616413,0.00640753,0.02578419,0.00043023,0.07216065,0.35176575,0.10861196,0.06433651,0.11555806,0.00000000,0.01518516,0.00000000,0.00710521,0.43716434,0.06042527,0.00000000,0.02999649,0.07623135,0.00232160,0.40970266,0.00643375,0.03085375,0.07934892,0.01736635,0.09952027,0.46246791,0.19939290,0.01990182,0.00000000,0.00528229,0.09227534,0.03324918,0.00000000,0.02524688,0.00114557,0.10692920,0.20914383,0.27969304,0.00573553,0.02295157,0.04960720,0.02869808,0.24307831,0.11396003,0.03278125,0.18242355,0.00000000,0.19871239,0.15796287,0.12863633,0.05909658,0.04117400,0.00000000,0.08205096,1.10519373,0.03103848,0.03444619,0.06453534,0.08415230,0.00000000,0.06740027,0.06983059,0.09524190,0.01115119,0.05522621,0.01340485,0.16204484,0.00533405,0.00000000,0.00530587,0.00800315,0.00921671,0.16223793,0.35246533,0.03876568,0.05087268,0.06393682,0.12163456,0.03453668,0.08109948,0.00489955,0.00000000,0.07531176,0.11977899,0.05363395,0.03004771,0.00670714,0.02032890,0.01396608,0.17405872,0.19437985,0.28767151,0.00285862,0.22716637,0.10723770,0.13310181,0.00825824,0.01257608,0.35941240,0.26694012,0.01060062,0.24771723,0.00440073,0.04430106,0.09164742,0.00450457,0.06330726,0.07531954,0.05421453,0.04215582,0.00000000,0.01532311,0.00182076,0.14516361,0.00404295,0.00819835,0.01917016,0.13885401,0.00165041,0.00534838,0.01505839,0.14607415,0.00565417,0.00639650,0.00140209,0.11370448,0.00000000,0.07267251,0.00495513,0.08031484,0.04606176,0.10647497,0.02855824,0.03577834,0.03162630,0.07853214,0.02585367,0.00844694,0.00034081,0.00838616,0.00724534,0.02715706,0.01760357,0.01496274,0.13715756,0.01689340,0.05043482,0.05055970,0.01444960,0.06038816,0.15340680,0.02442099,0.11010907,0.04789581,0.06693632,0.12042791,0.82639158,0.03239534,0.03654166,0.03010532,0.01184448,0.00818749,0.58926368,0.38599193,0.00730006,0.05540142,0.30612546,0.01809231,0.01918533,0.01183980,0.01311949,0.01708634,0.42628971,0.02653277,0.00779750,0.04766228,0.05872199,0.00939968,0.00000000,0.00000000,0.07967795,0.23447599,0.00000000,0.03744476,0.11627176,0.01815752,0.26879582,0.05901111,0.00000000,0.13271338,0.00000000,0.04870312,0.04223967,0.14398107,0.02107430,0.08573979,0.00000000,0.03596766,0.05560577,0.00000000,0.00110235,0.00903661,0.22016837,0.02897905,0.10929570,0.13335767,0.15508191,0.09317929,0.02605977,0.01323155,0.03107183,0.03554217,0.07287408,0.11166545,0.17725314,0.04940009,0.05269792,0.43760744,0.00000000,0.23845634,0.00975804,0.19894139,0.01728513,0.02109856,0.07116707,0.05063210,0.16129807,0.01284836,0.00247789,0.00509290,0.04041415,0.00794071,0.00290918,0.16009812,0.01187938,0.01200081,0.03285476,0.48655981,0.08835132,0.07543433,0.27670351,0.03260988,0.00232976,0.12165667,0.06370374,0.02204993,0.00359989,0.01029547,0.00044984,0.15697633,0.27826709,0.05343706,0.29954377,0.01862835,0.04248989,0.05135536,0.00231922,0.17810662,0.00000000,0.06475745,0.04345862,0.00000000,0.04852319,0.12633039,0.11045625,0.14280486,0.01611145,0.09300701,0.04926225,0.09296784,0.04287848,0.18974651,0.05159846,0.00000000,0.02545595,0.02016412,0.33828834,0.00577228,0.01355238,0.30226755,0.00000000,0.08640388,0.06171992,0.00000000,0.00000000,0.00187373,0.01578992,0.02133155,0.00044460,0.00000000,0.00000000,0.05752163,0.00000000,0.00000000,0.05910401,0.51599348,0.00705200,0.01013022,0.07845835,0.12458039,0.05361896,0.00397031,0.18242067,0.11432773,0.02728564,0.00933651,0.00028824,0.00000000,0.01730360,0.25079775,0.17879306,0.00000000,0.00371134,0.00000000,0.00000000,0.09528497,0.00000000,0.03489534,0.00000000,0.00164503,0.04461277,0.26954859,0.04832202,0.01239041,0.00767735,0.03011901,0.00000000,0.01705133,0.01071647,0.05636511,0.15692815,0.01377935,0.01669431,0.10803422,0.02789823,0.07095365,0.02814613,0.03174123,0.28231546,0.12306599,0.12926574,0.00532384,0.01691066,0.05952219,0.06331389,0.00000000,0.03038662,0.05508705,0.05563407,0.01620617,0.03531337,0.05319158,0.02346096,0.07887252,0.00538711,0.02892080,0.00000000,0.17890857,0.02827639,0.02836666,0.00000000,0.00970949,0.05634120,0.08138636,0.08617578,0.01059408,0.00000000,0.19016224,0.00186324,0.07642934,0.07318411,0.67856002,0.09007188,0.05248369,0.01979994,0.13383642,0.00851644,0.07153156,0.00291640,0.00000000,0.37058002,0.00281861,0.01895969,0.05063008,0.26965740,0.04169146,0.73534507,0.01004839,0.03770545,0.05810585,0.02441182,0.20249493,0.01991525,0.09529941,0.00630067,0.16106446,0.15608224,0.00856984,0.22444493,0.02205489,0.00941047,0.00000000,0.08744970,0.01611021,0.00928729,0.27382347,0.00416656,0.02478118,0.04778565,0.00000000,0.35643429,0.00000000,0.00069241,0.00871532,0.00000000,0.06387419,0.00000000,0.09137169,0.01977230,0.00197726,0.18522641,0.00469189,0.26674172,0.03521668,0.01973754,0.00716531,0.03631511,0.14219370,0.00872284,0.03601789,0.29178384,0.05483923,0.00000000,0.00625580,0.00392486,0.01502515,0.03029261,0.05672046,0.00000000,0.00900900,0.23941647,0.04884464,0.09122697,0.02890476,0.17149168,0.02141630,0.11648338,0.00937038,0.03918312,0.00000000,0.00000000,0.16037132,0.00004855,0.00261433,0.02137607,0.13139629,0.19712447,0.04326422,0.32333186,0.18507236,0.03440247,0.01206707,0.14987017,0.58043736,0.02290864,0.47259256,0.14189078,0.18689939,0.09516989,0.01902263,0.00339796,0.17009395,0.00000000,0.01522897,0.01397457,0.02506833,0.07991625,0.10186446,0.00597963,0.00135907,0.02811863,0.00000000,0.06356063,0.03403555,0.06421307,0.03771124,0.00630973,0.01636280,0.02268154,0.00106362,0.00546290,0.49960110,0.25782561,0.01457327,0.03767059,0.08922990,0.02398755,0.00891824,0.00287102,0.01739909,0.16957812,0.12575458,0.25734219,0.27582332,0.39412245,0.02205786,0.06267010,0.03835103,0.01075029,0.01656162,0.02336316,0.00261121,0.08460648,0.00235112,0.07822409,0.02269599,0.02412388,0.00654248,0.04114890,0.04749180,0.02971011,0.22608019,0.00964840,0.04706651,0.02927716,0.05209677,0.03181795,0.06348541,0.25554955,0.16404082,0.00846655,0.07424953,0.03203712,0.00313220,0.18585163,0.05989237,0.04228145,0.03253702,0.19284591,0.02018137,0.02266857,0.03094964,0.09097501,0.03974373,0.00906253,0.00494778,0.00927238,0.02491450,0.04239845,0.00000000,0.07825894,0.40752685,0.05156786,0.00613996,0.04352304,0.00572931,0.00647374,0.07019959,0.00482500,0.24428497,0.00000000,0.02172416,0.45246449,0.03193581,0.63455868,0.00844300,0.05919666,0.16103572,0.05632832,0.06925446,0.11919110,0.00995714,0.00515768,0.11240413,0.00000000,0.16884473,0.26503474,0.01282893,0.08251626,0.32482642,0.01504731,0.07797149,0.02762693,0.02381469,0.02318962,0.01140280,0.02628565,0.06436701,0.07603621,0.07241108,0.12530504,0.02776737,0.02163668,0.01223549,0.01355582,0.02718828,0.22990465,0.10194393,0.30496868,0.06748591,0.04460789,0.02311413,0.20885661,0.03088742,0.01302990,0.02671586,0.02358643,0.00000000,0.04429206,0.00000000,0.00475581,0.01739682,0.04502065,0.09074094,0.01337637,0.25034815,0.00000000,0.00564919,0.01016831,0.14188154,0.25286397,0.00000000,0.24792354,0.05198403,0.04579606,0.17381711,0.00000000,0.03669918,0.00000000,0.01459576,0.05291355,0.02045162,0.03830089,0.05136107,0.01420045,0.08213826,0.00998692,0.08738696,0.07484598,0.01115284,0.03855324,0.09005708,0.05343922,0.04350287,0.05519845,0.05885945,0.16539018,0.09681199,0.03285048,0.01228937,0.03029041,0.03760961,0.11343150,0.06694379,0.72937393,0.11740512,0.59937608,0.06224133,0.00000000,0.00115379,0.01571825,0.02463681,0.04470093,0.05592476,0.03701775,0.49052778,0.17630820,0.09387477,0.02365461,0.00861949,0.14774336,0.56868553,0.04203150,0.09448642,0.03187057,0.00413523,0.26143816,0.01504918,0.14494947,0.03826228,0.07407472,0.08923158,0.08718561,0.00614693,0.16329177,0.01160505,0.05490553,0.02799372,0.29966646,0.00986750,0.18019138,0.00340451,0.10826316,0.08789937,0.08040761,0.00000000,0.01428868,0.03659729,0.03398871,0.54490006,0.58659357,0.06346287,0.04319600,0.01380434,0.00555309,0.01298782,0.01544920,0.32275161,0.00000000,0.01531182,0.03381884,0.00502745,0.08586762,0.00232642,0.00058823,0.14267005,0.00069536,0.02970426,0.00000000,0.37655476,0.00000000,0.06235017,0.00319747,0.00658664,0.00723818,0.02757858,0.26233074,0.02080656,0.33209220,0.00817948,0.00324620,0.02006923,0.28065059,0.04198741,0.00427542,0.00223101,0.00796129,0.00534727,0.30841324,0.01165031,0.04238337,0.00228223,0.00658797,0.02116882,0.58192098,0.02658521,0.02199583,0.00000000,0.01800142,0.01196734,0.05405868,0.07204539,0.01952360,0.09636366,0.12249380,0.03962310,0.00753801,0.22343542,0.02087515,0.16559222,0.04991708,0.12303676,0.00006501,0.34360909,0.00188747,0.32818705,0.04391004,0.00214339
6062,data/pair/6062/RHEED/after rampdown to 300C.MOV,manifest_specified_rheed_path,15.800000,474,8,0.46314162,0.02657950,0.09491125,0.00000000,0.00778910,0.01461268,0.00080783,0.00710877,0.00046655,0.00121360,0.05347819,0.03384176,0.00381333,0.00032475,0.00000000,0.16398990,0.00000000,0.00960182,0.03728015,0.04780395,0.05679865,0.01326884,0.46687379,0.14210415,0.00837169,0.02199872,0.00219559,0.22064231,0.00324651,0.90817297,0.00026360,0.22830100,0.09346305,2.43016005,0.00000000,0.03549233,0.00060396,0.00314798,0.01279221,0.00042799,0.13047983,0.01180813,0.00369238,0.00497793,0.00321020,0.00000000,0.00000000,0.00097017,0.00817033,0.00000000,0.02376902,0.00909599,0.34066319,0.00623130,0.00081811,0.17094919,0.05525785,0.00000000,0.00000000,0.01514792,0.15696396,0.00050663,0.04029934,0.03027808,0.00817896,0.02840679,0.00337175,0.01848057,0.02973361,0.00249411,0.28151730,0.00090497,0.00173079,0.22209033,0.00033491,0.00275385,0.00000000,0.00000000,0.00242878,0.03584743,1.12511647,0.00000000,1.20734918,0.02619634,0.01611952,1.58308268,0.00000000,1.61992979,0.00000000,0.01061023,0.10655999,0.00000000,0.00000000,0.00000000,0.18525419,0.00576765,0.22500168,0.00000000,0.66152161,0.00000000,0.00248241,0.04825111,0.26471633,0.00000000,0.00000000,0.01461090,0.02027373,0.34450516,0.00000000,0.00000000,0.00313593,0.32158157,0.01216648,0.00000000,0.00000000,0.00495905,0.00000000,0.00000000,0.01823239,0.67573464,0.03389847,0.08955121,0.02720716,0.00000000,0.00592801,0.07967664,0.00000000,0.05250837,0.01915949,0.00000000,0.00240773,0.15496467,0.00000000,0.00094052,0.03583604,0.04210632,0.00673954,0.00377295,0.22887991,0.00000000,0.00898859,0.00000000,0.00000000,0.00000000,0.05646453,0.41673607,0.18513560,0.00000000,0.08046663,0.04969684,0.03286286,0.00911274,0.01003994,0.08248605,0.02395070,0.00354297,0.00000000,0.00299651,0.00000000,0.32117990,0.00087695,0.04735959,0.00493365,0.90975785,0.00021179,0.35647920,0.00164232,0.07245631,0.10768137,0.12763081,0.00890736,0.30951375,0.23365526,0.00422943,0.17080650,0.15837190,0.00000000,0.00000000,0.02055477,0.00000000,0.14200832,0.20605962,0.02864281,0.00169567,0.13338482,0.00039898,0.00014445,0.03046046,0.12991388,0.00000000,0.01573673,0.31860197,0.00000000,0.00000000,0.00207761,0.05326529,0.06441009,0.00773567,0.00000000,0.00355691,0.00000000,0.00000000,1.11281765,0.01221417,0.07188540,0.00364382,0.00242464,0.00100166,0.04837830,0.00783101,0.00434270,0.71545702,0.00348511,0.11393899,0.02074626,0.00109786,0.00000000,0.04940215,0.00000000,0.48547783,0.00898697,0.00035756,0.48665291,0.19857018,0.09847356,0.05420744,0.00027063,0.00443042,0.00000000,0.10169030,0.31428668,0.34967914,0.08958527,0.00000000,0.00000000,0.08561833,0.10526230,0.89513290,0.00000000,0.00000000,0.22750957,0.01162292,0.11469907,0.03591927,0.03920191,0.00024921,0.22501825,0.01090568,0.04824435,0.04746775,0.01007712,0.00081758,0.28364342,0.09854999,0.02451066,0.01836634,0.01666476,0.00000000,0.00000000,0.04642680,0.02963733,0.02156944,0.04027804,0.01227390,0.00000000,0.09617808,0.00231504,0.12159435,0.00000000,0.00000000,0.03652519,0.02163271,0.00000000,0.13403396,0.10841770,0.07824509,0.08361208,0.00510862,0.00283648,0.10326777,0.00000000,0.00000000,0.02129396,0.00398288,0.00000000,0.04324882,0.01033530,1.40030670,0.00000000,0.36603835,0.00027931,0.07214621,0.00009178,0.01391401,0.00631101,0.00956207,0.08956578,0.00113669,0.00401183,0.00000000,0.02767050,0.03156763,0.09972947,0.02527868,0.04318405,0.02902997,0.00133955,0.00000000,0.00000000,0.00000000,0.02813113,0.00000000,0.01592017,0.00908524,0.55584949,0.09533711,0.00000000,0.07984543,0.01359570,0.09593000,0.00329226,0.06237509,0.34988758,0.03042593,0.14019549,0.18788588,0.33050498,0.01130363,0.00027895,0.04077734,0.01019450,0.00673580,0.00000000,0.06915654,0.00000000,0.00574995,0.19531569,0.01912916,0.02537412,0.03498067,0.12016794,0.00771194,0.01752846,0.00000000,0.00160221,0.00000000,0.00000000,0.00108481,0.99957490,0.00000000,0.02141071,0.42210507,0.01171348,0.00675321,0.06525718,0.02521864,0.00122028,0.00806702,0.07063335,0.00446104,0.00000000,0.00000000,0.02618445,0.10020439,0.02298873,0.28972632,0.00000000,0.00221442,0.00087785,0.00309336,0.00548654,0.00000000,0.00000000,0.00047025,0.00918567,0.00237253,0.02300259,0.09362857,0.00000000,0.00000000,0.16403931,0.05386605,0.28096223,0.41586062,0.00130576,0.01239656,0.00032518,0.05519025,0.53898036,0.06853409,0.01253630,0.00337391,0.08677859,1.19212365,0.00041333,0.00000000,0.01332384,0.19937751,0.16877647,0.47101510,0.04814720,0.00046587,0.00868754,0.01170902,0.01934913,0.00710357,0.03197777,0.01052206,0.00000000,0.04719657,0.25606200,0.01192216,0.20684297,0.17150399,0.04857562,0.25193191,0.00396740,0.01531516,0.00000000,0.00607404,0.00000000,0.00427376,0.01379780,0.02901657,0.00477904,0.59522444,0.01321654,0.04090454,0.54642993,0.00000000,0.05568346,0.00932163,0.04209697,0.00000000,0.02388858,0.26528203,0.25808844,0.00250247,0.05513106,0.00865872,0.00309035,0.09045202,0.00204209,0.03426304,0.02197829,0.00627355,0.02532510,0.00180570,0.00779653,0.00000000,0.03449457,0.00141576,0.00033023,0.04109014,0.02270920,0.19053552,0.00531096,0.17706357,0.00990389,0.00382051,0.00498314,0.00316822,0.00147789,0.40203115,0.00103373,0.00000000,0.00230689,0.28659284,0.00008507,0.00154001,0.00000000,0.07339854,0.00000000,0.00000000,0.14299656,0.00000000,0.00361102,0.05839751,0.00000000,0.03138135,0.06964958,0.00392161,0.27367711,0.03246661,0.00000000,0.00181192,0.00771725,0.05606826,0.00000000,0.00919864,0.12198830,0.00830125,0.00000000,0.02409001,0.03970013,0.01852162,0.47922334,0.04434577,0.00000000,0.04909310,0.00497751,0.02654005,0.00557530,0.00000000,0.06558466,0.00089262,0.99981576,0.01919482,0.00307928,0.73544419,0.01967407,0.01747373,0.00181434,0.02566890,0.01127392,0.00000000,0.02257535,0.06815296,0.00000000,0.00028305,0.01123143,0.02174903,0.00000000,0.04502910,0.00781683,0.00000000,0.60195690,0.22894953,0.00000000,0.23148067,0.01626763,0.06436101,0.00000000,0.03206480,0.00000000,0.09177393,0.04618441,0.18616474,0.05113881,0.05242405,0.01527552,0.00000000,0.00000000,0.02728621,0.44517374,0.00114830,0.00000000,0.00170728,0.00000000,0.00841265,0.00504449,0.03212690,0.10229847,0.00776918,0.04171209,0.02154244,0.00364243,0.13145098,0.00000000,0.00000000,0.00000000,0.04463125,0.12340648,0.00988901,0.00243312,0.08086452,0.24660306,0.02615870,0.01369609,0.00818098,0.00000000,0.00000000,0.13631393,0.00643916,0.12973472,0.00393624,0.00000000,0.00000000,0.00026254,0.07221805,0.54235882,0.23372406,0.00577168,0.06400833,0.04288149,0.00018455,0.13460469,0.08237109,0.00035410,0.07131764,0.06517041,0.00000000,0.00892993,0.00000000,0.02844511,0.02401450,0.00554021,0.00262376,0.00318089,0.00000000,0.00776150,0.01293153,0.01160845,0.00000000,0.00000000,0.00000000,0.00186234,0.62215483,0.00119225,0.01868557,0.00683061,0.01235837,0.00029614,0.07554057,0.05973689,0.09011208,0.00000000,0.13410129,0.03995872,0.04347499,0.00000000,0.22969839,0.02016809,0.00936238,0.18027014,0.07777935,0.00300565,1.36178017,0.01447134,0.05257329,0.06956398,0.00000000,0.02252316,0.00789913,0.00000000,0.02117752,1.09142351,0.53433031,0.00261640,0.02943725,0.00834115,0.02332431,0.01800966,0.04410682,0.00000000,0.00000000,0.00000000,0.00000000,0.08373776,0.16897717,0.21593530,0.01582473,0.07022690,0.72847873,0.00172496,0.42113718,0.14564431,0.00000000,1.19165206,0.00117672,0.00000000,0.01081511,0.00000000,0.01055759,0.00244622,0.00000000,0.00000000,0.00000000,0.00077140,0.01053649,0.05135658,0.88633776,0.14553183,0.00050019,0.16861063,0.02464249,0.02742455,0.10045933,0.00000000,0.02927705,0.01804122,0.00000000,0.00445298,0.00000000,0.03927889,0.08249694,0.08108607,0.32680538,0.00822364,0.00000000,0.00123873,0.00000000,0.00857191,0.12346349,0.04166906,0.02204038,0.03702335,0.00046893,0.04048365,0.00251257,0.00000000,0.11918585,0.00728330,0.00813672,0.00012220,0.14547923,0.00000000,0.03554579,0.56127816,0.07157119,0.00062519,0.00000000,0.00822681,0.01518013,0.00218768,0.02525933,0.00000000,0.00000000,0.11713907,0.17295310,0.00393347,0.00000000,0.01578586,0.00493623,0.02373788,0.08251595,0.29450476,0.00000000,0.00223982,0.01993032,0.01662101,0.07546217,0.28045657,0.00012498,0.03716631,0.00000000,0.06430090,0.00002385,0.00062443,0.12548403,0.14651059,0.00577930,0.00000000,0.06482707,0.00000000,0.07984489,0.00000000,0.00000000,0.37383953,0.01945860,0.06043507,0.03715825,0.01202900,1.11397755,0.15018356,0.00007431,0.06481571,0.00000000,0.00598526,0.00000000,0.02655339,0.00093464,5.61661625,0.22336563,0.00000000,0.00000000,0.01115438,0.00000000,0.26111978,0.00675875,0.01273843,0.05144256,0.40632001,0.04066020,0.00007328,0.00484973,0.00000000,0.00000000,0.00032782,0.00000000,0.00428435,0.02712077,0.03232788,0.58378351,0.01168585,0.04690877,0.08615001,0.04350125,0.00041508,0.27683669,0.00000000,0.09622397,0.00000000,0.15735652,0.00376597,0.01464496,0.19071801,0.03375073,0.51482368,0.08814608,0.03696305,0.00000000,0.01419846,0.01692552,0.00000000,0.05141210,0.06108711,0.24401340,0.00673271,0.00330376,0.35506892,0.09806958,0.05531324,0.00098995,0.03486303,0.00000000,0.11030968,0.05065771,0.00079636,1.76486075,0.03319092,1.72325957,0.00000000,0.00167020,0.02895824,0.03060023,0.01421143,0.01195450,0.41178605,0.00653547,0.00000000,0.00268402,0.09004589,0.00021588,0.18214132,0.36320570,0.22772172,0.09394659,0.00000000,0.03413764,0.00351294,0.17714375,0.00826370,0.06912383,0.00000000,0.00033314,0.00963015,0.00168685,0.02936900,0.17877892,0.00000000,0.02225486,0.01201864,0.00710529,0.09541930,0.00367535,0.00000000,0.03328526,0.00756464,0.00204415,0.00000000,0.00786871,0.03543556,0.02596854,0.02016827,0.01383052,0.00000000,0.00190749,0.59005737,0.00000000,0.03274175,0.12926273,0.00848266,0.00000000,0.00000000,0.00123409,0.00000000,0.24050331,0.24890134,0.08241671,0.00245594,0.00000000,0.02848334,0.00855597,0.04448406,0.35842368,0.00096643,0.00027709,0.01548651,0.00506742,0.00000000,0.00505572,0.14640899,0.00371900,0.19579662,0.00000000,0.00198258,2.05374742,0.00059422,0.00000000,0.00000000,0.02893549,0.51860201,0.00189180,0.00000000,0.00422554,0.06676897,0.00000000,0.00408830,0.01128163,0.29494667,0.02756458,0.00000000,0.00000000,0.00599124,0.00086463,0.00000000,0.00000000,0.01637922,0.02499379,0.01863433,0.00000000,0.02596825,0.26335269,0.05156169,0.00120839,0.05262434,0.37530744,0.01302768,0.01071207,0.00089624,0.00000000,0.00000000,0.05423480,0.00198091,0.00000000,0.00000000,0.02221467,0.03549448,0.00153051,0.01037721,0.00191021,0.10985330,0.00000000,0.00000000,0.01292569,0.00000204,0.98908305,0.10057540,0.15609679,0.19631094,0.12391508,0.08486982,0.00000000,0.00440472,0.28255802,0.05297193,1.06607974,0.30774468,0.00000000,0.00040422,0.07299104,0.12711833,0.00816073,0.01510213,0.10230426,0.02681173,0.02789083,0.00610906,0.00302623,0.06099702,0.00000000,0.00000000,0.00019455,0.25505665,0.05925710,0.00523709,0.03091192,0.13937879,0.12102917,0.40702498,0.00000000,0.00000000,0.02978180,0.00206840,0.00000000,0.06415052,0.03896442,0.00430052,0.00000000,0.00000000,0.00387094,0.00000000,0.00000000,0.00624543,0.01098493,0.00183041,0.34466806,0.00000000,0.08937211,0.47195488,0.00234054,0.00000000,0.00000000,0.06607613,0.55550855,0.04702457,0.05026173,0.00466731,0.01224376,0.24599093,0.00000000,0.03043786,0.00034989,0.19973189,0.05366666,0.00872927,0.02630746,0.01384694,0.00065669,0.01276251,0.13070261,0.01623737,0.47272080,0.10017475,0.00000000,0.06847979,0.18051523,0.06745706,0.93758631,0.05806030,0.04169804,0.00000000,0.00596783,0.10014699,0.00409954,0.02682618,0.01764019,0.00000000,0.00059622,0.01535591,0.04945781,0.00000000,0.00000000,0.00000000,0.02930843,0.32118380,0.00166625,0.00349836,0.58412510,0.02384739,0.04240301,0.19126180,0.06160345,0.00000000,0.31132132,0.02421967,0.02755333,0.00000000,0.00608663,0.03572929,0.01225601,0.00000000,0.09460668,0.00000000,0.00000000,0.00000000,0.07175839,0.09811617,0.01231509,0.02421408,0.04465927,0.14070596,0.97235167,0.00000000,0.02546185,0.15907232,0.00170057,0.00103131,0.13587698,0.15663569,0.05050752,0.00149335,0.01061309,0.02394122,0.12672101,0.00141148,0.00067850,0.04357745,0.72746813,0.00605879,0.15970255,0.00251257,0.01545615,0.00689105,0.13410564,0.15502557,0.06182245,0.04718285,0.00005342,0.08805195,0.04537049,0.07001371,0.00000000,0.00000000,0.02895231,0.00606651,0.07543922,0.67201424,0.00052115,0.00679853,0.02242703,0.00000000,0.00084240,0.00000000,0.08501763,0.00057584,0.01906651,0.02237469,0.00593741,0.00000000,0.27296650,0.11197145,0.00000000,0.04054876,0.00000000,0.22237013,0.00287009,0.03864479,0.15646085,0.00698014,0.00045743,0.01485556,0.00136595,1.16486228,0.00012235,0.00093964,0.01010221,0.00717283,0.11105152,0.02617058,0.00201777,0.01394506,0.00000000,0.00322011,0.06060251,0.47151205,0.05489512,0.07007968,0.00531519,0.16706704,0.15577321,0.01866688,0.29171896,0.00069551,0.00804660,0.00709995,0.01357469,0.00583825,0.01553060,0.00000000,0.01714603,0.00570782,0.00000000,0.00000000,0.00591186,0.00000000,0.02768487,0.01457505,1.23616242,0.00000000,0.00318813,0.00220143,0.00000000,0.06262743,0.09659113,0.00514330,0.05847427,0.00000000,0.01350221,0.07519050,0.00052029,0.00364744,0.00211696,0.00000000,0.13121179,0.00039129,0.01153100,0.00000000,0.51772451,0.80092376,0.00000000,0.00972261,0.02430710,0.25764909,0.24095502,0.09320474,0.00030313,0.00000000,0.00000000,0.01317459,0.60451001,0.49506539,0.00815864,0.00117760,0.03355606,0.00000000,0.00000000,0.27404377,0.00836134,0.58254713,0.00000000,0.00000000,0.01706233,0.00040805,0.63052118,0.13746054,0.00067359,0.00236286,0.00000000,0.00961464,0.09050190,0.03207294,0.01539480,0.00177085,3.76299334,0.00000000,0.00039456,0.00000000,0.58449775,0.06459808,0.01577970,0.00249459,0.00000000,0.00000000,0.14204994,0.01040544,0.02219699,0.00111328,0.00059033,0.02324166,0.00833390,0.18551731,0.00000000,0.03516285,0.00042047,0.00838963,0.00027827,0.00112542,0.01787611,0.03330799,0.00387150,0.00515705,0.00491625,0.12252566,0.02764395,0.01382138,0.00000000,0.00137259,0.04050018,0.05753352,0.01113290,0.01204147,0.00000000,0.04324843,0.98163205,0.09045511,0.00524020,0.00224362,0.01440553,0.09692778,0.00669657,0.00149514,0.00000000,0.00715074,0.01756612,0.37910211,0.40352619,0.00000000,0.00346929,1.05748916,0.00329906,0.00000000,0.00000000,0.00841451,0.14966303,0.19796248,0.00000000,0.16490327,0.00000000,0.00063832,0.00000000,0.00429988,0.26191819,0.12476823,0.00000000,0.01149346,0.02775687,0.00087086,0.78241074,0.00000000,0.03668571,0.00179886,0.02407095,0.22197780,0.37735140,1.12940323,0.00621823,0.00134070,0.00000000,0.28846082,0.00049738,0.00000000,0.09261688,0.00000000,0.01696690,0.08346872,0.96415913,0.00527643,0.00039386,0.03586396,0.05106177,0.01015343,0.07790402,0.02169709,0.47863472,0.01433637,0.00501582,0.32471603,0.08254611,0.08054883,0.09042826,0.00456961,0.02997006,0.48060763,0.01951300,0.01461666,0.02978835,0.04683429,0.00363629,0.05607634,0.14335357,0.02878149,0.00000000,0.18375251,0.00009515,0.02125078,0.00418442,0.00153684,0.00817415,0.00000000,0.00232226,0.00272569,0.47128206,0.00000000,0.00704920,0.05540613,0.16797131,0.00372517,0.03353602,0.00245706,0.00303396,0.00029609,0.12774658,0.01292837,0.00701253,0.00907763,0.00115416,0.00389381,0.11321197,0.05759493,0.12791966,0.03856572,0.00720786,0.20458020,0.34031054,0.00000000,0.00409175,0.99794424,0.26396421,0.01728295,0.00000000,0.00100828,0.00000000,0.33324420,0.00000000,0.00229020,0.02342903,0.00897675,0.00188855,0.00000000,0.00140729,0.00038425,0.34644812,0.00000000,0.00050289,0.10183235,0.23762581,0.00093942,0.00000000,0.04464696,0.03627084,0.11453518,0.00684573,0.00000000,0.19928811,0.00000000,0.01183870,0.00063318,0.00000000,0.00000000,0.04751354,0.00000000,0.00000000,0.03128020,0.06456857,0.00320005,0.10763232,0.00130603,0.00000000,0.01233008,0.00000000,0.00000000,0.04222323,0.15801877,0.07329652,0.13931900,0.16727358,0.04170058,0.06057828,0.00107359,0.03340506,0.02117711,0.13110699,0.05286881,0.00296360,2.97819877,0.00665391,0.01557510,0.00000000,0.00264860,0.00973366,0.38724098,0.54761809,0.00000000,0.03488028,0.30103388,0.01476260,0.00170561,0.04417802,0.01255531,0.00489950,0.07611515,0.00000000,0.00544712,0.00548436,0.00000000,0.00091827,0.00000000,0.00000000,0.14401868,0.16776986,0.00000000,0.00006708,0.02499241,0.00000000,1.07726872,0.00101836,0.00000000,0.50996816,0.00000000,0.00000000,0.00791586,0.10669613,0.00439786,0.00887393,0.00000000,0.01984607,0.00790303,0.00000000,0.00000000,0.18817034,0.45832732,0.01246891,0.02291426,0.00000000,0.43560669,0.00086345,0.00000000,0.02106654,0.02791617,0.00231995,0.09829419,0.15898851,1.04817128,0.09350179,0.00305414,2.05475712,0.00000000,0.04744830,0.00000000,0.00000000,0.00000000,0.00120621,0.00000000,0.01171387,0.04801663,0.04041078,0.00000000,0.00000000,0.00582771,0.00523640,0.00449011,0.03871919,0.00932105,0.01290554,0.00000000,0.34155828,0.00000000,0.00535840,0.07852395,0.06952084,0.00000000,0.00069870,0.07578450,0.00000000,0.00381893,0.00000000,0.00000000,0.09207395,0.02610681,0.00000000,0.02931983,0.01953440,0.06574539,0.09786786,0.00000000,0.00515650,0.00000000,0.05613086,0.03656433,0.00072435,0.04901124,0.03783632,0.00780343,0.22237696,0.00108095,0.01201901,0.07610047,0.26651302,0.00966277,0.38611105,0.15411595,0.00000000,0.00000000,0.00000000,0.33020177,0.00000000,0.06636737,0.23428652,0.00000000,0.41343141,0.06974899,0.00277543,0.00000000,0.06477417,0.02107722,0.04848395,0.00009843,0.00000000,0.00305676,0.01086826,0.00000000,0.00524734,0.07864857,0.39308009,0.02068087,0.00089608,0.15448745,0.00000000,0.05076895,0.00000000,0.03675961,0.07396978,0.00000000,0.00000000,0.00273973,0.00000000,0.03676135,0.07071862,0.01345431,0.00097049,0.00412299,0.00000000,0.01013204,0.20390111,0.00779854,0.00000000,0.00000000,0.00708640,0.00000000,0.21410292,0.24928206,0.00222858,0.00178432,0.03550776,0.00516108,0.15990227,0.38383770,0.17925966,0.21610618,0.00490497,0.02285805,0.19513737,0.05166681,0.10064588,0.00066188,0.02331288,0.25226781,0.04337373,0.01450367,0.00000000,0.01072509,0.06641389,0.04712739,0.00000000,0.03917545,0.01760020,0.00596270,0.00206020,0.00000000,0.03121397,0.00029794,0.00000000,0.01711437,0.03414387,0.00000000,0.16859779,0.00391542,0.00341578,0.00221593,0.00170052,0.00357395,0.00137838,0.25378552,0.01541075,0.00000000,0.12376696,0.01614643,0.03278627,0.48656979,0.67716777,0.01487984,0.00860924,0.04914738,0.06102388,0.00000000,0.00440834,0.02254603,0.00000000,0.34490201,0.01616823,0.00782309,0.01135454,0.41022298,0.01303308,3.28684115,0.00000000,0.03001657,0.01542124,0.00000000,0.00000000,0.00206333,0.09006673,0.01040443,0.48471665,0.00080144,0.00000000,0.06547496,0.09646224,0.00000000,0.00029991,0.00000000,0.00204154,0.00118253,0.00229618,0.00000000,0.04733665,0.04417202,0.00000000,0.04588083,0.00000000,0.00000000,0.00000000,0.00000000,0.16180091,0.00034088,0.02053922,0.03561862,0.00186630,0.08481777,0.00584131,0.02393448,0.07148148,0.00196704,0.04262392,0.00000000,0.29585177,0.01072977,0.12607063,0.34903014,0.01123037,0.19025232,0.00000000,0.00273564,0.03375200,0.09542897,0.00000000,0.00000000,0.00598866,0.02075987,0.15297015,0.39114654,0.13160242,0.04030472,0.00000000,0.08788344,0.00000000,0.00258573,0.00000000,0.00000000,0.09313855,0.00000000,0.00133490,0.00000000,0.02987187,0.00120376,0.06038836,0.03353751,0.16117443,0.05146229,0.03023827,0.45136827,0.47012356,0.00262282,1.07494867,0.00144887,0.12035944,0.02450171,0.01613850,0.00045812,0.00051252,0.00001301,0.01828677,0.00178872,0.00410799,0.18904652,0.02464878,0.01330564,0.00003067,0.08375518,0.00104262,0.00000000,0.01164826,0.05052932,0.00000000,0.00000000,0.00103162,0.00000000,0.00762267,0.00474547,0.21376249,0.08064325,0.02802946,0.00273188,0.26868942,0.01714397,0.00983984,0.00000000,0.00076508,0.28519765,0.34270030,0.31183144,0.00086098,0.24822922,0.00080046,0.04608387,0.09837218,0.03824371,0.00000000,0.00000000,0.00000000,0.00951601,0.00000000,0.28937468,0.04195751,0.03048860,0.00000000,0.00000000,0.09801806,0.00781996,0.30720446,0.00000000,0.08366915,0.00000000,0.03909500,0.00009049,0.00074443,0.14292084,0.02944121,0.00000000,0.20648360,0.00000000,0.00000000,0.04083617,0.00209744,0.00000000,0.02641689,0.27884775,0.00000000,0.00148074,0.11058714,0.04760503,0.00683187,0.00888958,0.00000000,0.01364269,0.00687641,0.00414568,0.01462150,0.00786010,0.00038109,0.04323960,0.02749423,0.00841475,0.00000000,0.04932862,0.01720232,0.01697559,0.02855755,0.00000000,0.00464865,1.14269304,0.00020887,0.83089894,0.00557225,0.04030284,0.18119392,0.00088550,0.06834719,0.23436514,0.00000000,0.03874169,0.13263780,0.00000000,0.01352940,0.17552461,0.00000000,0.00000000,0.11120981,0.00023957,0.00795964,0.00984444,0.00040310,0.02595342,0.01428671,0.01438509,0.04765467,0.00400543,0.00377474,0.07092335,0.01018945,0.03076227,0.01085948,0.00000000,0.00000000,0.00949847,0.02588386,1.34898937,0.00031892,0.08477159,0.05221259,0.01764751,0.00000000,0.01316153,0.00114007,0.01929896,0.00185184,0.00607498,0.00000000,0.00000000,0.00080567,0.00798285,0.05710651,0.01066874,1.48805559,0.00000000,0.00307543,0.00000000,0.63937026,0.05695838,0.00000000,0.00119184,0.03062131,0.00000000,0.01367384,0.00000000,0.00388594,0.02146685,0.00764618,0.00273622,0.00000000,0.01161606,0.00000000,0.03701225,0.00000000,0.02017998,0.01379937,0.05454557,0.00096144,0.00175610,0.07344799,0.22868451,0.03126150,0.05387313,0.02351684,0.06810193,0.03695102,0.08731000,0.01400398,0.00141251,0.00536427,0.00608365,0.01740008,0.26648948,0.12787820,0.70942307,0.00629457,0.00000000,0.00142846,0.00046406,0.05951716,0.18199357,0.00000000,0.11494400,0.19080861,0.04585361,0.10272815,0.00020216,0.00000000,0.01065473,0.19517784,0.04417885,0.26444960,0.00654533,0.00000000,0.07933059,0.00117701,0.04297046,0.10990057,0.11980686,0.17989993,0.00152473,0.00000000,0.37797028,0.00000000,0.02239356,0.01871010,0.20001532,0.00000000,0.32725364,0.00000000,0.00326097,0.04669549,0.03383592,0.00000000,0.00767515,0.09222257,0.01878800,0.16454479,0.51089120,0.00118097,0.00801949,0.00799407,0.00486003,0.00085036,0.00553470,0.39514241,0.01682653,0.00536534,0.00000000,0.00000000,0.11458980,0.00037414,0.00407138,0.06735554,0.00000000,0.00732299,0.00000000,0.08127286,0.00142115,0.25526372,0.00832364,0.00000000,0.00000000,0.01113190,0.02744379,0.02556336,0.00897888,0.00141966,0.00000000,0.00595069,0.81114107,0.00320558,0.00000000,0.00053628,0.00000000,0.01489701,0.01202338,0.00519920,0.02843581,0.00591852,0.00169762,0.07290452,0.04661275,0.00000000,0.00000000,0.00020338,0.00018903,0.00514989,0.11703189,0.00461478,0.01759957,0.35634938,0.05528088,0.00607911,0.00000000,0.09707662,0.01266885,0.07363714,0.08319288,0.01305280,0.00042191,0.35201746,0.01234920,0.05463827,0.05408403,0.01404263,0.21744773,0.02122285,0.02503524,0.00000000,0.01675388,0.01585274,0.00201195,0.00928900,0.00123437,0.00321089,0.03555822,0.02869187,0.00572131,0.00085921,0.00000000,0.12574832,0.00000000,0.01336860,0.03339317,0.01785237,0.04854815,0.02505118,0.06329851,0.08108732,0.01055197,0.03037594,0.00580898,0.16317871,0.00858946,0.18841499,0.00069741,0.07247491,0.06887179,0.30205074,0.00000000,0.01405527,0.00159794,0.00517183,0.01890558,0.00113235,0.07763546,0.01171849,0.00976911,0.00755218,0.00849338,0.00000000,0.00000000,0.00256684,0.01541580,0.00000000,0.03438698,0.01668796,0.45934787,0.01104078,0.00216451,0.07078447,0.04323779,0.00000000,0.00000000,0.01298185,0.04796392,0.00134042,0.05102499,0.05189350,0.01111972,0.04677440,0.00892082,0.02415545,0.03196801,0.00432245,0.11434221,0.00239433,0.00294851,0.15924479,0.00088608,0.00728599,0.00000000,0.00000000,0.00532136,0.02880096,0.39208862,0.00000000,0.53424340,0.03223268,0.02876960,0.47147664,0.00000000,0.40305316,0.00000000,0.01924278,0.03409580,0.00000000,0.00000000,0.00000000,0.15434034,0.00652179,0.06825273,0.00000000,0.28768903,0.00000000,0.00282541,0.02857946,0.09421529,0.00000000,0.00000000,0.02148310,0.01798716,0.12401433,0.00000000,0.00000000,0.00691107,0.15993080,0.01849727,0.00000000,0.00000000,0.00737122,0.00000000,0.00000000,0.02206876,0.13888229,0.03417150,0.04563994,0.02504836,0.00000000,0.01086196,0.07427931,0.00000000,0.05411793,0.02500045,0.00000000,0.00493367,0.10968167,0.00000000,0.00248837,0.02081155,0.03276133,0.01106907,0.00879359,0.11593452,0.00000000,0.00961215,0.00000000,0.00000000,0.00000000,0.04075441,0.11703479,0.06604879,0.00000000,0.05528978,0.05786180,0.03502266,0.02411004,0.00987476,0.05877966,0.02093697,0.00801895,0.00000000,0.00599392,0.00000000,0.06380086,0.00145272,0.05984658,0.00750259,0.34229252,0.00056034,0.16218938,0.00260300,0.05440171,0.08468562,0.07136106,0.01329142,0.12043430,0.17214888,0.00510290,0.09994064,0.07417810,0.00000000,0.00000000,0.01989518,0.00000000,0.09996977,0.07926472,0.02820748,0.00448631,0.12825364,0.00078423,0.00038218,0.02520123,0.10764833,0.00000000,0.01791661,0.10417225,0.00000000,0.00000000,0.00346808,0.04412731,0.07182913,0.01923443,0.00000000,0.00649368,0.00000000,0.00000000,0.31980795,0.01153319,0.06997667,0.00693407,0.00641499,0.00217448,0.03868361,0.01279938,0.00935744,0.21234168,0.00561489,0.07355369,0.04620133,0.00290466,0.00000000,0.04026521,0.00000000,0.11538542,0.01415794,0.00071414,0.14327766,0.10919140,0.09817346,0.04375823,0.00071602,0.00588945,0.00000000,0.10451983,0.10374393,0.20596482,0.07618255,0.00000000,0.00000000,0.06475709,0.07740650,0.21306658,0.00000000,0.00000000,0.11346040,0.01064043,0.03407526,0.03234089,0.01740136,0.00065934,0.14655341,0.01564218,0.02518238,0.02099853,0.01324166,0.00216311,0.34954378,0.06372908,0.02806648,0.04529238,0.01482436,0.00000000,0.00000000,0.02031569,0.02608014,0.02297502,0.03666254,0.00808545,0.00000000,0.11584701,0.00612501,0.07240944,0.00000000,0.00000000,0.01823841,0.04002800,0.00000000,0.08523953,0.09722719,0.06086154,0.06614367,0.01134617,0.00438634,0.08275824,0.00000000,0.00000000,0.01552915,0.00860313,0.00000000,0.01586102,0.01114772,0.23433392,0.00000000,0.05569374,0.00073898,0.04880480,0.00024282,0.01574902,0.00947943,0.01193022,0.06715833,0.00252812,0.00680090,0.00000000,0.03111775,0.04517096,0.07036372,0.02930261,0.04192919,0.03787053,0.00354411,0.00000000,0.00000000,0.00000000,0.02407994,0.00000000,0.02027946,0.01482309,0.19278353,0.08156250,0.00000000,0.05995388,0.01839516,0.06672367,0.00712867,0.03650585,0.05911691,0.05959908,0.04847094,0.10086122,0.10414589,0.01741463,0.00073804,0.03629185,0.02085576,0.01253339,0.00000000,0.05910247,0.00000000,0.00905360,0.12396854,0.02923923,0.06534793,0.02071144,0.06114899,0.00533426,0.02140162,0.00000000,0.00390791,0.00000000,0.00000000,0.00287014,0.37333214,0.00000000,0.01384701,0.12589161,0.03043329,0.00843329,0.06536436,0.01763199,0.00264168,0.00800192,0.04514811,0.00489468,0.00000000,0.00000000,0.01204678,0.05540161,0.02425236,0.09331176,0.00000000,0.00441360,0.00196370,0.00643379,0.01451602,0.00000000,0.00000000,0.00085292,0.00656400,0.00627713,0.02606466,0.04792332,0.00000000,0.00000000,0.11509995,0.03461464,0.10272009,0.13053910,0.00292647,0.00866047,0.00059112,0.04864362,0.14511231,0.12114666,0.03316794,0.00624217,0.04455529,0.30293876,0.00109357,0.00000000,0.01452013,0.14057471,0.06957032,0.10082281,0.05707413,0.00117676,0.00651935,0.02012238,0.01964944,0.00894559,0.01973580,0.01639860,0.00000000,0.03980171,0.17606343,0.02065687,0.04773148,0.02925664,0.02684244,0.08895056,0.00784566,0.01180235,0.00000000,0.00570131,0.00000000,0.01130730,0.02003437,0.02332636,0.01264416,0.17956872,0.01020260,0.03690283,0.14933397,0.00000000,0.03424819,0.01844455,0.02587464,0.00000000,0.03858251,0.12970544,0.13827117,0.00324386,0.05889837,0.02240441,0.00817629,0.07774939,0.00370312,0.01565721,0.01864931,0.00760807,0.02231882,0.00271261,0.01349353,0.00000000,0.02108394,0.00374574,0.00087369,0.01639668,0.02225627,0.09639085,0.01076034,0.12341338,0.01766009,0.00669252,0.01039131,0.00714625,0.00295124,0.07194214,0.00211345,0.00000000,0.00610345,0.03605150,0.00022507,0.00407449,0.00000000,0.02537731,0.00000000,0.00000000,0.06932300,0.00000000,0.00595677,0.03565432,0.00000000,0.02738061,0.06242443,0.01037561,0.15011606,0.04226110,0.00000000,0.00310210,0.01849734,0.03558268,0.00000000,0.01375022,0.05560128,0.01898170,0.00000000,0.02301965,0.02910600,0.03004023,0.15893686,0.05384602,0.00000000,0.04190828,0.00737714,0.02555965,0.00967465,0.00000000,0.02787826,0.00221478,0.24352750,0.02522041,0.00523306,0.33767429,0.03320029,0.03287502,0.00283206,0.02622601,0.01781487,0.00000000,0.03204467,0.06021002,0.00000000,0.00074887,0.01505170,0.01574667,0.00000000,0.02061386,0.01507661,0.00000000,0.37938893,0.13644111,0.00000000,0.08405582,0.02297908,0.04808126,0.00000000,0.02101348,0.00000000,0.06376765,0.05445224,0.21737818,0.04363100,0.09827211,0.01966570,0.00000000,0.00000000,0.03288496,0.19567832,0.00245960,0.00000000,0.00310671,0.00000000,0.02225778,0.00773996,0.04430785,0.07319821,0.00750562,0.03184731,0.01226208,0.00751415,0.04839280,0.00000000,0.00000000,0.00000000,0.02764847,0.04890916,0.02320377,0.00375364,0.04157479,0.11899890,0.02322674,0.01003561,0.00879386,0.00000000,0.00000000,0.13819169,0.01703642,0.04713159,0.00736228,0.00000000,0.00000000,0.00069461,0.05527643,0.24372208,0.18513155,0.00892540,0.02364029,0.03459316,0.00048828,0.06965679,0.04533466,0.00093687,0.06935859,0.05618358,0.00000000,0.01283280,0.00000000,0.02618308,0.02032040,0.00883897,0.00607934,0.00832167,0.00000000,0.00728178,0.03421360,0.01527038,0.00000000,0.00000000,0.00000000,0.00330805,0.19639686,0.00221313,0.01599444,0.01508441,0.02109925,0.00078352,0.04268005,0.06487168,0.04657329,0.00000000,0.08893948,0.03426766,0.03405569,0.00000000,0.10420261,0.03728339,0.01584585,0.13388383,0.06925642,0.00522970,0.34380758,0.01627162,0.05746925,0.07001635,0.00000000,0.02830184,0.01208619,0.00000000,0.01909185,0.32447439,0.29450372,0.00542454,0.03255087,0.01182415,0.01071064,0.03729838,0.05566268,0.00000000,0.00000000,0.00000000,0.00000000,0.06288159,0.09461001,0.10842141,0.01407825,0.10426226,0.13501628,0.00379869,0.19539706,0.11462545,0.00000000,0.29360649,0.00265199,0.00000000,0.01111607,0.00000000,0.00939883,0.00561473,0.00000000,0.00000000,0.00000000,0.00204093,0.02440116,0.05038385,0.14276020,0.09434538,0.00132338,0.14293636,0.02638832,0.03357006,0.07579787,0.00000000,0.02627476,0.02028898,0.00000000,0.00711257,0.00000000,0.06933908,0.05619998,0.06889259,0.22922465,0.01916898,0.00000000,0.00188968,0.00000000,0.02021400,0.07862148,0.02860258,0.01473494,0.02291700,0.00124068,0.03255003,0.00325540,0.00000000,0.10523544,0.01325677,0.00841988,0.00032331,0.10162449,0.00000000,0.03887095,0.13887121,0.05040529,0.00108308,0.00000000,0.01040461,0.02309856,0.00578805,0.03782725,0.00000000,0.00000000,0.09616677,0.08716331,0.00993159,0.00000000,0.01346222,0.00804420,0.02797939,0.03816035,0.15693268,0.00000000,0.00399001,0.01081836,0.01663422,0.05198481,0.09722514,0.00033066,0.03517643,0.00000000,0.03122895,0.00006309,0.00088472,0.09182199,0.05611281,0.00919343,0.00000000,0.05870533,0.00000000,0.05423244,0.00000000,0.00000000,0.07494616,0.02524205,0.04765489,0.05644872,0.01685895,0.13920420,0.10342948,0.00019661,0.04985410,0.00000000,0.00809353,0.00000000,0.04326299,0.00178125,0.32885703,0.11126386,0.00000000,0.00000000,0.01527241,0.00000000,0.07694809,0.01446863,0.02454341,0.04436459,0.19413419,0.05405588,0.00019389,0.01283117,0.00000000,0.00000000,0.00086733,0.00000000,0.00627326,0.02459441,0.03543901,0.13337471,0.01338266,0.04860982,0.03272796,0.05423057,0.00109821,0.13438873,0.00000000,0.03979421,0.00000000,0.08382083,0.00520282,0.02084710,0.06258226,0.01486370,0.30514979,0.05281897,0.02491982,0.00000000,0.01605903,0.01596687,0.00000000,0.04440904,0.03429968,0.17064589,0.01781309,0.00874092,0.14655715,0.09263487,0.07270524,0.00227074,0.04913319,0.00000000,0.07117463,0.04252049,0.00210697,0.22185065,0.04889987,0.33083326,0.00000000,0.00241670,0.01651122,0.03289722,0.01004519,0.02884312,0.27618200,0.01499786,0.00000000,0.00468704,0.07446279,0.00057116,0.04551379,0.13955046,0.13284172,0.08180489,0.00000000,0.04306721,0.00426228,0.05693865,0.01195236,0.07367106,0.00000000,0.00088141,0.02455037,0.00446299,0.03066924,0.11525150,0.00000000,0.02982723,0.01499607,0.01404277,0.05333228,0.00693152,0.00000000,0.03912188,0.00729418,0.00247629,0.00000000,0.01485573,0.02335432,0.03378405,0.03739209,0.01997795,0.00000000,0.00504675,0.14535426,0.00000000,0.02537948,0.07202476,0.01162147,0.00000000,0.00000000,0.00326511,0.00000000,0.15763387,0.07602932,0.06057741,0.00510125,0.00000000,0.03679200,0.01360591,0.03593145,0.14777792,0.00190207,0.00073311,0.02689370,0.00659221,0.00000000,0.00737995,0.10655193,0.00720148,0.11751303,0.00000000,0.00373165,0.25487518,0.00078019,0.00000000,0.00000000,0.01946037,0.15886171,0.00195119,0.00000000,0.00746799,0.03650499,0.00000000,0.00542205,0.02063581,0.08583044,0.02930178,0.00000000,0.00000000,0.01585134,0.00228759,0.00000000,0.00000000,0.01431594,0.02445359,0.02268511,0.00000000,0.03485469,0.12543550,0.04024151,0.00211456,0.03453533,0.25440896,0.01759843,0.01197126,0.00237122,0.00000000,0.00000000,0.04722306,0.00419593,0.00000000,0.00000000,0.02421791,0.02114127,0.00288765,0.00925421,0.00288908,0.05670827,0.00000000,0.00000000,0.01519351,0.00000539,0.15274228,0.06355399,0.08955886,0.14021404,0.08588780,0.06334881,0.00000000,0.00691198,0.20331873,0.04720828,0.24493477,0.21155433,0.00000000,0.00106947,0.04959251,0.07324918,0.00878283,0.00992754,0.09695437,0.03934933,0.03292823,0.00817545,0.00538133,0.04930093,0.00000000,0.00000000,0.00051472,0.18745184,0.04281693,0.00683645,0.02078303,0.07620279,0.07561239,0.09032860,0.00000000,0.00000000,0.03013351,0.00463316,0.00000000,0.05526297,0.02614996,0.01136355,0.00000000,0.00000000,0.01024153,0.00000000,0.00000000,0.00839321,0.01596387,0.00484281,0.09001774,0.00000000,0.09971208,0.24589361,0.00619247,0.00000000,0.00000000,0.08459432,0.16792558,0.02732866,0.04957614,0.00488394,0.02855813,0.11158846,0.00000000,0.02658765,0.00092572,0.10469761,0.03984610,0.00845614,0.01962581,0.02053264,0.00173744,0.01311216,0.05699839,0.01727979,0.09275654,0.06056248,0.00000000,0.04348465,0.08233265,0.02891057,0.13774866,0.03471173,0.03181206,0.00000000,0.01040198,0.02934946,0.00817106,0.02385353,0.03726076,0.00000000,0.00103407,0.02031588,0.02971352,0.00000000,0.00000000,0.00000000,0.02697063,0.06877597,0.00289293,0.00925579,0.23758401,0.01036778,0.01622738,0.13362290,0.03629750,0.00000000,0.13748506,0.01834366,0.02311740,0.00000000,0.01175141,0.01885500,0.01839276,0.00000000,0.03628463,0.00000000,0.00000000,0.00000000,0.06856892,0.08550131,0.00934965,0.01396462,0.03472858,0.11595849,0.15576844,0.00000000,0.02787281,0.11064475,0.00294384,0.00171178,0.07022507,0.09817950,0.04786895,0.00369504,0.02319507,0.03297328,0.13753609,0.00373441,0.00179515,0.04892970,0.05063756,0.00867550,0.08142468,0.00566040,0.01467221,0.01023748,0.06462194,0.04801884,0.09808666,0.01333207,0.00014135,0.05802228,0.02697767,0.04413065,0.00000000,0.00000000,0.02081906,0.00915972,0.02586678,0.24760553,0.00137883,0.01590589,0.01587570,0.00000000,0.00168060,0.00000000,0.06561665,0.00152353,0.01629045,0.05886252,0.01263191,0.00000000,0.06467506,0.08407047,0.00000000,0.02839205,0.00000000,0.21103230,0.00492451,0.02263580,0.07216875,0.00622764,0.00121025,0.01443017,0.00361395,0.15366350,0.00030167,0.00248606,0.00826228,0.00904387,0.06274679,0.03054192,0.00409520,0.01696194,0.00000000,0.00626285,0.06233808,0.12321619,0.04091411,0.03725569,0.00924259,0.15941411,0.08130664,0.02544679,0.08639777,0.00184014,0.01377053,0.01153516,0.01627789,0.00933450,0.01482679,0.00000000,0.01792588,0.00908990,0.00000000,0.00000000,0.00890362,0.00000000,0.02307229,0.02243147,0.24045327,0.00000000,0.00843500,0.00582443,0.00000000,0.06051310,0.05920263,0.00641414,0.06100896,0.00000000,0.02160181,0.05630330,0.00137657,0.00577540,0.00366751,0.00000000,0.07104893,0.00103524,0.01454119,0.00000000,0.10026810,0.26931778,0.00000000,0.01223432,0.02325434,0.11123275,0.12592787,0.07501143,0.00062374,0.00000000,0.00000000,0.00836299,0.29350662,0.15074839,0.00747856,0.00311564,0.03296022,0.00000000,0.00000000,0.06573030,0.00882485,0.27438852,0.00000000,0.00000000,0.02038692,0.00107959,0.21954571,0.06850166,0.00178215,0.00434449,0.00000000,0.01928751,0.06733179,0.04288055,0.02233326,0.00362092,0.24939142,0.00000000,0.00104390,0.00000000,0.19577922,0.04423195,0.02089613,0.00254989,0.00000000,0.00000000,0.06342794,0.02183858,0.01290677,0.00272678,0.00108987,0.02135714,0.01981132,0.06980728,0.00000000,0.01507714,0.00111246,0.01606136,0.00073622,0.00153472,0.01467189,0.03671238,0.00911526,0.01064964,0.01130581,0.07595171,0.03186446,0.02732461,0.00000000,0.00240874,0.07920771,0.03595693,0.01099933,0.01572911,0.00000000,0.11143168,0.25815299,0.07611900,0.00517248,0.00545691,0.01335164,0.06760219,0.01293339,0.00376039,0.00000000,0.01160940,0.02186121,0.13620831,0.18711093,0.00000000,0.00257993,0.16868012,0.00872848,0.00000000,0.00000000,0.01290816,0.14172451,0.08377395,0.00000000,0.08084664,0.00000000,0.00168883,0.00000000,0.00972233,0.07878987,0.08057639,0.00000000,0.01316962,0.02957658,0.00230409,0.12639400,0.00000000,0.03911966,0.00401700,0.03646300,0.16029790,0.11481219,0.31803268,0.00953490,0.00251809,0.00000000,0.17321391,0.00131596,0.00000000,0.04206566,0.00000000,0.02701870,0.05295099,0.40799960,0.00635432,0.00104206,0.05316518,0.06127748,0.01028480,0.04086198,0.02666488,0.26376343,0.01403295,0.00491110,0.14968312,0.02794939,0.01894323,0.05704184,0.00855514,0.02362701,0.18029717,0.02675392,0.01757089,0.03482889,0.07924053,0.00962073,0.05516645,0.07396746,0.02055831,0.00000000,0.12853332,0.00025174,0.02133992,0.00561738,0.00279315,0.00696782,0.00000000,0.00614413,0.00669537,0.21093678,0.00000000,0.01865042,0.02425532,0.14263010,0.00628712,0.02821624,0.00471181,0.00664396,0.00078338,0.03628879,0.01382303,0.00907609,0.00649291,0.00205867,0.00444123,0.04199848,0.03441188,0.07101444,0.02086636,0.01727371,0.09896768,0.07242337,0.00000000,0.01026611,0.09119576,0.08472095,0.02158293,0.00000000,0.00133614,0.00000000,0.15901306,0.00000000,0.00546759,0.03515550,0.02128034,0.00499663,0.00000000,0.00252350,0.00072657,0.10865464,0.00000000,0.00133051,0.03268472,0.13736597,0.00248547,0.00000000,0.03859655,0.03925060,0.09296010,0.01421219,0.00000000,0.04447672,0.00000000,0.00810214,0.00167523,0.00000000,0.00000000,0.03774881,0.00000000,0.00000000,0.02676044,0.06349496,0.00460002,0.04683822,0.00198955,0.00000000,0.01280226,0.00000000,0.00000000,0.03892756,0.08658578,0.05512034,0.07404599,0.08652256,0.03415223,0.03726175,0.00178803,0.02486671,0.02758759,0.09672717,0.06315248,0.00491071,0.58911180,0.00846847,0.02739938,0.00000000,0.00408974,0.00879898,0.16367593,0.12720722,0.00000000,0.02493440,0.15416375,0.01756527,0.00451262,0.05353417,0.03246571,0.00595614,0.06757534,0.00000000,0.01120174,0.00773968,0.00000000,0.00242952,0.00000000,0.00000000,0.27259028,0.11561682,0.00000000,0.00015578,0.01871901,0.00000000,0.24384835,0.00269433,0.00000000,0.11378859,0.00000000,0.00000000,0.00888337,0.03855125,0.00969873,0.01789278,0.00000000,0.01246636,0.01090037,0.00000000,0.00000000,0.08118673,0.08248706,0.02165339,0.02252080,0.00000000,0.20807362,0.00228449,0.00000000,0.01995832,0.03450616,0.00613802,0.06129130,0.08657521,0.22682804,0.06009141,0.00808048,0.22461875,0.00000000,0.01625226,0.00000000,0.00000000,0.00000000,0.00313900,0.00000000,0.00986469,0.02355096,0.03632120,0.00000000,0.00000000,0.00665369,0.00994090,0.00751621,0.04128909,0.01124534,0.03246126,0.00000000,0.12537466,0.00000000,0.00798245,0.07396321,0.05681152,0.00000000,0.00184858,0.05121941,0.00000000,0.00447928,0.00000000,0.00000000,0.04038190,0.03392273,0.00000000,0.02449761,0.02809368,0.05038325,0.08514889,0.00000000,0.00797276,0.00000000,0.02600025,0.05506336,0.00191645,0.03477219,0.05584748,0.00780202,0.05141209,0.00205750,0.01985339,0.03090071,0.03589305,0.00886189,0.10036263,0.05803824,0.00000000,0.00000000,0.00000000,0.06899226,0.00000000,0.05584868,0.10360281,0.00000000,0.20300573,0.04549192,0.00734310,0.00000000,0.03054888,0.02098436,0.04271554,0.00026043,0.00000000,0.00533522,0.01362380,0.00000000,0.01251260,0.05334017,0.37192917,0.03312740,0.00237081,0.09110171,0.00000000,0.05193882,0.00000000,0.06061488,0.04942223,0.00000000,0.00000000,0.00724864,0.00000000,0.02142778,0.06464103,0.02048563,0.00256767,0.00715422,0.00000000,0.02680686,0.09937867,0.01334683,0.00000000,0.00000000,0.00761691,0.00000000,0.13608178,0.04555452,0.00393865,0.00472086,0.02418923,0.01126729,0.02817824,0.15124445,0.07672374,0.08475153,0.01012744,0.01684362,0.09714583,0.03914448,0.07097542,0.00175118,0.04433532,0.14257397,0.02231835,0.01466678,0.00000000,0.01182512,0.07245982,0.03280318,0.00000000,0.02820294,0.02809802,0.01312850,0.00414904,0.00000000,0.02785455,0.00078828,0.00000000,0.01704299,0.02765073,0.00000000,0.07041786,0.00573811,0.00629017,0.00586279,0.00449915,0.00727764,0.00223168,0.11020977,0.01385535,0.00000000,0.04940675,0.02407113,0.03676353,0.21750535,0.24765834,0.00880741,0.01662030,0.02881041,0.04034398,0.00000000,0.00752384,0.02233210,0.00000000,0.09376930,0.01693280,0.01158513,0.02160682,0.27648848,0.00946044,0.36555183,0.00000000,0.01598416,0.01967900,0.00000000,0.00000000,0.00427383,0.10106464,0.01087152,0.27706271,0.00212040,0.00000000,0.03053388,0.06957209,0.00000000,0.00079350,0.00000000,0.00317155,0.00312869,0.00385013,0.00000000,0.04775896,0.04145939,0.00000000,0.04137722,0.00000000,0.00000000,0.00000000,0.00000000,0.12886195,0.00090189,0.02488085,0.04058769,0.00155667,0.02915082,0.00629829,0.02057803,0.05232980,0.00470238,0.05196864,0.00000000,0.18746683,0.00827058,0.19027460,0.10880855,0.02971278,0.09362742,0.00000000,0.00493539,0.04332681,0.08273092,0.00000000,0.00000000,0.01224837,0.02295902,0.09432350,0.43862477,0.11179169,0.02052990,0.00000000,0.06801492,0.00000000,0.00632900,0.00000000,0.00000000,0.07811429,0.00000000,0.00353180,0.00000000,0.03038846,0.00155950,0.03714266,0.03580680,0.24969123,0.03410484,0.05629610,0.28676227,0.10863888,0.00693933,0.15325728,0.00311120,0.07454292,0.01815612,0.01787383,0.00121206,0.00135601,0.00003443,0.02239955,0.00421440,0.01043920,0.03097459,0.01921866,0.01274221,0.00008114,0.05805090,0.00275851,0.00000000,0.01572330,0.03202011,0.00000000,0.00000000,0.00146468,0.00000000,0.01319529,0.01077866,0.09935999,0.02603768,0.03611688,0.00722787,0.05373649,0.01960793,0.01126317,0.00000000,0.00202422,0.17157122,0.26193428,0.22178003,0.00227794,0.13073260,0.00211782,0.03404057,0.06618948,0.03138093,0.00000000,0.00000000,0.00000000,0.01607036,0.00000000,0.19250050,0.02091608,0.02054885,0.00000000,0.00000000,0.07490163,0.01191039,0.11511081,0.00000000,0.09371579,0.00000000,0.04028715,0.00023940,0.00144815,0.04668655,0.00789451,0.00000000,0.07592390,0.00000000,0.00000000,0.03063935,0.00316236,0.00000000,0.02946280,0.12903857,0.00000000,0.00258557,0.08498859,0.02724264,0.00925361,0.01602407,0.00000000,0.01171883,0.01819327,0.00603937,0.03781660,0.02079586,0.00100826,0.02612001,0.03281234,0.01118084,0.00000000,0.04170866,0.02804618,0.02142725,0.02044648,0.00000000,0.00661712,0.21705680,0.00055261,0.16201636,0.00587441,0.04235566,0.07735162,0.00162009,0.11039934,0.21979553,0.00000000,0.04886703,0.08974896,0.00000000,0.02071658,0.10156469,0.00000000,0.00000000,0.09329587,0.00041504,0.00990934,0.02039065,0.00106650,0.01632431,0.02182551,0.01644251,0.04810758,0.01059738,0.00761786,0.05797020,0.00855562,0.02441082,0.00934852,0.00000000,0.00000000,0.01594228,0.02775141,0.35218063,0.00084379,0.04332662,0.03726391,0.02034957,0.00000000,0.01972784,0.00198549,0.03526258,0.00290107,0.00825618,0.00000000,0.00000000,0.00174057,0.01121931,0.06462094,0.01363548,0.23841815,0.00000000,0.00404947,0.00000000,0.34892526,0.04276415,0.00000000,0.00315330,0.01752654,0.00000000,0.00990051,0.00000000,0.00420824,0.05679595,0.01016336,0.00567014,0.00000000,0.01768439,0.00000000,0.03961855,0.00000000,0.01864487,0.01918041,0.04322341,0.00168924,0.00246985,0.06422240,0.06069169,0.01555681,0.05349992,0.03309999,0.02799135,0.02647361,0.06408271,0.01361028,0.00256284,0.01404867,0.01425844,0.02884275,0.21461353,0.10512280,0.19841065,0.01220853,0.00000000,0.00327905,0.00122778,0.04269412,0.03878438,0.00000000,0.08768829,0.10193069,0.04766610,0.05825468,0.00053488,0.00000000,0.01237984,0.05286790,0.03506000,0.09778770,0.01035719,0.00000000,0.06091793,0.00311409,0.03342715,0.07822674,0.03407481,0.09311923,0.00310529,0.00000000,0.19071713,0.00000000,0.03013372,0.03279693,0.09787245,0.00000000,0.20805675,0.00000000,0.00809983,0.02660358,0.04438739,0.00000000,0.01249759,0.07555296,0.02370710,0.10710634,0.23042116,0.00295335,0.00930280,0.01326487,0.00504845,0.00224984,0.01058151,0.11893271,0.04451881,0.00546496,0.00000000,0.00000000,0.08870310,0.00082966,0.00764962,0.02326179,0.00000000,0.01024021,0.00000000,0.05778748,0.00249864,0.13922425,0.00976561,0.00000000,0.00000000,0.02588570,0.02582912,0.01796883,0.01438890,0.00255321,0.00000000,0.01399192,0.49597958,0.00514983,0.00000000,0.00141885,0.00000000,0.01402488,0.02396445,0.00587292,0.03958170,0.00791103,0.00223478,0.04529636,0.03634308,0.00000000,0.00000000,0.00053809,0.00050013,0.01362532,0.06951638,0.01138416,0.01904881,0.12008875,0.04383372,0.01191536,0.00000000,0.03654537,0.01455614,0.07399977,0.10726705,0.01716654,0.00111626,0.11000795,0.01493660,0.05330002,0.03413329,0.01594873
6063,data/pair/6063/RHEED/rampdown to 300C.MOV,manifest_specified_rheed_path,27.100000,813,8,0.23855098,0.03419343,0.07206711,0.00031840,0.00000000,0.00000000,0.00487527,0.03247865,0.03128342,0.00407121,0.16765393,0.08731711,0.00000000,0.01093939,0.00758793,0.04079345,0.00422110,0.00225845,0.00000295,0.01366751,0.00956406,0.00486281,0.44067839,0.02624860,0.04643607,0.03024078,0.00000000,0.17797391,0.01879146,0.67400974,0.00707728,0.02488025,0.10143475,1.18327200,0.00142288,0.17122298,0.00000000,0.00000000,0.17012396,0.00642456,0.01371225,0.00430025,0.00348798,0.01709311,0.03720851,0.00315457,0.00000000,0.14780499,0.00338338,0.08106231,0.04244131,0.01081157,0.41449901,0.00274213,0.01758432,0.25561330,0.00161384,0.00000000,0.01336114,0.04050275,0.06228476,0.00000000,0.06042771,0.01403571,0.06914814,0.05973742,0.00000000,0.14692758,0.24559319,0.14133424,0.30253533,0.02362453,0.00561529,0.25997245,0.00000000,0.01501730,0.00000000,0.00000000,0.02541706,0.00430429,0.48057678,0.01464009,1.50603938,0.01903280,0.00583691,0.59950048,0.00000000,1.37833941,0.00504292,0.05025456,0.12907104,0.00115440,0.00028127,0.00629099,0.20945044,0.00184217,0.07333777,0.00000000,0.43300992,0.00000000,0.00160194,0.00596443,0.12375577,0.00335950,0.00069079,0.00059751,0.03113724,0.67718112,0.00100529,0.01076779,0.00045718,0.67506558,0.20125802,0.19158699,0.00000000,0.00000000,0.00220024,0.00000000,0.01433391,0.76244700,0.08463386,0.10461625,0.06306487,0.00135345,0.00000000,0.04912077,0.00623562,0.00297764,0.04222186,0.00072135,0.04665050,0.13941558,0.00000000,0.00135616,0.00355755,0.25773725,0.00000000,0.02550900,0.06617559,0.00108312,0.00071620,0.00112995,0.00000000,0.00147451,0.00000000,0.39867219,0.06628968,0.00000000,0.01478405,0.00000000,0.03609106,0.06592456,0.01430937,0.10851531,0.02775470,0.01524808,0.00000000,0.00168279,0.00000000,0.10691022,0.00280076,0.03939867,0.00883095,1.62742233,0.01986355,0.58590519,0.01685699,0.00025902,0.09637336,0.05887099,0.01341531,0.88546717,0.29509571,0.05855805,0.04152751,0.26945046,0.00000000,0.00000000,0.35385525,0.00000000,0.13412580,0.25467709,0.02727685,0.02307381,0.09751108,0.00202266,0.05553054,0.04942562,0.03131880,0.00369897,0.15669206,0.93194568,0.00675870,0.02850755,0.01263607,0.07678726,0.13651179,0.02301518,0.00949851,0.01995590,0.00000000,0.00737425,0.57126379,0.03764242,0.03770282,0.00630909,0.02806857,0.02267595,0.01450005,0.07879319,0.00090611,0.38502738,0.06827874,0.07409562,0.01912751,0.00650278,0.00000000,0.00387801,0.01163472,0.17919552,0.00000000,0.01249463,0.61160803,0.39873561,0.17664100,0.28014925,0.06047656,0.06726511,0.00000000,0.02801565,0.36347669,0.00474412,0.09828060,0.00138819,0.04880112,0.02147612,0.05901925,1.08313787,0.00444204,0.00156107,0.24816531,0.00239297,0.12223325,0.11399211,0.14321065,0.05492255,0.00715386,0.04525720,0.20702732,0.01203349,0.00096596,0.00063298,0.36652768,0.11478515,0.07615700,0.03668990,0.00000000,0.00000000,0.02071448,0.17321524,0.00973993,0.00546764,0.16078310,0.00562984,0.00017143,0.16551203,0.02647852,0.31105930,0.00000000,0.00204472,0.03845470,0.03953771,0.00130783,0.04545600,0.10739643,0.01341207,0.01182242,0.00396743,0.00054825,0.00505310,0.01894503,0.00828246,0.01237613,0.16375238,0.00643256,0.04029435,0.01376324,1.99335730,0.00000000,0.15054674,0.00892278,0.04199227,0.00129951,0.00955570,0.16235569,0.06105227,0.01029607,0.00301528,0.05257273,0.00000000,0.05935991,0.05990670,0.10339502,0.02015636,0.00151358,0.00425801,0.00287860,0.00000000,0.03237972,0.00000000,0.00000000,0.01401632,0.00749418,0.02345149,0.35893837,0.11028992,0.00000000,0.02164436,0.03151309,0.00122325,0.00184407,0.02882193,0.23755741,0.00806092,0.05758885,0.12729445,0.25531274,0.10913649,0.00000000,0.12473084,0.01278196,0.03526578,0.00586842,0.00817327,0.01610139,0.00119800,0.15154828,0.01276967,0.04064589,0.05899046,0.11694295,0.02005238,0.00592914,0.00000000,0.01888982,0.00153333,0.00410690,0.00005801,0.79248929,0.00882101,0.01202533,0.20860788,0.15980774,0.00033726,0.04172819,0.06359512,0.00296793,0.01191632,0.01063459,0.00000000,0.00009963,0.00120025,0.00000000,0.02955844,0.00000000,0.08251509,0.00000000,0.06426330,0.00123860,0.01002956,0.00767728,0.00000000,0.29129678,0.03869990,0.04004155,0.09621613,0.20461392,0.15614814,0.00027459,0.00336114,0.31940499,0.00000000,0.21406721,0.10009362,0.05443626,0.01220267,0.00285543,0.01979122,0.15968409,0.19604355,0.04921374,0.00987820,0.29364267,1.45024252,0.00011594,0.00000000,0.00000000,0.21151589,0.24754007,0.09940903,0.05221853,0.03707974,0.00301296,0.00541610,0.00000000,0.00008938,0.16723898,0.00351754,0.00707460,0.07871920,0.16539289,0.00990291,0.11466619,0.12437764,0.04763703,0.15087086,0.02406146,0.08810851,0.00696424,0.03592668,0.01662032,0.00000000,0.05633464,0.00427092,0.00411359,0.55726123,0.06188377,0.00073628,0.15430433,0.02134857,0.00585371,0.02666842,0.10355019,0.01670760,0.08655023,0.70590574,0.06545806,0.02539821,0.01856584,0.02449187,0.08347646,0.12475055,0.00875563,0.01502286,0.03422872,0.00405834,0.11694160,0.03764429,0.06211255,0.00000000,0.01801823,0.00936192,0.00896281,0.02946487,0.01363607,0.16100328,0.00051461,0.15595545,0.00000000,0.00008641,0.08068910,0.02217463,0.01729343,0.17462109,0.00713770,0.00184519,0.05401415,0.11294824,0.00792768,0.02724994,0.00256569,0.04531154,0.00289772,0.00325314,0.13598135,0.00090267,0.00036599,0.00997986,0.00210414,0.03312726,0.00931985,0.04634430,0.48911154,0.00000000,0.00000000,0.02024166,0.00187672,0.02392597,0.00000000,0.06957658,0.06218467,0.06313193,0.00000000,0.02676546,0.00000000,0.02437275,0.29797852,0.11742790,0.00540377,0.25562137,0.00467541,0.00000000,0.01442372,0.09290134,0.00067727,0.02478895,0.82796645,0.00923174,0.04318717,0.28126121,0.14375289,0.02397261,0.01847890,0.00463098,0.09675847,0.00026743,0.09449311,0.03948913,0.00025625,0.10349335,0.00796052,0.05519866,0.01670646,0.01632253,0.03979236,0.00055641,0.69422448,0.07071652,0.00031316,0.29921252,0.04734697,0.00000000,0.00000000,0.03941788,0.00000000,0.52364755,0.04196209,0.07194670,0.12441315,0.02929488,0.04640783,0.00000000,0.00191247,0.02344374,0.26687497,0.06857961,0.03241238,0.00654020,0.02473837,0.00413026,0.00059275,0.04989678,0.01629550,0.01436350,0.00000000,0.00648610,0.00563064,0.03733189,0.01144569,0.00000000,0.00716233,0.01198788,0.30370194,0.03221773,0.01307582,0.28266102,0.26917654,0.01455814,0.03714802,0.00000000,0.00036795,0.00000000,0.21637139,0.00508909,0.26380134,0.00275449,0.00000000,0.00400018,0.00361811,0.07747275,0.17576906,0.00647956,0.15969001,0.02036110,0.07982131,0.00154049,0.02705465,0.16499904,0.01183648,0.17697057,0.09926715,0.00384976,0.01940794,0.00000000,0.08787598,0.21801858,0.00968089,0.02829267,0.02568140,0.00188235,0.02098415,0.01540629,0.00000000,0.03748472,0.00705730,0.00347624,0.05264419,0.68538362,0.00106192,0.00227909,0.05802309,0.01346334,0.00177313,0.03124477,0.07608037,0.08010425,0.00819948,0.17396101,0.00000000,0.00137181,0.00665885,0.08773941,0.01219723,0.15213647,0.00468253,0.13164859,0.01798230,1.10362649,0.02116826,0.05730028,0.02789552,0.03498196,0.00210590,0.32336825,0.00000000,0.00074916,0.35685518,0.10321579,0.00153437,0.00000000,0.00291108,0.02230483,0.02186683,0.04611252,0.00910528,0.00000000,0.00014968,0.00081851,0.08008161,0.14067630,0.28979579,0.02308864,0.23719181,0.41568938,0.01702141,0.72396100,0.09025411,0.01775435,0.61844176,0.00184332,0.00051940,0.24098480,0.00089864,0.02305031,0.07541942,0.00282333,0.01591667,0.00000000,0.00069776,0.02171915,0.11128301,0.56125945,0.34955102,0.00058265,0.03119934,0.00000000,0.07206625,0.04377683,0.00674616,0.00162464,0.01059954,0.01538641,0.01762683,0.00006419,0.03890967,0.13478045,0.10804324,0.15391068,0.04635590,0.00000000,0.03158296,0.01394521,0.00000000,0.00448515,0.03313282,0.00612476,0.02761372,0.00046253,0.00441176,0.00181422,0.00000000,0.07115290,0.01483549,0.02740484,0.00393024,0.28912121,0.00192399,0.05245749,0.30728427,0.00011503,0.00443224,0.08741099,0.00978382,0.05107594,0.00569292,0.11143425,0.00214009,0.00985056,0.00402330,0.26077193,0.00000000,0.02273355,0.02095665,0.03370927,0.00597389,0.05377615,0.24551427,0.00610219,0.00000000,0.01954561,0.00000000,0.13722771,0.39628556,0.00458426,0.00119638,0.00437139,0.02508900,0.17737867,0.00000000,0.28637934,0.01307135,0.00515258,0.01725290,0.07385476,0.08088938,0.20740187,0.00139145,0.00287564,0.84389663,0.01321066,0.00932477,0.04133569,0.01208770,0.66262341,0.01506627,0.00000000,0.00000000,0.00093022,0.00886394,0.00251053,0.10739382,0.03077836,4.43009663,0.10918857,0.00000000,0.00220317,0.00530996,0.00300514,0.30960500,0.02264873,0.02448874,0.02302766,0.23467125,0.01114490,0.00158030,0.00202540,0.03983252,0.01440049,0.00980747,0.05330905,0.00276120,0.03708730,0.00042076,0.15365836,0.06215085,0.03934257,0.12512240,0.06477033,0.00000000,0.14193790,0.00000000,0.04710033,0.00411625,0.23461641,0.00000000,0.12029392,0.13467982,0.01695024,0.22117762,0.01504056,0.00126524,0.00105313,0.01025066,0.03734104,0.00278603,0.02558756,0.11021809,0.00632272,0.00294105,0.00175411,0.26385510,0.09753610,0.05427646,0.00242246,0.01472817,0.00713469,0.20514014,0.00114831,0.02424904,1.09316349,0.01285166,0.91156471,0.00892190,0.03196685,0.18164201,0.04241000,0.00000000,0.01762001,0.25582981,0.00000000,0.00000000,0.00155839,0.05946001,0.00061846,0.17903668,0.13931821,0.17159544,0.61256933,0.00654222,0.03937297,0.02399894,0.05637419,0.00002450,0.09748018,0.01848331,0.01558972,0.01323928,0.00000000,0.06141086,0.12030711,0.01636708,0.01927170,0.02880681,0.12355661,0.04947877,0.01003768,0.01336203,0.03106776,0.01594381,0.04657110,0.00212788,0.02023937,0.00327258,0.05944156,0.04586826,0.00617278,0.00053392,0.00811773,0.37823635,0.00000000,0.08011319,0.12376773,0.00233642,0.00000000,0.04748651,0.08660271,0.00000000,0.02801089,0.25629106,0.00000000,0.00115048,0.00184634,0.13556860,0.02265926,0.03964630,0.25801033,0.02810256,0.01567129,0.01886610,0.00000000,0.01552415,0.00000000,0.00614824,0.02466457,0.57269436,0.01883874,0.05909489,1.59596634,0.02588307,0.00142674,0.00000000,0.03679694,0.64349711,0.00037086,0.00000000,0.01368812,0.01967897,0.00000000,0.00535573,0.00996481,0.28269804,0.09613904,0.00000000,0.00000000,0.01209777,0.00982320,0.00000000,0.00000000,0.05002402,0.03125544,0.00270485,0.02335522,0.01088794,0.18526840,0.00000000,0.00269651,0.06804145,0.45809150,0.00546045,0.04883849,0.01873237,0.00899366,0.00093640,0.04774804,0.00098041,0.01222488,0.00155310,0.01617648,0.03696099,0.00396730,0.02459453,0.00897642,0.49483225,0.00078381,0.00000000,0.00977367,0.09421772,1.25162578,0.03514773,1.41254067,0.24450588,0.26118904,0.24928792,0.00152921,0.00206151,0.19391130,0.02771150,0.87549961,0.49976572,0.00016146,0.00412707,0.00571854,0.60715324,0.09145842,0.07137705,0.02196425,0.00007958,0.09012260,0.02042065,0.00065677,0.04739897,0.00615477,0.08886641,0.00293534,0.04181933,0.01214364,0.00634175,0.01054865,0.27778062,0.11297192,0.16328976,0.00148784,0.00000000,0.00269151,0.00000000,0.01907584,0.00000000,0.00483267,0.00000000,0.01934378,0.00040226,0.02839665,0.00684276,0.03676497,0.00000000,0.02825674,0.00335288,0.10767587,0.00391468,0.04579446,0.43292016,0.04781678,0.00000000,0.00011548,0.04607470,0.41915011,0.18659841,0.39375180,0.00960116,0.00931439,0.15864459,0.16691998,0.07612257,0.00873075,0.13497043,0.11617253,0.01856607,0.00000000,0.01344035,0.06116400,0.01612106,0.30356953,0.05383355,0.11684887,0.29217908,0.00116632,0.04360902,0.84073770,0.00452663,0.53193307,0.03061411,0.04102796,0.00000000,0.04084959,0.01296998,0.00285112,0.11961372,0.01363739,0.00105066,0.01376853,0.02248180,0.01484975,0.03664678,0.00123398,0.00640933,0.02544585,0.24189192,0.01241079,0.07608115,0.67675424,0.01810604,0.15910670,0.08373936,0.02598679,0.00742165,0.25234631,0.00000000,0.05565149,0.00000000,0.00000000,0.05285187,0.01395635,0.00380857,0.19988912,0.00670488,0.00000000,0.00803144,0.00222531,0.00000000,0.04794096,0.01757319,0.04619288,0.00355303,0.38687062,0.00836031,0.18421879,0.00880810,0.00851573,0.01202554,0.04329058,0.30347478,0.12499890,0.00000000,0.02890931,0.03457922,0.19295664,0.00003863,0.00000000,0.17878920,0.85972244,0.07725764,0.08662737,0.00082678,0.06757125,0.08970550,0.04635563,0.10669618,0.11192023,0.01427613,0.03225378,0.01227381,0.00286050,0.03502388,0.01112041,0.00000593,0.11352242,0.00000000,0.02242070,0.49389723,0.35483679,0.02820081,0.02309875,0.01364339,0.02482962,0.00510607,0.58737397,0.03325760,0.12147752,0.00921722,0.01644084,0.00028350,0.40215078,0.20419917,0.00102323,0.12240992,0.00126199,0.23289683,0.00058919,0.12045807,0.08168517,0.09123357,0.00721236,0.01278331,0.02054859,0.61893952,0.00268550,0.03439230,0.04710066,0.02245623,0.21434702,0.03202809,0.01212926,0.01103291,0.00451180,0.14406233,0.07815240,0.19864610,0.03539760,0.06121180,0.03740767,0.04123705,0.24205419,0.07167377,0.21263100,0.00513284,0.00202023,0.04722425,0.03090978,0.02490412,0.03243988,0.00000000,0.09412134,0.00000000,0.02731473,0.00000000,0.00000000,0.00153384,0.00991913,0.00198061,1.29096651,0.00004000,0.04016528,0.02078244,0.00109046,0.07350782,0.04720291,0.00000000,0.12671880,0.00000000,0.00202106,0.00677557,0.00000000,0.06644531,0.00283169,0.00362661,0.56644315,0.00024576,0.02975385,0.00334523,0.35027072,0.71582949,0.00052466,0.03111642,0.00707266,0.29436830,0.10409620,0.10310182,0.00093495,0.00000000,0.01801367,0.01078117,0.27163687,0.26357639,0.19813050,0.00895174,0.00000000,0.12246397,0.00056700,0.29335791,0.02098490,0.63075322,0.00521676,0.00141463,0.02525690,0.01118173,0.22624102,0.17162877,0.07938650,0.00062998,0.00000000,0.03944209,0.04908141,0.04498151,0.03382305,0.00173789,3.12517023,0.00000000,0.01372174,0.00023890,0.50889879,0.00297578,0.08369032,0.25311163,0.00339540,0.00000000,0.51894760,0.06059949,0.00070662,0.00000000,0.01830805,0.00702840,0.09157652,0.09968045,0.00946668,0.02706443,0.00377056,0.00266545,0.02784025,0.01756647,0.03894016,0.07592003,0.00964433,0.00369192,0.00358563,0.00000000,0.10406084,0.02634629,0.02719007,0.00000000,0.01362510,0.10116646,0.00774237,0.01866284,0.01005334,0.00801949,0.36896309,0.08950222,0.05884528,0.10632226,0.05081922,0.02459495,0.00377809,0.01437200,0.00000000,0.00615342,0.05757443,0.18692477,0.16726322,0.00552824,0.00177274,0.80317557,0.00000000,0.03130005,0.00000000,0.01957638,0.16328746,0.26993793,0.00137839,0.13188748,0.00000000,0.02333087,0.00044214,0.10734738,0.43964893,0.02021709,0.00000000,0.04976727,0.06239704,0.00853720,0.48917696,0.00264662,0.00000000,0.04063666,0.01364169,0.01629444,0.91671681,0.42269042,0.02048791,0.00341185,0.00000000,0.01636796,0.02713679,0.01041725,0.02858057,0.00024459,0.00159990,0.13017938,0.68185025,0.01937866,0.02556838,0.01076974,0.13660207,0.01592189,0.13077840,0.00491867,0.76553267,0.00595536,0.06094661,0.17848065,0.10148306,0.02601786,0.02191051,0.00776126,0.04467995,1.49985719,0.04171834,0.04500915,0.22355188,0.07007104,0.00000000,0.05022423,0.11861493,0.00419675,0.00352548,0.00038687,0.00386244,0.17416745,0.00000000,0.00000000,0.00000000,0.00000000,0.01393693,0.03432721,0.37429821,0.00109626,0.00944555,0.00985253,0.12581609,0.00417924,0.01588603,0.02805554,0.00098974,0.01818983,0.11981428,0.05076995,0.01285795,0.00070656,0.01400969,0.01628813,0.01525153,0.27435303,0.31356472,0.00577050,0.01594446,0.09383826,0.23442675,0.00000000,0.02464047,1.06803370,0.13052778,0.00000000,0.08539268,0.00334493,0.02123575,0.01852762,0.01983265,0.00650364,0.04694972,0.00000000,0.11094446,0.00000000,0.06596842,0.00105495,0.20940986,0.00850966,0.00629574,0.03152126,0.10503742,0.00356029,0.00005694,0.00180404,0.03761332,0.02308812,0.00106409,0.00000000,0.14858873,0.00000000,0.01022725,0.01064281,0.01315915,0.00586090,0.02619195,0.00192957,0.04560848,0.02890916,0.27195904,0.00028148,0.03269943,0.00518273,0.00713834,0.00928728,0.00405383,0.03699848,0.00000000,0.26845181,0.00114326,0.00246810,0.16966119,0.00075319,0.06577718,0.10315493,0.03014094,0.01769376,0.00503828,0.05715258,0.01430151,2.28239059,0.00212813,0.01422391,0.03118722,0.02389327,0.00965090,0.05890223,0.16169678,0.00000000,0.01902238,0.67460656,0.01815408,0.01674712,0.02617366,0.02013598,0.00732222,0.41051501,0.00893328,0.00691392,0.01769347,0.00178463,0.00000000,0.00193318,0.00000000,0.05544747,0.16499127,0.00000000,0.02223113,0.01624827,0.00662520,0.72854280,0.09352527,0.00000000,0.47119009,0.00000000,0.00577130,0.01035876,0.03039498,0.00371972,0.01898286,0.00000000,0.00829188,0.02770088,0.00000000,0.00253769,0.13688879,0.21254608,0.01281762,0.13258912,0.01445199,0.12800482,0.01326408,0.00192603,0.00041720,0.01749316,0.01351208,0.07094007,0.16576244,1.02508593,0.02896209,0.02168551,1.39512312,0.01123350,0.09379010,0.00247018,0.08683346,0.00266780,0.01320352,0.05027084,0.02675084,0.02659607,0.00093028,0.00200208,0.00258399,0.01295484,0.00342188,0.00052721,0.01493168,0.16135834,0.01663637,0.00047948,0.73845899,0.00469280,0.06439877,0.12148319,0.00619090,0.01934656,0.02864174,0.11139305,0.00065822,0.00000000,0.01576683,0.00016164,0.09833364,0.11672428,0.00976211,0.05228565,0.01468265,0.00000000,0.00785059,0.00000000,0.05776800,0.00000000,0.19019267,0.01986156,0.00148501,0.20986982,0.05316755,0.02208419,0.30071163,0.01377115,0.04258012,0.02117859,0.05824548,0.00989795,0.29676306,0.09946954,0.00000000,0.00033202,0.00369471,0.48317832,0.01504721,0.03659480,0.13556853,0.00000000,0.18296584,0.00000000,0.00000000,0.00000000,0.00448452,0.00053749,0.00149091,0.00528807,0.00000000,0.00000000,0.03841455,0.00000000,0.04682950,0.03000734,0.23971267,0.01132390,0.00000000,0.01027554,0.01407713,0.26637489,0.00000000,0.09830606,0.12099871,0.00000000,0.00019097,0.00000000,0.00000000,0.01309209,0.18923691,0.04164309,0.00000000,0.00142652,0.00061197,0.00000000,0.09803819,0.00124368,0.00053780,0.00000000,0.00094773,0.00503753,0.35782051,0.18852404,0.00000000,0.00078875,0.00738046,0.00252413,0.12700829,0.41712072,0.08852509,0.24295883,0.00000000,0.00899016,0.25323761,0.09013985,0.01981053,0.01053157,0.02177300,0.24812670,0.04346867,0.01521924,0.01199816,0.02098988,0.00122798,0.01349527,0.00000000,0.01685987,0.02822350,0.02456984,0.02316623,0.00179972,0.00151679,0.00803181,0.08356621,0.00092894,0.03874673,0.00000000,0.38719955,0.00716300,0.05397340,0.00148045,0.01403309,0.04913190,0.01684907,0.12263989,0.01621887,0.00000000,0.08879936,0.00001213,0.21072188,0.58274519,0.65774465,0.07935806,0.01345248,0.01709460,0.08290653,0.01814764,0.00463516,0.05567722,0.00000000,0.64873523,0.01863503,0.00000000,0.03369024,0.49602994,0.00966110,2.55848169,0.01440824,0.01600045,0.06992189,0.00751050,0.07031792,0.10889732,0.04949368,0.01800588,0.32002458,0.19298385,0.01125898,0.08030516,0.03307486,0.00176961,0.00000000,0.02053543,0.00401047,0.00104362,0.04553449,0.00327770,0.00835511,0.02775110,0.00000000,0.06818949,0.00000000,0.00036066,0.04517384,0.00279181,0.28297943,0.00108661,0.00657762,0.04316780,0.00099376,0.08863462,0.00000000,0.15962180,0.06460592,0.00507739,0.01523217,0.02985850,0.06631053,0.00343416,0.04512704,0.23907006,0.23933506,0.07816698,0.00000000,0.01196173,0.03089903,0.04240786,0.00277753,0.00000000,0.01413283,0.01335980,0.01176980,0.15788615,0.07788421,0.04410239,0.01378578,0.08296359,0.00103475,0.01969827,0.00026603,0.00000000,0.07614832,0.00000000,0.00354997,0.00113145,0.12172516,0.19934922,0.01529618,0.20432502,0.09787102,0.00432096,0.00821292,0.03386341,0.95281643,0.00229376,0.55019486,0.05300366,0.24053831,0.07901074,0.05209329,0.00000000,0.01818834,0.00226559,0.01808622,0.02065270,0.01958172,0.14471585,0.06925438,0.00035983,0.00186728,0.01037597,0.00000000,0.00945456,0.27894646,0.08754626,0.01056767,0.00069238,0.00292840,0.00153651,0.01035402,0.00324906,0.40637147,0.02803673,0.00033039,0.00000000,0.19800702,0.01105200,0.01295442,0.00000000,0.03712923,0.17454980,0.26219404,0.40471104,0.16435061,0.33994919,0.00646658,0.02157754,0.00066084,0.00000000,0.00000000,0.00661101,0.00000000,0.04240776,0.00141680,0.36630857,0.02364855,0.04767572,0.00018607,0.02655681,0.00899274,0.00000000,0.24595824,0.00275438,0.08520839,0.00211206,0.04339118,0.00000000,0.01895513,0.20655650,0.09256721,0.00000000,0.13492897,0.00844590,0.00151615,0.10812610,0.07080348,0.00452155,0.01265284,0.27010709,0.00719846,0.00196041,0.00000000,0.13283193,0.09059270,0.01356206,0.00000000,0.00289797,0.00715531,0.00758040,0.00506163,0.03602371,0.00820046,0.02944021,0.00000000,0.02443981,0.00059527,0.00359372,0.00006036,0.01758467,0.18866871,0.00079400,0.00676516,1.39848399,0.01483397,0.53649062,0.00240957,0.00000000,0.23939936,0.01593386,0.05386985,0.13003336,0.00210692,0.08012072,0.03342338,0.00000000,0.05703532,0.15243611,0.00764769,0.02404984,0.06982644,0.00302143,0.04055338,0.05910147,0.00007547,0.00077594,0.00154064,0.01532496,0.04104908,0.06169527,0.01784576,0.02600590,0.00080557,0.00832567,0.01325865,0.00002332,0.06210578,0.05966777,0.20865139,0.78836364,0.00713309,0.10746152,0.00183394,0.27290040,0.00000000,0.00314327,0.00384826,0.01712890,0.00127596,0.04397736,0.00000000,0.00000000,0.01803711,0.11709145,0.15855020,0.00647985,1.35264337,0.00000000,0.00309674,0.01192590,0.52576250,0.37160930,0.00021784,0.05251526,0.02024775,0.00000000,0.07509007,0.00323513,0.01818645,0.00000000,0.01266050,0.11576177,0.01451106,0.04931962,0.05871442,0.00206048,0.01563271,0.00000000,0.12301848,0.01418559,0.01173296,0.02358226,0.21998036,0.09498625,0.00582330,0.00490652,0.09950053,0.09485273,0.05843693,0.00000000,0.04987014,0.00329630,0.02955323,0.02774376,0.01823921,0.18793294,0.12606610,0.61260718,0.01425860,0.00000000,0.00537737,0.00018376,0.01135391,0.02531569,0.00000000,0.00146393,0.13587032,0.01607847,0.21418297,0.00523198,0.02068312,0.04233137,0.28180400,0.07107414,0.09873155,0.00196948,0.00537924,0.14335020,0.00000000,0.15230305,0.04507633,0.00827382,0.18331762,0.03069642,0.00058136,0.24700980,0.00397805,0.00875517,0.03591564,0.17789233,0.00057104,0.19058588,0.00000000,0.03409410,0.00498803,0.06961814,0.00403563,0.02361884,0.00626635,0.00452076,0.12316002,0.26356751,0.04388255,0.03188942,0.00000518,0.01089127,0.00313574,0.02485953,0.52300459,0.00050672,0.00350341,0.00207606,0.04484503,0.18222386,0.00000000,0.00000000,0.08601222,0.04217489,0.02653069,0.00026346,0.12572262,0.00558162,0.08794002,0.00686204,0.00314528,0.00000000,0.02034029,0.00358510,0.01581748,0.08798695,0.00000000,0.00757422,0.01475122,0.71128649,0.01347678,0.00000000,0.00000000,0.00121060,0.00000000,0.14703159,0.00201599,0.02214757,0.00964620,0.00336211,0.04357295,0.06260745,0.00464240,0.00844596,0.00000000,0.00000000,0.03095797,0.03626991,0.00854044,0.00266210,0.41759023,0.04270859,0.00923704,0.00041210,0.24620514,0.01150236,0.16717178,0.04435798,0.03347901,0.00000000,0.97884762,0.00758912,0.32496899,0.08060015,0.00599207,0.24521172,0.04572218,0.09123186,0.00084241,0.00000000,0.00000000,0.00589435,0.04797081,0.04284091,0.01077142,0.15116040,0.06810899,0.00000000,0.01789089,0.01575939,0.04543450,0.00620501,0.00582200,0.00000782,0.01853791,0.01638721,0.00699578,0.12897493,0.02926127,0.07199666,0.05403973,0.00000000,0.08240140,0.02547619,0.42208028,0.00831567,0.03034195,0.08953868,0.59150714,0.00376458,0.06232060,0.00000000,0.00000000,0.26615226,0.00920619,0.02557453,0.00998717,0.00413772,0.03924338,0.08358297,0.00834621,0.00000000,0.08195301,0.00742485,0.06806552,0.05276054,0.01805466,0.40637058,0.00495980,0.02761305,0.14169702,0.00426982,0.00000000,0.02331054,0.05480588,0.07074344,0.00000000,0.05876585,0.02749746,0.09213042,0.04608733,0.00000000,0.23319890,0.16885012,0.12159184,0.24526337,0.01704475,0.00966001,0.14559193,0.00000000,0.02259122,0.00000000,0.00000000,0.04994827,0.00871482,0.25918892,0.03105217,0.57148272,0.02329051,0.00509895,0.34154597,0.00000000,0.32186401,0.01334231,0.04037546,0.06624499,0.00248044,0.00074418,0.00935935,0.24160035,0.00487392,0.04918438,0.00000000,0.40031153,0.00000000,0.00423835,0.00906090,0.03289652,0.00888841,0.00182765,0.00148573,0.07608567,0.42351043,0.00265974,0.02848888,0.00120959,0.20708114,0.16529685,0.36549255,0.00000000,0.00000000,0.00582128,0.00000000,0.02213662,0.72065377,0.14905609,0.10485122,0.05571282,0.00234468,0.00000000,0.08547562,0.01160636,0.00474059,0.06568623,0.00190850,0.04359558,0.15245186,0.00000000,0.00338947,0.00941239,0.27281570,0.00000000,0.01713316,0.05382292,0.00286567,0.00189488,0.00285207,0.00000000,0.00258842,0.00000000,0.17498204,0.05392412,0.00000000,0.00981220,0.00000000,0.04013316,0.05404163,0.02294136,0.12435586,0.03228553,0.04034264,0.00000000,0.00445224,0.00000000,0.08937047,0.00538245,0.04958158,0.02336450,1.23452663,0.03067101,0.25257468,0.03066644,0.00068531,0.08223269,0.02819759,0.03549358,0.47669214,0.25959650,0.03137477,0.03599006,0.52861494,0.00000000,0.00000000,0.13986298,0.00000000,0.11476617,0.18549804,0.04461820,0.02808109,0.09151110,0.00389265,0.05914374,0.07257164,0.04133076,0.00599912,0.16363868,0.38527098,0.01196886,0.07313609,0.01284735,0.11676344,0.18181033,0.02667304,0.02513071,0.03306259,0.00000000,0.01348893,0.38259807,0.06749194,0.04113004,0.01181718,0.05701351,0.03237780,0.01486448,0.10153162,0.00239734,0.20454141,0.10337165,0.10934754,0.02424048,0.01334082,0.00000000,0.00799161,0.02366671,0.23869157,0.00000000,0.02507100,0.29330486,0.32444963,0.13662890,0.30207339,0.04904799,0.10368831,0.00000000,0.04527265,0.27407435,0.01057274,0.08812988,0.00367281,0.05425985,0.04458969,0.05381580,0.30656102,0.01107545,0.00413020,0.13835706,0.00538132,0.08020233,0.11019106,0.15284416,0.05270396,0.01642573,0.04814862,0.27851406,0.02381804,0.00255569,0.00167470,0.35481673,0.08543764,0.09447280,0.04563013,0.00000000,0.00000000,0.05480536,0.15679018,0.01672725,0.00813693,0.18420632,0.00919728,0.00045357,0.10094237,0.06562494,0.20785564,0.00000000,0.00540983,0.03802745,0.05195577,0.00336033,0.03262604,0.13261746,0.01700750,0.02152381,0.00516823,0.00145052,0.00963663,0.03654420,0.00823264,0.02235539,0.11351844,0.00969994,0.05359716,0.02172602,0.62440109,0.00000000,0.09195064,0.02360746,0.03489507,0.00197231,0.01983557,0.13011062,0.09408953,0.01946565,0.00713288,0.12183739,0.00000000,0.07641570,0.11668926,0.07339786,0.01663742,0.00264803,0.00720008,0.00561481,0.00000000,0.08021068,0.00000000,0.00000000,0.03278418,0.01283797,0.04346479,0.21218979,0.12005364,0.00000000,0.02703383,0.07792043,0.00265960,0.00240943,0.04427389,0.22333308,0.01906813,0.06070721,0.13132189,0.15217720,0.07015885,0.00000000,0.15116198,0.01480580,0.05213208,0.01552639,0.01100378,0.02570567,0.00316960,0.11193446,0.01875549,0.08929418,0.04298883,0.07324925,0.03393031,0.01167018,0.00000000,0.02765592,0.00405682,0.00642629,0.00015347,0.58081204,0.01728191,0.03181604,0.13875699,0.13517223,0.00058545,0.06328382,0.05746805,0.00785240,0.01997769,0.02414538,0.00000000,0.00026360,0.00317557,0.00000000,0.03377829,0.00000000,0.03618532,0.00000000,0.05480444,0.00327702,0.01449454,0.01473315,0.00000000,0.49159431,0.05892600,0.04196285,0.11952564,0.22228016,0.09587740,0.00050663,0.00615515,0.40909037,0.00000000,0.11150298,0.08618167,0.09053263,0.02273883,0.00755476,0.03635256,0.08531204,0.08230487,0.06604039,0.00967700,0.22562434,0.40573463,0.00030674,0.00000000,0.00000000,0.09149922,0.12815498,0.07133272,0.05349031,0.08318156,0.00638860,0.01432966,0.00000000,0.00023647,0.12223445,0.00625415,0.01415511,0.05360375,0.15015896,0.01608588,0.10937387,0.02444234,0.04289006,0.11232626,0.02201061,0.17393950,0.01235372,0.07804708,0.03486548,0.00000000,0.08661150,0.01129979,0.00694512,0.42099330,0.15226759,0.00194803,0.13288054,0.04614833,0.00930195,0.04933544,0.05784423,0.01792881,0.05368309,0.53152889,0.05598896,0.02569060,0.01799169,0.04755029,0.07068990,0.12979998,0.01577502,0.01753460,0.05234806,0.00795876,0.08544052,0.05363554,0.04202338,0.00000000,0.02074088,0.01425843,0.02103779,0.00888033,0.02833587,0.06680468,0.00136153,0.31915608,0.00000000,0.00022863,0.07039235,0.03545187,0.02545177,0.22180273,0.01265251,0.00488190,0.03810518,0.06905074,0.01318638,0.04081232,0.00451864,0.04316035,0.00393146,0.00860701,0.09686490,0.00206202,0.00096831,0.00893266,0.00556703,0.04057349,0.01265760,0.11144505,0.52132624,0.00000000,0.00000000,0.02994451,0.00326785,0.03359228,0.00000000,0.13808791,0.07209837,0.04167576,0.00000000,0.01739154,0.00000000,0.03735423,0.12407637,0.08540618,0.00934789,0.14740176,0.01236997,0.00000000,0.02965094,0.10396231,0.00121723,0.02330350,0.28833094,0.01826931,0.07648114,0.11988454,0.12653755,0.03631730,0.01447564,0.01062476,0.14518423,0.00060486,0.08188079,0.03667002,0.00067798,0.06395603,0.01695579,0.06219427,0.02961037,0.01400871,0.06897310,0.00122859,0.51704526,0.06115412,0.00082854,0.12912117,0.05847783,0.00000000,0.00000000,0.05963840,0.00000000,0.25684765,0.08324136,0.09094308,0.22562043,0.03346446,0.03831937,0.00000000,0.00324503,0.03713508,0.15079163,0.09060434,0.05167368,0.01730375,0.06545157,0.00732085,0.00156826,0.04698830,0.02865470,0.01988810,0.00000000,0.00664040,0.00975369,0.05173477,0.02316873,0.00000000,0.00773562,0.01256562,0.42420122,0.07646273,0.01538190,0.18070087,0.31345201,0.02377581,0.05131814,0.00000000,0.00097351,0.00000000,0.10243351,0.01307220,0.12565580,0.00728771,0.00000000,0.01058347,0.00804933,0.05880164,0.13564740,0.01146954,0.20993143,0.04423918,0.08338434,0.00304713,0.02903219,0.20355867,0.01392517,0.15041202,0.10566242,0.01018551,0.03791427,0.00000000,0.09322689,0.23538449,0.01692569,0.07485538,0.04999464,0.00498024,0.02026326,0.04032498,0.00000000,0.08548039,0.01222361,0.00919726,0.13211991,0.27684698,0.00228144,0.00354817,0.08585343,0.02357861,0.00469125,0.04174186,0.11115641,0.07206269,0.01672894,0.14925162,0.00000000,0.00362948,0.01514870,0.05011876,0.01325716,0.17954862,0.01049563,0.16231723,0.03502417,0.33533654,0.03042782,0.08974060,0.04918773,0.06317281,0.00364848,0.30253404,0.00000000,0.00198210,0.19141014,0.07022477,0.00270073,0.00000000,0.00380158,0.03111270,0.03969195,0.05678210,0.01848497,0.00000000,0.00039602,0.00216556,0.10252954,0.09517498,0.18332542,0.02515909,0.20389690,0.19716817,0.02121203,0.18702188,0.08908557,0.04697359,0.20238075,0.00487698,0.00106093,0.16263692,0.00197514,0.03100454,0.14559960,0.00746984,0.03922277,0.00000000,0.00176961,0.04927338,0.08705403,0.20480306,0.12229165,0.00154155,0.03775516,0.00000000,0.08871429,0.05707273,0.01784865,0.00412026,0.02333808,0.02500649,0.02303952,0.00016984,0.03649561,0.08718458,0.06481391,0.21015102,0.04475078,0.00000000,0.07023968,0.01611727,0.00000000,0.00726823,0.05522804,0.01123530,0.03783288,0.00122374,0.01167241,0.00348860,0.00000000,0.07383236,0.03925101,0.04848455,0.00953996,0.17601605,0.00345101,0.06178283,0.19056967,0.00030433,0.00698324,0.19365445,0.01575042,0.06107355,0.01077070,0.08359057,0.00566216,0.02606212,0.00865774,0.15551540,0.00000000,0.05125407,0.02284398,0.03092685,0.01170408,0.03555262,0.19775195,0.00519876,0.00000000,0.01902333,0.00000000,0.11753662,0.21198305,0.00729825,0.00316532,0.01154400,0.02226025,0.11321425,0.00000000,0.12373536,0.02980135,0.01363244,0.01827798,0.09248244,0.08885048,0.13997309,0.00368142,0.00566384,0.16221961,0.01623518,0.02467102,0.06595933,0.01348611,0.48484138,0.03096279,0.00000000,0.00000000,0.00246113,0.01520685,0.00664225,0.08831183,0.03133164,0.72595322,0.11590438,0.00000000,0.00412471,0.00772462,0.00532875,0.24282379,0.02865070,0.02957619,0.04069404,0.10281619,0.01196745,0.00418108,0.00535871,0.10538694,0.03122641,0.01868268,0.04977620,0.00730544,0.01817221,0.00111324,0.16895786,0.08841721,0.09309732,0.08930063,0.07970545,0.00000000,0.06360273,0.00000000,0.03870425,0.01072762,0.14224294,0.00000000,0.11738236,0.11498525,0.01558348,0.21329141,0.01926847,0.00334750,0.00278633,0.01619488,0.05378338,0.00737115,0.04604344,0.10925039,0.01093411,0.00696871,0.00464094,0.18382025,0.03468487,0.05821579,0.00425153,0.01690308,0.01599246,0.21509878,0.00303814,0.02367330,0.43688029,0.02120675,0.44570673,0.01187277,0.04530394,0.08584642,0.07494782,0.00000000,0.03329538,0.27655646,0.00000000,0.00000000,0.00223354,0.11729707,0.00163628,0.08922365,0.07793708,0.20277159,0.29892889,0.01176286,0.04967133,0.05731383,0.04062011,0.00006481,0.09047047,0.03704577,0.02695085,0.02756497,0.00000000,0.07532121,0.11429694,0.03604816,0.02634358,0.04154561,0.19868352,0.07019840,0.01387055,0.02817909,0.04021182,0.02288275,0.06253103,0.00562985,0.02496162,0.00507831,0.10561491,0.06909964,0.01056984,0.00141263,0.01049931,0.20912386,0.00000000,0.10182069,0.09979989,0.00489249,0.00000000,0.04752984,0.09001675,0.00000000,0.03766435,0.30421475,0.00000000,0.00304389,0.00332948,0.08035323,0.03694933,0.04167346,0.28082260,0.03261711,0.02697482,0.02423258,0.00000000,0.02259954,0.00000000,0.01626671,0.02673686,0.37386259,0.03732350,0.08837886,0.47275159,0.04806526,0.00377480,0.00000000,0.02706828,0.37187988,0.00098120,0.00000000,0.02086556,0.03896338,0.00000000,0.00569859,0.01923357,0.16009547,0.15799899,0.00000000,0.00000000,0.03200770,0.01675081,0.00000000,0.00000000,0.09052404,0.05040456,0.00640182,0.03008202,0.01614970,0.21426816,0.00000000,0.00417937,0.03475464,0.20349236,0.00987768,0.04601166,0.04386530,0.01202198,0.00247749,0.04335830,0.00259391,0.01668250,0.00269046,0.02291958,0.04145941,0.00906581,0.02646109,0.01191459,0.40858358,0.00207376,0.00000000,0.02049418,0.08142203,0.42410558,0.02940566,0.70860201,0.13818461,0.32742369,0.10505453,0.00271063,0.00284267,0.14505100,0.03221400,0.33067000,0.43741596,0.00042719,0.00663516,0.01144554,0.27139366,0.15526831,0.06625669,0.02461038,0.00021055,0.07030504,0.04035843,0.00173765,0.08272089,0.00663715,0.06628667,0.00678244,0.06794916,0.02870897,0.00733802,0.01949891,0.23961538,0.06062699,0.08018861,0.00393645,0.00000000,0.00503481,0.00000000,0.04107555,0.00000000,0.00923475,0.00000000,0.03234841,0.00106428,0.05358409,0.01093782,0.02328259,0.00000000,0.05651944,0.00611168,0.04612530,0.01035728,0.10183055,0.38102207,0.06618650,0.00000000,0.00030553,0.06529131,0.16869506,0.13470128,0.38024816,0.01162542,0.01859757,0.13451566,0.32394263,0.03952066,0.01100092,0.08310017,0.10576495,0.01762920,0.00000000,0.01428111,0.05509239,0.01766544,0.10788316,0.05923353,0.08785160,0.23536751,0.00308580,0.03947475,0.49202585,0.00817747,0.30894834,0.02862137,0.07121965,0.00000000,0.04791462,0.01023834,0.00754335,0.15804602,0.02221464,0.00277979,0.01464473,0.05557180,0.02462118,0.09695827,0.00290038,0.00614228,0.02203602,0.14280383,0.03048818,0.14268349,0.29678825,0.03643626,0.07523828,0.08046640,0.04072320,0.01286379,0.10951147,0.00000000,0.04709745,0.00000000,0.00000000,0.03646261,0.01663364,0.00663718,0.13827449,0.01726337,0.00000000,0.01084882,0.00588763,0.00000000,0.06458233,0.01859538,0.03945130,0.00919821,0.15895228,0.01356970,0.10409437,0.01527903,0.01717339,0.01450308,0.04850857,0.54737622,0.13832137,0.00000000,0.04091667,0.05247331,0.13451160,0.00010221,0.00000000,0.12101046,0.26445121,0.14726792,0.08677742,0.00200534,0.04328102,0.07752927,0.02925383,0.09673589,0.12484274,0.01726258,0.05454769,0.02008836,0.00730565,0.02495184,0.02537900,0.00001569,0.07585579,0.00000000,0.02725726,0.19590820,0.15752774,0.03233134,0.03588460,0.03050972,0.05121769,0.01040768,0.29964989,0.06255721,0.09911481,0.01267183,0.02749776,0.00075006,0.40517443,0.14583294,0.00270721,0.09811094,0.00238684,0.10587613,0.00155885,0.09465630,0.08796083,0.09246618,0.01908211,0.01720837,0.02104964,0.24981651,0.00363350,0.07252038,0.04042472,0.03051785,0.10549687,0.03355084,0.02138573,0.02230904,0.01193709,0.27416721,0.14277811,0.23486708,0.05416794,0.04570284,0.07506005,0.04972163,0.17385460,0.06294325,0.11561441,0.01358023,0.00534502,0.05030128,0.03820493,0.01816646,0.03886686,0.00000000,0.10908882,0.00000000,0.04798868,0.00000000,0.00000000,0.00198249,0.01078008,0.00524021,0.41840485,0.00010582,0.06995725,0.03639140,0.00288509,0.08530588,0.03683571,0.00000000,0.14544304,0.00000000,0.00526351,0.01758947,0.00000000,0.04177093,0.00749195,0.00959511,0.37280181,0.00065021,0.03064076,0.00770533,0.17098632,0.42975315,0.00138812,0.05784955,0.01143736,0.13987306,0.12890543,0.09797829,0.00247365,0.00000000,0.03902291,0.02659514,0.31163061,0.12794119,0.11793479,0.01235376,0.00000000,0.20168068,0.00144698,0.11344150,0.01452053,0.44986176,0.00911018,0.00374276,0.02471337,0.01407081,0.11897400,0.25916854,0.20116735,0.00166676,0.00000000,0.07006156,0.05229109,0.03864463,0.02561791,0.00459804,0.67438334,0.00000000,0.02439613,0.00063207,0.44123974,0.00552604,0.04876072,0.38205490,0.00408972,0.00000000,0.17750756,0.04575472,0.00135792,0.00000000,0.03529363,0.01291992,0.09294809,0.10281124,0.02504649,0.04736394,0.00997596,0.00619024,0.02413151,0.04031869,0.03805932,0.12039144,0.01348966,0.00834113,0.00621067,0.00000000,0.10084603,0.02064757,0.03948092,0.00000000,0.01333778,0.14209965,0.01763017,0.02165559,0.02594666,0.00886978,0.14438757,0.13502721,0.05140550,0.08029795,0.04990425,0.02344906,0.00847787,0.02666657,0.00000000,0.00770194,0.08771574,0.17657526,0.10446265,0.00973011,0.00388055,0.25932461,0.00000000,0.03439043,0.00000000,0.04868643,0.20903744,0.18719719,0.00364687,0.08393802,0.00000000,0.03540589,0.00116978,0.09392226,0.19988649,0.03227086,0.00000000,0.04931640,0.07751226,0.02233239,0.20911279,0.00700231,0.00000000,0.03230751,0.00985826,0.02189449,0.45225748,0.32266033,0.03677130,0.00902691,0.00000000,0.02861814,0.04865506,0.01952568,0.06023753,0.00064712,0.00377356,0.13798496,0.39366421,0.02539816,0.03557086,0.01417254,0.10260800,0.03266834,0.15641791,0.01301358,0.13444987,0.01317475,0.10720320,0.14698525,0.10947736,0.02357993,0.02815347,0.02047553,0.02891092,0.54741907,0.08729751,0.03833612,0.15705778,0.06312782,0.00000000,0.06660259,0.08606423,0.00483242,0.00492424,0.00102356,0.00545876,0.08850566,0.00000000,0.00000000,0.00000000,0.00000000,0.03401311,0.04823694,0.32618415,0.00282378,0.01462677,0.01746614,0.12246716,0.00665484,0.02376539,0.04234720,0.00261860,0.02371550,0.06289457,0.06004437,0.02504013,0.00186938,0.03674784,0.02315723,0.03103450,0.10170262,0.17808215,0.00875680,0.03883342,0.05907089,0.18352926,0.00000000,0.04408453,0.29646945,0.10269369,0.00000000,0.07768895,0.00712720,0.04746246,0.02805915,0.02755902,0.01317853,0.06636725,0.00000000,0.06044669,0.00000000,0.08386452,0.00279114,0.10031706,0.01953854,0.00979840,0.03876772,0.09618679,0.00668077,0.00015065,0.00394422,0.03880190,0.04517463,0.00281530,0.00000000,0.08437517,0.00000000,0.01495982,0.01849997,0.02229339,0.01024577,0.02570033,0.00335467,0.05548447,0.03711011,0.20199712,0.00074474,0.02489729,0.00980054,0.01745191,0.01190672,0.00734482,0.08232715,0.00000000,0.22523677,0.00302478,0.00321913,0.09204953,0.00199274,0.13805911,0.12853579,0.04282155,0.02134237,0.00996567,0.05298019,0.02116205,0.79838854,0.00390419,0.01730852,0.06321723,0.04426371,0.02553388,0.04429363,0.24909376,0.00000000,0.02158743,0.14988092,0.01981152,0.02232711,0.04523300,0.03734351,0.01576911,0.41612175,0.01653855,0.01313477,0.03221742,0.00472169,0.00000000,0.00411850,0.00000000,0.04361942,0.16803348,0.00000000,0.03292255,0.01903689,0.01752863,0.21149710,0.05013156,0.00000000,0.21193391,0.00000000,0.00797786,0.02099808,0.04634298,0.00941124,0.01888019,0.00000000,0.01155287,0.03995159,0.00000000,0.00654733,0.13369945,0.07708535,0.01251426,0.20102981,0.02689400,0.08642728,0.01588782,0.00420287,0.00110381,0.02379542,0.02792648,0.05547921,0.11706785,0.34583679,0.01752986,0.03135794,0.77258646,0.01993703,0.08826610,0.00653547,0.04384140,0.00347865,0.02067426,0.10922360,0.04279523,0.02876101,0.00246128,0.00529701,0.00416797,0.02969377,0.00905344,0.00138460,0.02866476,0.25889215,0.02886023,0.00126859,0.42939964,0.00590388,0.05123970,0.18769607,0.00970532,0.01983923,0.02269560,0.07705106,0.00174149,0.00000000,0.03073605,0.00042765,0.05699965,0.13573067,0.02413118,0.06014331,0.01581636,0.00000000,0.01752614,0.00000000,0.08343722,0.00000000,0.23178180,0.02870953,0.00258716,0.21218236,0.02437710,0.04334559,0.16309464,0.01307964,0.04039042,0.02245311,0.10912543,0.02232569,0.16635835,0.13159810,0.00000000,0.00087844,0.00961050,0.17387863,0.03283690,0.06940979,0.08073936,0.00000000,0.10319660,0.00000000,0.00000000,0.00000000,0.00902497,0.00142206,0.00394457,0.00570474,0.00000000,0.00000000,0.07355557,0.00000000,0.07499226,0.04349868,0.20003426,0.01636027,0.00000000,0.01161710,0.03347101,0.18185900,0.00000000,0.12953822,0.12053166,0.00000000,0.00050525,0.00000000,0.00000000,0.01818027,0.17606476,0.05076998,0.00000000,0.00249062,0.00161912,0.00000000,0.07457694,0.00164738,0.00142289,0.00000000,0.00250747,0.00832431,0.30432078,0.14073038,0.00000000,0.00110759,0.01029251,0.00667821,0.10098324,0.33654264,0.10470399,0.19818130,0.00000000,0.01247340,0.14758268,0.06878533,0.02378708,0.01780211,0.05684104,0.22210395,0.07573057,0.01486214,0.01636452,0.03302005,0.00324892,0.01400756,0.00000000,0.03037994,0.06342065,0.02330613,0.03397058,0.00322849,0.00309873,0.01412495,0.09386057,0.00245774,0.03877676,0.00000000,0.58096457,0.01317909,0.09294035,0.00391691,0.02912008,0.08004592,0.01460251,0.08574224,0.02110828,0.00000000,0.08277852,0.00003209,0.15784670,0.24721877,0.37985140,0.03931006,0.01865377,0.02704847,0.06576518,0.04801413,0.00974608,0.06091777,0.00000000,0.45655087,0.02743419,0.00000000,0.03339070,0.46397436,0.01856232,0.54933965,0.02603880,0.01997020,0.08177056,0.01245813,0.11145278,0.22368544,0.03600425,0.03197270,0.29912764,0.11682736,0.02966528,0.11493911,0.04632218,0.00468196,0.00000000,0.05016867,0.00612524,0.00243153,0.06392079,0.00485327,0.01916866,0.01809634,0.00000000,0.06502622,0.00000000,0.00095421,0.09003662,0.00738645,0.09804092,0.00188258,0.01740274,0.06490313,0.00223890,0.08963419,0.00000000,0.11966220,0.07775177,0.00982895,0.01921716,0.02170132,0.07069217,0.00443929,0.04880831,0.24449562,0.44079697,0.11301399,0.00000000,0.03164776,0.03043863,0.03304364,0.00734865,0.00000000,0.02388757,0.03086912,0.02113747,0.15049991,0.05836971,0.07413020,0.02947476,0.06500319,0.00273768,0.03309480,0.00070385,0.00000000,0.05236771,0.00000000,0.00786111,0.00299353,0.09169499,0.12368554,0.01897746,0.16124146,0.15211973,0.00761952,0.01152877,0.04338270,0.21069708,0.00606871,0.22277156,0.10022779,0.11987042,0.15036336,0.10433644,0.00000000,0.04812181,0.00599420,0.03412333,0.02172618,0.03106001,0.09319825,0.03746377,0.00095202,0.00494036,0.01497794,0.00000000,0.01050124,0.30040422,0.05563442,0.02610788,0.00167537,0.00736362,0.00406522,0.01589072,0.00859621,0.29522383,0.02089489,0.00087414,0.00000000,0.17951789,0.01776632,0.02529970,0.00000000,0.03965845,0.13798200,0.22042355,0.42879814,0.24230130,0.39625502,0.01166053,0.04670318,0.00174843,0.00000000,0.00000000,0.01258852,0.00000000,0.07241376,0.00374849,0.25987121,0.02239950,0.03470691,0.00049229,0.02409285,0.01564557,0.00000000,0.15133697,0.00541211,0.09836207,0.00401431,0.05497442,0.00000000,0.04582210,0.13330780,0.06700871,0.00000000,0.14714375,0.00901899,0.00203511,0.08142758,0.09302448,0.00758753,0.01420160,0.16354927,0.01040517,0.00495084,0.00000000,0.17841983,0.17705281,0.00898995,0.00000000,0.00391662,0.01264207,0.01253421,0.00904799,0.05020263,0.01787959,0.06870581,0.00000000,0.04147249,0.00157494,0.00647535,0.00015971,0.03555439,0.18279737,0.00210073,0.00858820,0.31300136,0.02789788,0.32733628,0.00637513,0.00000000,0.15284699,0.01803906,0.06593704,0.11267550,0.00382933,0.04889917,0.03473893,0.00000000,0.06587820,0.12776469,0.01249926,0.05555802,0.12651034,0.00571718,0.06484853,0.05993341,0.00019966,0.00187240,0.00407616,0.02193577,0.08504628,0.02732217,0.02473084,0.03353269,0.00213134,0.01785362,0.01770733,0.00006171,0.11889376,0.11127216,0.15990131,0.74034780,0.00724235,0.20149527,0.00485216,0.14891417,0.00000000,0.00471348,0.00675706,0.02781323,0.00266977,0.04550440,0.00000000,0.00000000,0.01581245,0.11405802,0.17203671,0.01002195,0.37610486,0.00000000,0.00495476,0.02715066,0.27876821,0.30614737,0.00057636,0.07461729,0.02003481,0.00000000,0.05306207,0.00855936,0.02134322,0.00000000,0.02967423,0.16592406,0.02275469,0.05170247,0.09424609,0.00545151,0.02726077,0.00000000,0.15573630,0.01823729,0.01964823,0.03552331,0.08383976,0.06161234,0.00735793,0.00679101,0.14661345,0.06980784,0.04895057,0.00000000,0.08603900,0.00617856,0.03789260,0.03120056,0.01448484,0.18277037,0.15690918,0.24664605,0.02628176,0.00000000,0.01422718,0.00048620,0.01972500,0.01838666,0.00000000,0.00387319,0.11183557,0.02514175,0.14035031,0.01384252,0.02350247,0.05028087,0.33504573,0.06424663,0.07050423,0.00377279,0.01079584,0.12003966,0.00000000,0.11284188,0.06278064,0.01142711,0.14667898,0.03388439,0.00153812,0.14990516,0.00941056,0.01180046,0.04566603,0.11966026,0.00151084,0.06802285,0.00000000,0.04352564,0.00975210,0.05935368,0.01067727,0.02914904,0.01595855,0.01196081,0.12307571,0.27836546,0.06492325,0.03330907,0.00001371,0.01786773,0.00625847,0.02357395,0.15072720,0.00134067,0.00528578,0.00490758,0.06777107,0.17984033,0.00000000,0.00000000,0.05943150,0.10103499,0.04366769,0.00068350,0.12382217,0.00637796,0.08608796,0.01528335,0.00545372,0.00000000,0.02758810,0.00491976,0.02691253,0.18377458,0.00000000,0.01874332,0.02547906,0.32896981,0.01423676,0.00000000,0.00000000,0.00320294,0.00000000,0.14488204,0.00396922,0.01570639,0.02084121,0.00853173,0.04887982,0.05737630,0.00838097,0.01777148,0.00000000,0.00000000,0.04032544,0.03737763,0.01096864,0.00499356,0.33555874,0.06278662,0.01169138,0.00109031,0.07633213,0.03021219,0.07168659,0.04441199,0.04647862,0.00000000,0.31115577,0.01643022,0.22359614,0.07943812,0.01231993
6065,data/pair/6065/RHEED/No oxide desortion.MOV,manifest_specified_rheed_path,14.600000,438,8,0.55298531,0.00000000,0.13449769,0.00000000,0.00000000,0.00603167,0.01204152,0.00049164,0.00000000,0.00177218,0.13782671,0.05192154,0.00030233,0.00000000,0.00022252,0.05357701,0.06219563,0.01680437,0.01594057,0.01051905,0.00771919,0.00350226,0.70118475,0.01642272,0.01108811,0.08105306,0.00000000,0.09452231,0.00022007,0.60658288,0.00000000,0.09230600,0.03654438,2.48285556,0.00329404,0.05276734,0.00000000,0.00201187,0.00451823,0.00366469,0.00408809,0.00285842,0.00742118,0.00000000,0.00033239,0.00191793,0.00198722,0.00947306,0.00206872,0.00304807,0.00486349,0.00191238,0.21810049,0.00181622,0.00000000,0.21824421,0.02115992,0.00067813,0.00000000,0.00790940,0.13254771,0.00000000,0.12547785,0.00005601,0.00019788,0.11108822,0.00113451,0.00197539,0.14471504,0.00044476,0.12574255,0.00000000,0.01485714,0.15463866,0.00398663,0.02055889,0.00000000,0.00000000,0.00281496,0.00034948,0.48915154,0.00000000,1.56878161,0.00389006,0.00144833,1.18763494,0.00000000,2.05636430,0.00000000,0.00422158,0.03323887,0.00000000,0.00057758,0.00420214,0.08841980,0.00000000,0.13442352,0.00063043,0.50595421,0.00193564,0.00489829,0.01814808,0.18908396,0.00178977,0.00000000,0.00404066,0.01141547,0.20377725,0.00000000,0.00001674,0.00000000,0.23526847,0.00573775,0.00000000,0.00000000,0.00000000,0.00000000,0.00000000,0.01087105,0.41956496,0.07069448,0.07410536,0.00231278,0.00120586,0.00000000,0.00858729,0.00000000,0.02495033,0.04905671,0.00000000,0.00062644,0.08273827,0.00000000,0.00000000,0.04263758,0.01471595,0.00812855,0.00679442,0.14734416,0.00000000,0.00096638,0.00000000,0.00000000,0.00006632,0.01346017,0.17945237,0.22510272,0.00318358,0.08331551,0.00000000,0.04758648,0.00629239,0.00000000,0.04500234,0.00063273,0.00000000,0.00020775,0.00761817,0.00000000,0.05231826,0.01991286,0.01986975,0.00665839,0.95414352,0.00400292,0.17841671,0.00024031,0.01724339,0.14531125,0.00808019,0.00000000,1.37191725,0.16718112,0.00755129,0.03005734,0.17416757,0.00000000,0.00085023,0.01912194,0.00000000,0.01250444,0.21567847,0.00095204,0.00397080,0.09947322,0.00004471,0.03197320,0.00062340,0.06304437,0.00000000,0.02669210,0.27776417,0.00260950,0.00015308,0.00118594,0.03770041,0.00787496,0.00000000,0.00000000,0.00994446,0.00000000,0.00315035,0.91222978,0.00000000,0.05185997,0.00169244,0.01107565,0.00292540,0.02704584,0.00561924,0.00029591,0.54545021,0.00000000,0.01241666,0.01031298,0.00000000,0.00000000,0.00341870,0.00000000,0.24482606,0.00502997,0.00000000,0.71610004,0.14772770,0.03684404,0.08793105,0.01431089,0.00677682,0.00000000,0.04573593,0.07543065,0.09417132,0.02587000,0.00000000,0.00491613,0.02310537,0.17550029,0.84776825,0.00090375,0.00000000,0.51675713,0.00980215,0.15024158,0.01960836,0.02271477,0.00702178,0.05513002,0.03037530,0.00083294,0.01029191,0.00190182,0.00000000,0.04829568,0.06964246,0.01619013,0.00319844,0.01463246,0.00000000,0.00000000,0.05810673,0.01466792,0.01772115,0.02771302,0.01142943,0.00094842,0.07928157,0.00074857,0.20708868,0.00443038,0.00013825,0.00912946,0.02903474,0.00000000,0.06207514,0.09828811,0.01497480,0.01671735,0.00558984,0.00000000,0.03005292,0.00000000,0.00616301,0.02031957,0.00080065,0.00000000,0.00303159,0.02941808,0.64505547,0.00000000,0.32504907,0.00000000,0.00744490,0.00089299,0.00515251,0.03770369,0.00296949,0.01770019,0.00552891,0.00000000,0.00000000,0.00166037,0.00000000,0.00967909,0.01384685,0.01072782,0.00118795,0.00424490,0.00000000,0.00270474,0.00000000,0.00000000,0.00000000,0.01541466,0.00000000,0.10033672,0.02961573,0.00000000,0.01028091,0.01131378,0.00428003,0.00016580,0.12533155,0.37645632,0.00087703,0.03270971,0.24927631,0.21763097,0.00000000,0.00148886,0.09802386,0.03160419,0.00100005,0.00000000,0.02888901,0.00094528,0.00000000,0.06325342,0.04682292,0.04031050,0.01385360,0.02699737,0.00544417,0.12099528,0.00162829,0.02053949,0.00000000,0.00000000,0.00000000,1.24252856,0.00322847,0.02076660,0.24902977,0.00858714,0.00404880,0.12103727,0.11469694,0.00000000,0.00187933,0.02019774,0.00466031,0.00000000,0.00000000,0.00848075,0.12253487,0.01065319,0.09673955,0.00000000,0.00193030,0.00000000,0.00377402,0.00000000,0.00000000,0.00000000,0.00080833,0.02473714,0.00578665,0.03197325,0.20605502,0.00000000,0.00502240,0.38237596,0.02900867,0.10870186,0.29736182,0.00000000,0.00632857,0.00000000,0.00543449,0.47023261,0.05006283,0.00404527,0.00516519,0.01070356,1.39587736,0.00000000,0.00000000,0.00216598,0.55553907,0.09778653,0.45946401,0.04276294,0.00032795,0.00719075,0.00748023,0.00000000,0.01195632,0.12168156,0.00067277,0.00000000,0.05300309,0.13593429,0.00120018,0.13863355,0.26581076,0.05502169,0.15428410,0.01156243,0.00659127,0.00589438,0.00201617,0.00419096,0.00000000,0.02316178,0.00223605,0.03774438,0.40829754,0.03450569,0.00133768,0.68462551,0.00916851,0.01326650,0.00776318,0.02711911,0.00045007,0.04456577,0.15129013,0.06190551,0.00629340,0.02640482,0.01709189,0.00000000,0.08389302,0.00000000,0.05194341,0.04125950,0.00174739,0.00058443,0.00732815,0.01327237,0.00000000,0.00840405,0.00000000,0.00000000,0.03718822,0.01820118,0.33622819,0.00086278,0.02449927,0.01342312,0.00000000,0.04473496,0.00000000,0.00118768,0.10054930,0.00000058,0.00000000,0.00987830,0.14753509,0.01707091,0.00079920,0.00054562,0.08415520,0.00000000,0.00000000,0.12685750,0.00000000,0.00214263,0.01367000,0.00004125,0.02826610,0.01508439,0.02136693,0.22377965,0.01808865,0.00000000,0.00228549,0.00297675,0.02760481,0.00000000,0.00000000,0.05659039,0.01405980,0.00000000,0.00410981,0.00631496,0.01656759,0.40274912,0.04167058,0.00000000,0.13321501,0.00306439,0.00989897,0.01976917,0.00000000,0.00113836,0.00000000,1.19073629,0.00268981,0.00006436,0.58783025,0.02670743,0.00409231,0.01091497,0.18571638,0.00302125,0.00682086,0.06775187,0.02386396,0.00000000,0.00629247,0.00000000,0.01533122,0.00881688,0.01872671,0.00000000,0.00000000,0.13488492,0.02717578,0.00000000,0.10996802,0.04168071,0.01639935,0.00000000,0.00799629,0.00195616,0.02265270,0.00000000,0.13677654,0.01480595,0.00167504,0.01435067,0.00000000,0.00000000,0.03331847,0.26588020,0.01835311,0.01051820,0.00004571,0.00000000,0.00000000,0.00000000,0.00000000,0.03286032,0.01622406,0.02488855,0.04540501,0.00371066,0.08128590,0.00000000,0.00000000,0.00000000,0.11617110,0.02279960,0.00783604,0.00000000,0.14117347,0.14599185,0.00375073,0.00958149,0.00138052,0.00026188,0.00000000,0.05429255,0.00000000,0.36530405,0.00006040,0.00000000,0.00000000,0.00319411,0.04522200,0.16323209,0.07028852,0.00234810,0.01289258,0.00889012,0.00017810,0.03955149,0.04218221,0.00698528,0.00000000,0.12065227,0.00105808,0.00095953,0.00000000,0.01445268,0.03165258,0.01250529,0.00000000,0.00094237,0.00349384,0.00863494,0.00039842,0.01534943,0.00418493,0.00000000,0.00000000,0.06415103,0.39706612,0.00439767,0.00000000,0.00121097,0.00496124,0.00079521,0.01997090,0.03189952,0.06017088,0.00000000,0.21280155,0.00408583,0.00000000,0.00180768,0.20832010,0.00000000,0.00738209,0.06580298,0.01802318,0.00426447,1.86179793,0.03709810,0.00829538,0.02153863,0.00000000,0.00115999,0.01690181,0.00000000,0.00445862,0.36612296,0.60293370,0.00564999,0.01179828,0.00520080,0.01968965,0.00826506,0.00524648,0.00029396,0.00120336,0.00000000,0.00000000,0.06093586,0.07115594,0.27988270,0.00011758,0.14317849,0.39586201,0.00002646,0.51285386,0.10969957,0.00000000,1.12602246,0.00000000,0.00079652,0.03812265,0.00890898,0.10546854,0.00129810,0.00000000,0.00000000,0.00000000,0.00026026,0.00000000,0.00053954,1.15827107,0.19737749,0.00000000,0.01363831,0.00015005,0.08612958,0.00907164,0.00000000,0.00063552,0.00621096,0.00125286,0.00209904,0.00000000,0.02374773,0.13898635,0.07071095,0.08443201,0.00062440,0.00000000,0.02370843,0.00545263,0.00000000,0.03544984,0.03849513,0.00205139,0.00303008,0.00000000,0.00000000,0.00014220,0.00000000,0.02732491,0.00381372,0.00478689,0.00400181,0.08917327,0.00000000,0.00011681,1.24688601,0.01762095,0.00148946,0.00000000,0.00229402,0.03589446,0.00000000,0.03961595,0.00052541,0.00000000,0.03178798,0.39152020,0.00389113,0.00000000,0.00139483,0.00518305,0.00446651,0.06843182,0.17033198,0.00047942,0.00000000,0.00181656,0.00870325,0.02447619,0.30081436,0.00072407,0.00797068,0.00000000,0.04788671,0.00000000,0.00000000,0.03885998,0.02867068,0.00082928,0.00132993,0.07217748,0.00252610,0.09275737,0.00000000,0.00000000,0.18234801,0.07272363,0.05401360,0.01276569,0.00082471,2.01253057,0.03684153,0.00000000,0.01655261,0.00122885,0.00477428,0.00000000,0.03415734,0.00000000,4.79411125,0.18544008,0.00007704,0.00017976,0.03356823,0.00711145,0.09467121,0.00240947,0.02248035,0.00873151,0.25057116,0.00065767,0.00057254,0.00000000,0.00000000,0.00387555,0.00048199,0.11776234,0.00047373,0.02410125,0.00521464,0.42289788,0.06398676,0.00338166,0.15617789,0.08877270,0.00000000,0.14659742,0.00257827,0.32540241,0.00115375,0.16629672,0.00000000,0.05478759,0.26040524,0.01845594,0.09678427,0.05909988,0.00060547,0.00000000,0.00941838,0.00963588,0.00000000,0.01744614,0.14079756,0.10072000,0.00000000,0.00000000,0.24421512,0.11578227,0.01983961,0.00030082,0.00000000,0.00000000,0.02570438,0.02876664,0.00032440,2.58421636,0.04315844,1.59539616,0.00000000,0.00375213,0.01807925,0.00201036,0.00000000,0.00669253,0.13084596,0.00318448,0.00020925,0.00483958,0.04413746,0.00000000,0.18945827,0.29042852,0.01613373,0.28410354,0.00000000,0.01351785,0.00000000,0.19728793,0.00632382,0.08347499,0.00000000,0.00194712,0.00233297,0.00000000,0.02130080,0.22618774,0.00404495,0.00934386,0.00235644,0.00110223,0.03474900,0.00715555,0.00064353,0.01308059,0.00580585,0.01841294,0.00000000,0.00083915,0.00169205,0.00042158,0.01454203,0.00885324,0.00190104,0.00438604,0.67062283,0.00000000,0.03532970,0.28004786,0.00000000,0.00128427,0.01663915,0.02152346,0.00000000,0.04230007,0.69836968,0.01248895,0.00444228,0.00132596,0.00157400,0.00154046,0.03995852,0.58596510,0.00922995,0.00000000,0.00385993,0.00680713,0.00000000,0.00000000,0.04182550,0.00753815,0.77743053,0.00000000,0.00000000,1.70477843,0.00056086,0.00000000,0.00035279,0.09032345,0.86870337,0.00357817,0.00000000,0.01102976,0.00850928,0.00000000,0.00068267,0.01964956,0.15395004,0.05275672,0.00000000,0.00000000,0.00000000,0.00000000,0.00000000,0.00000000,0.00201219,0.00203744,0.00100792,0.00259568,0.00983879,0.02549931,0.00251525,0.00099320,0.03369736,0.51235145,0.01504855,0.00980845,0.00000000,0.00000000,0.00000000,0.01730707,0.00000000,0.00000000,0.00000000,0.00393641,0.01122087,0.00000000,0.00003222,0.00937863,0.06781119,0.00210441,0.00000000,0.00817173,0.02533015,0.56128818,0.10531974,0.01182589,0.05490707,0.10837023,0.06879911,0.00000000,0.01619066,0.11828774,0.05897525,0.38308486,0.26189199,0.00000000,0.00080319,0.00000000,0.31442136,0.00156000,0.12802450,0.07688111,0.01637638,0.05651675,0.00101279,0.00150189,0.01786400,0.00130397,0.00000000,0.00000000,0.07935643,0.02540942,0.02229934,0.02419204,0.27493459,0.02673087,0.29498509,0.00000000,0.00269450,0.00570338,0.00486374,0.00000000,0.00979187,0.00000000,0.00000000,0.00903785,0.00000000,0.01143679,0.00000000,0.00251857,0.00225834,0.01487730,0.00016004,0.40783784,0.00000000,0.02129056,0.11801292,0.00000000,0.00013472,0.00032205,0.03698364,0.47174597,0.15520826,0.01218625,0.00206101,0.01834002,0.13346791,0.01489769,0.00366246,0.00036733,0.09477933,0.03473267,0.00054129,0.00466003,0.00193748,0.00304082,0.00915980,0.05740758,0.01139024,0.22387828,0.14206666,0.00000000,0.02328083,0.11577047,0.00222478,1.84631217,0.00895316,0.04323597,0.00000000,0.17390235,0.04634011,0.00242505,0.01723102,0.00435792,0.00050920,0.02829005,0.00961718,0.00004543,0.00000000,0.00000000,0.00000000,0.05892421,0.12532465,0.00017328,0.00000000,0.33469886,0.00450648,0.03502420,0.05165500,0.00079320,0.00000000,0.26164705,0.00831364,0.01295927,0.00000000,0.00023315,0.00000000,0.02255924,0.00000000,0.02262393,0.03116291,0.00000000,0.00000000,0.01871307,0.04921252,0.00515100,0.02064368,0.02403021,0.04072988,1.17271304,0.01137689,0.04755908,0.04047169,0.00029755,0.00000000,0.03232191,0.40987328,0.02620232,0.00069464,0.01780368,0.00209758,0.09537776,0.00000000,0.00000000,0.00427437,0.97441590,0.06061948,0.21184464,0.00900222,0.07232028,0.00632288,0.01720281,0.14606392,0.09940026,0.00034206,0.00285923,0.00948448,0.00286943,0.16750695,0.00000000,0.00000000,0.02222958,0.00618555,0.08876322,0.56030530,0.01376014,0.01342869,0.00995533,0.00000000,0.00398316,0.00000000,0.68833500,0.00117137,0.00386480,0.01128225,0.00072935,0.00000000,0.06269062,0.38297531,0.00000000,0.06590742,0.00000000,0.13381596,0.00103376,0.02867076,0.09606892,0.03582883,0.00000000,0.00068720,0.00432993,1.05437398,0.00000000,0.00000000,0.04860346,0.00075766,0.15251206,0.00419522,0.00000000,0.01300071,0.01005243,0.06412756,0.04342838,0.52437299,0.00341978,0.02691282,0.00000000,0.10741994,0.21956372,0.00342531,0.17696075,0.00000000,0.00664908,0.01578286,0.00393197,0.00400791,0.01195585,0.00000000,0.01552346,0.00355369,0.01520322,0.00000000,0.00680451,0.00177858,0.01420793,0.00108178,0.90513617,0.00000000,0.00584615,0.00132050,0.00000000,0.03905061,0.01062827,0.00469733,0.07681727,0.00000000,0.00352496,0.01578274,0.00000000,0.03022012,0.00000000,0.00000000,0.23880394,0.00196414,0.01693011,0.00000000,0.58433300,0.76141405,0.00000000,0.00526005,0.00750571,0.09109091,0.13462944,0.02713997,0.00184247,0.00000000,0.00000000,0.00104083,0.24397801,0.35191917,0.06375536,0.00054463,0.01407838,0.00000000,0.00000000,0.28229192,0.00334992,0.21574385,0.00021606,0.00000000,0.08360410,0.00722380,0.76281577,0.06689207,0.00920162,0.00000000,0.00000000,0.25131038,0.00351313,0.03474317,0.01467179,0.00258624,3.53942990,0.00000000,0.00000000,0.00000000,0.44653952,0.00882005,0.00398486,0.00965588,0.00000000,0.00000000,0.37880793,0.01174733,0.00077716,0.00000000,0.00000000,0.00492067,0.01594987,0.45716551,0.00000000,0.04357170,0.00143144,0.00000000,0.00239764,0.00079481,0.01217447,0.04905741,0.00028143,0.00202984,0.00648948,0.01782942,0.04383158,0.02462717,0.00068123,0.00023981,0.00202281,0.03718124,0.00608321,0.01534327,0.00000000,0.00282274,1.19321668,0.01797718,0.01073104,0.01281990,0.25868046,0.00817335,0.00166736,0.00000000,0.00000000,0.01093395,0.01263808,0.44186267,0.26871353,0.00149817,0.00116539,1.15459096,0.00089697,0.00000000,0.00131950,0.02169772,0.08763860,0.23973411,0.00047641,0.09843506,0.00000000,0.00151314,0.00000000,0.00107528,0.53141868,0.01390367,0.00000000,0.00406785,0.01931847,0.00007133,0.76891547,0.00188085,0.00821594,0.00253909,0.04779629,0.06282644,0.55760282,0.69722402,0.00224994,0.00000000,0.00516432,0.05777745,0.00658716,0.00000000,0.05140575,0.00587773,0.00988748,0.11727699,0.52934438,0.00735941,0.00019125,0.00462213,0.02440189,0.01545808,0.05078110,0.01129552,0.29460031,0.00884573,0.11028344,0.13097709,0.07748830,0.12129834,0.00673639,0.00000000,0.03991023,0.93738872,0.00562963,0.00765989,0.00715780,0.04425830,0.00000000,0.05936978,0.12729612,0.00171386,0.00068775,0.03404693,0.00097807,0.04849069,0.00271494,0.00045781,0.00749657,0.00000000,0.00022164,0.00719368,0.65540117,0.00000000,0.00000000,0.00195977,0.11273757,0.00703616,0.00279278,0.00093119,0.00135057,0.00000000,0.08706859,0.05006419,0.00226941,0.00357035,0.01320876,0.00252679,0.01719762,0.22316435,0.04568729,0.02217737,0.00042963,0.07145502,0.15317494,0.00436736,0.00000000,0.69198740,0.15447044,0.01122305,0.00119032,0.00738682,0.00000000,0.06309229,0.00000000,0.00000000,0.06130197,0.00000000,0.01756235,0.00000000,0.00000000,0.00532174,0.27080649,0.00000000,0.00000000,0.19854517,0.49672407,0.00005908,0.00000000,0.00657504,0.01845867,0.02611986,0.00000000,0.00000000,0.27750319,0.00000000,0.02490905,0.00058768,0.00000000,0.00000000,0.06550664,0.02944493,0.02859812,0.00275980,0.32164311,0.00114464,0.10309829,0.00726059,0.02630671,0.00053527,0.00000000,0.00000000,0.00636375,0.08728133,0.02319335,0.06658658,0.08079489,0.00300607,0.05701610,0.07837532,0.14471476,0.00021926,0.04459248,0.00352049,0.00199117,2.02805281,0.02155115,0.00161949,0.00058174,0.00967805,0.00174837,0.32396632,0.21504694,0.00000000,0.02369123,0.27672541,0.01047208,0.00324171,0.00224944,0.03965603,0.00646795,0.00707851,0.00000000,0.00192055,0.00000000,0.00000000,0.00000000,0.00000000,0.00140719,0.04558629,0.29751956,0.00000000,0.00000000,0.04066942,0.00183434,0.80504113,0.00998570,0.00000000,0.07429548,0.00000000,0.00000000,0.00000000,0.05238548,0.00208036,0.00011829,0.00000000,0.01255715,0.00000000,0.00000000,0.00133660,0.22441828,0.32651886,0.00540259,0.02267553,0.00000000,0.29061976,0.00972117,0.00000000,0.00537714,0.03323471,0.00098171,0.00993609,0.16036570,1.48706961,0.03243960,0.00000000,2.11892867,0.00273843,0.01990484,0.00404872,0.00645763,0.00000000,0.00323683,0.00000000,0.00611891,0.03520929,0.00309583,0.00030241,0.00038507,0.00110161,0.00224324,0.00329437,0.00877529,0.00873994,0.00000000,0.00000000,0.26481801,0.00000000,0.00000000,0.30342683,0.03658813,0.00098416,0.00965685,0.03133952,0.00000000,0.00008189,0.00000000,0.00000000,0.07046054,0.53187197,0.00751110,0.03052975,0.00350521,0.00000000,0.00073996,0.00076002,0.01529287,0.00067242,0.02432368,0.00029807,0.01338300,0.13323043,0.01053644,0.00419337,0.17602268,0.00340198,0.03363432,0.00124680,0.04435441,0.00210728,0.68818057,0.05738103,0.00000000,0.00254992,0.00000000,0.27888647,0.00000000,0.03319644,0.09243591,0.00000000,0.44116324,0.01824091,0.00000000,0.00000000,0.01407025,0.00898089,0.02291107,0.00666725,0.00000000,0.00192983,0.00178752,0.00000000,0.01487623,0.04816453,0.40611169,0.00280794,0.00000000,0.01951945,0.01977929,0.13086495,0.00000000,0.01196487,0.01671027,0.00000000,0.00424787,0.00059882,0.00240155,0.00000000,0.05088552,0.00687867,0.00330653,0.00333158,0.00000000,0.00000000,0.24423291,0.02010239,0.00114963,0.00000000,0.01493942,0.00267033,0.58904088,0.23578452,0.00311333,0.00000000,0.00050888,0.00210477,0.36512867,0.36094373,0.06190670,0.13014019,0.00000000,0.00752235,0.08942764,0.05797797,0.04437215,0.00000000,0.01108558,0.14796944,0.01705520,0.00000000,0.00000000,0.00411760,0.01690907,0.05405284,0.00000000,0.01391672,0.00208606,0.01317577,0.00000000,0.00006025,0.00172769,0.00000000,0.00208225,0.00545082,0.02175806,0.00000000,0.23626056,0.00551756,0.00307497,0.00000000,0.00154092,0.00050943,0.01235939,0.10448617,0.01550361,0.00000000,0.27881917,0.01413604,0.19067548,0.65531951,0.47254506,0.00285724,0.01214073,0.02140375,0.05261330,0.00065219,0.01125255,0.00167347,0.00000000,0.32378864,0.00737330,0.00779566,0.14420468,0.63168937,0.01543954,3.20109892,0.00000000,0.00013743,0.00845792,0.00027587,0.06673610,0.00000000,0.03309762,0.00520394,0.89611548,0.00937208,0.00056858,0.01267149,0.02830838,0.00060518,0.00021277,0.00000000,0.00000000,0.00000000,0.00117226,0.00060861,0.01024331,0.06253144,0.00000000,0.04901393,0.00000000,0.00028355,0.00047017,0.00000000,0.22293055,0.00025940,0.00630341,0.00061321,0.00100045,0.12207473,0.00000000,0.01326216,0.08523680,0.00208249,0.00449377,0.00180042,0.07432636,0.01276988,0.02605360,0.21767527,0.01155918,0.11813615,0.00000000,0.00000000,0.00282435,0.00241770,0.00008187,0.00000000,0.01071190,0.00384368,0.03381843,0.23330879,0.03839079,0.00869930,0.00281464,0.10895257,0.00000000,0.00086935,0.00052469,0.00000000,0.00400849,0.00663065,0.00345959,0.00000000,0.05406332,0.01280487,0.02106849,0.01693391,0.03435021,0.00000000,0.00670782,0.16666248,0.42740265,0.00000000,0.68246293,0.03069878,0.13102739,0.00332501,0.05849062,0.00000000,0.00190840,0.00033205,0.00000000,0.00257160,0.00000000,0.01986132,0.04078992,0.00696412,0.00000000,0.02638286,0.00000000,0.00728217,0.03389962,0.00000000,0.00000000,0.00000000,0.00480117,0.00242801,0.00000000,0.00000000,0.25640547,0.01226299,0.01189533,0.00000000,0.24229644,0.00452593,0.00108379,0.00000000,0.00272237,0.30067661,0.16378815,0.13433030,0.01739317,0.11417374,0.00000000,0.00894475,0.02360449,0.01230950,0.00000000,0.00000000,0.00000000,0.00718790,0.00000000,0.64396995,0.00420512,0.03235113,0.00036653,0.00000000,0.02965069,0.00769688,0.29282564,0.00270825,0.03460890,0.00129403,0.00385789,0.00000000,0.00000000,0.17232786,0.00253387,0.00000000,0.25950035,0.01008917,0.00000000,0.05233360,0.02289356,0.00035212,0.02202620,0.20388108,0.00071152,0.04479734,0.02849832,0.00153684,0.00018677,0.00845793,0.00000000,0.00000000,0.00478896,0.00000000,0.00185957,0.03767328,0.05095754,0.00754139,0.01289297,0.00171459,0.00183562,0.00933222,0.01716693,0.02803791,0.18667056,0.00000000,0.00036520,1.48687625,0.00477210,1.20127451,0.00216302,0.01366869,0.13266523,0.00067517,0.00390573,0.06775660,0.00087510,0.00001198,0.07951186,0.00000000,0.00012571,0.08603498,0.00746720,0.00619770,0.03099662,0.00000000,0.04567128,0.02042282,0.04675794,0.00310215,0.00813055,0.00272835,0.02513627,0.04552960,0.00022532,0.01517331,0.00747765,0.01327465,0.00319224,0.00004985,0.00000000,0.07441567,0.01231751,0.36877218,0.00559050,0.13325053,0.00592436,0.13217355,0.00000000,0.00048717,0.00082640,0.00633149,0.00214559,0.00674986,0.00000000,0.00000000,0.00426297,0.00064161,0.03499898,0.00150203,1.58994782,0.00000000,0.00015882,0.00227156,1.11485386,0.28058678,0.00142492,0.00544194,0.04804662,0.00000000,0.07763486,0.00000000,0.00606940,0.00000000,0.00339732,0.04831792,0.00001699,0.03409998,0.02436105,0.01075337,0.05354205,0.00100127,0.01550938,0.01087140,0.00529399,0.00147091,0.22042491,0.13649642,0.00713598,0.00659812,0.00717701,0.05303657,0.07309426,0.01028181,0.00138945,0.00546421,0.00296389,0.00889439,0.01963076,0.27244985,0.05188211,0.68777919,0.00147556,0.00665679,0.00000000,0.00000000,0.01022097,0.04713030,0.00039284,0.03041534,0.08249566,0.02570562,0.08125740,0.00068720,0.00451019,0.00125892,0.25583509,0.00209836,0.13215427,0.00899082,0.00839334,0.08067579,0.00000000,0.07249790,0.02525896,0.08575032,0.24389559,0.00233220,0.00000000,0.09115101,0.00000000,0.01645778,0.00000000,0.08626923,0.00163839,0.28783315,0.00000000,0.00000000,0.00046264,0.04765331,0.00138821,0.00493380,0.02606169,0.02673013,0.04487251,0.86114347,0.00923551,0.00712937,0.00496074,0.01548590,0.00005821,0.01084501,0.11300172,0.00000000,0.01907581,0.00273058,0.00711178,0.37503091,0.00000000,0.00553890,0.02332807,0.00010707,0.00039022,0.00000000,0.01463670,0.00000000,0.12079101,0.01349435,0.00000000,0.00000000,0.00000000,0.00068807,0.05647820,0.01313287,0.00054474,0.00000000,0.00189072,0.50048327,0.00191325,0.00000000,0.00574719,0.00000000,0.01000593,0.16080303,0.00175505,0.00291350,0.04294814,0.00035347,0.06890831,0.04641656,0.00000000,0.00000000,0.00000000,0.00000000,0.00012352,0.00647586,0.00202029,0.00544405,0.26376384,0.01080691,0.00045054,0.00041060,0.08532990,0.01099081,0.12886979,0.01637598,0.00228203,0.00175854,0.24930483,0.00005645,0.16280043,0.01281599,0.00233449,0.08552392,0.00000000,0.09148971,0.00000000,0.00000000,0.01595829,0.01360177,0.00130077,0.00000000,0.00468875,0.06763422,0.04188794,0.00079990,0.00000000,0.00058874,0.05257239,0.04304971,0.04446019,0.04217480,0.01010534,0.02042307,0.00711169,0.28354976,0.04021522,0.01979332,0.05220067,0.00000000,0.05247213,0.00058226,0.18538880,0.00000000,0.05708241,0.04190989,0.29151028,0.00871522,0.02946213,0.00000000,0.00532290,0.00862520,0.00427820,0.01081606,0.00577959,0.01350690,0.00000000,0.00067248,0.00507437,0.00525768,0.01570546,0.00311505,0.00637455,0.00819284,0.00400265,0.16168860,0.00271413,0.00000000,0.10938232,0.05598389,0.00179417,0.00000000,0.00832401,0.08812486,0.00000000,0.08966897,0.00014819,0.00052354,0.07732521,0.00209458,0.00522638,0.14255081,0.00117673,0.05079841,0.00000000,0.02266348,0.14861907,0.00721836,0.01481215,0.00000000,0.00000000,0.00744770,0.00065996,0.43947124,0.00000000,0.68098801,0.01029214,0.00245421,0.70351392,0.00000000,0.47620219,0.00000000,0.00828171,0.02906065,0.00000000,0.00152813,0.01111781,0.11277191,0.00000000,0.05330641,0.00166797,0.49358797,0.00512122,0.00653304,0.01435275,0.09880274,0.00300783,0.00000000,0.00602108,0.01688469,0.15266089,0.00000000,0.00004428,0.00000000,0.06011892,0.01001100,0.00000000,0.00000000,0.00000000,0.00000000,0.00000000,0.02181121,0.32662246,0.06070273,0.04963615,0.00551551,0.00319040,0.00000000,0.01314958,0.00000000,0.06215876,0.07584545,0.00000000,0.00165741,0.08295173,0.00000000,0.00000000,0.03050435,0.01562071,0.01899573,0.01797636,0.04557018,0.00000000,0.00255681,0.00000000,0.00000000,0.00017546,0.03561227,0.08536597,0.10549834,0.00725367,0.02481786,0.00000000,0.04840683,0.00890578,0.00000000,0.04526695,0.00114117,0.00000000,0.00054965,0.02015578,0.00000000,0.04906296,0.02096372,0.02384624,0.01392454,0.20668864,0.00635764,0.14439811,0.00063580,0.04308252,0.06480639,0.01912935,0.00000000,0.90388983,0.08883001,0.00858751,0.07952426,0.21712133,0.00000000,0.00156706,0.01622548,0.00000000,0.02236826,0.09229790,0.00192926,0.00706903,0.02294116,0.00011829,0.03338967,0.00164937,0.05126703,0.00000000,0.02639757,0.17004712,0.00690408,0.00040501,0.00313770,0.03812657,0.01876098,0.00000000,0.00000000,0.01914676,0.00000000,0.00681791,0.45035994,0.00000000,0.05841083,0.00302320,0.01093676,0.00773988,0.01984293,0.01486712,0.00078291,0.20738274,0.00000000,0.02565740,0.01844330,0.00000000,0.00000000,0.00904504,0.00000000,0.10363909,0.01330804,0.00000000,0.21903358,0.11165524,0.02803981,0.10378867,0.02317079,0.01492212,0.00000000,0.03689678,0.06941368,0.19056512,0.02974601,0.00000000,0.01136989,0.05344869,0.08042962,0.30956924,0.00239109,0.00000000,0.19979350,0.01698021,0.09261978,0.02211476,0.01303911,0.01707185,0.14525168,0.03961113,0.00220375,0.02222642,0.00330268,0.00000000,0.06291851,0.10651714,0.02679767,0.00597200,0.03871385,0.00000000,0.00000000,0.03300120,0.02562182,0.04580004,0.04378892,0.01512016,0.00250928,0.03562140,0.00162948,0.12062574,0.00791331,0.00036578,0.02086757,0.02919394,0.00000000,0.07223912,0.04543962,0.01283931,0.04422996,0.00536428,0.00000000,0.07951254,0.00000000,0.01070202,0.02420169,0.00211832,0.00000000,0.00394231,0.02115566,0.26773947,0.00000000,0.21020633,0.00000000,0.01031832,0.00236264,0.01363226,0.05157585,0.00726053,0.04683029,0.01051024,0.00000000,0.00000000,0.00315736,0.00000000,0.02054950,0.02666164,0.02669624,0.00314302,0.00583635,0.00000000,0.00530499,0.00000000,0.00000000,0.00000000,0.01531056,0.00000000,0.05592402,0.04217795,0.00000000,0.02720072,0.01303536,0.01132389,0.00043867,0.04203581,0.10925326,0.00232039,0.02644043,0.13065217,0.07952275,0.00000000,0.00177475,0.04039112,0.03456853,0.00264589,0.00000000,0.04303826,0.00250098,0.00000000,0.05153082,0.04912932,0.03134733,0.01678350,0.02676056,0.00949136,0.14980455,0.00430806,0.02689009,0.00000000,0.00000000,0.00000000,0.47780234,0.00675245,0.05494327,0.08357445,0.00942053,0.01071213,0.22821350,0.07437534,0.00000000,0.00497224,0.04160579,0.01233002,0.00000000,0.00000000,0.01620211,0.06624305,0.02818570,0.09602275,0.00000000,0.00510708,0.00000000,0.00939580,0.00000000,0.00000000,0.00000000,0.00112271,0.02104433,0.01492156,0.03110180,0.06360720,0.00000000,0.00914937,0.21920249,0.07653584,0.07304602,0.12468847,0.00000000,0.01379024,0.00000000,0.01365393,0.11441401,0.06251190,0.00894502,0.01023197,0.01153817,0.28039661,0.00000000,0.00000000,0.00573064,0.17843796,0.04770659,0.09412164,0.04118200,0.00086768,0.00915798,0.01105342,0.00000000,0.01049096,0.11587157,0.00177998,0.00000000,0.03703785,0.10288981,0.00317537,0.05186782,0.09170464,0.02735093,0.09588481,0.02713364,0.00979757,0.00770278,0.00533429,0.01108824,0.00000000,0.02497505,0.00591604,0.03629773,0.15384319,0.04145239,0.00353918,0.26936999,0.01133062,0.01531442,0.00662670,0.02342190,0.00119078,0.04263819,0.11675174,0.09190022,0.01527381,0.05006584,0.00878575,0.00000000,0.08729034,0.00000000,0.02628004,0.05662524,0.00399493,0.00113005,0.01283818,0.01265209,0.00000000,0.00736394,0.00000000,0.00000000,0.00626482,0.01950054,0.11264778,0.00228271,0.02929118,0.01014702,0.00000000,0.04147557,0.00000000,0.00314230,0.12842622,0.00000152,0.00000000,0.01635546,0.08442461,0.02455970,0.00211448,0.00144358,0.07142757,0.00000000,0.00000000,0.09003872,0.00000000,0.00566887,0.01374573,0.00007360,0.03563003,0.03990955,0.02379462,0.24539900,0.04561780,0.00000000,0.00397390,0.00787573,0.03121069,0.00000000,0.00000000,0.02723785,0.02032817,0.00000000,0.00720797,0.01670781,0.01892637,0.36056733,0.03081565,0.00000000,0.09218270,0.00810762,0.02619021,0.03887542,0.00000000,0.00301181,0.00000000,0.28553277,0.00435106,0.00017027,0.31917438,0.02742848,0.00716270,0.01067425,0.20028754,0.00444902,0.01546012,0.04639215,0.01941805,0.00000000,0.00660040,0.00000000,0.02134850,0.01431206,0.02218082,0.00000000,0.00000000,0.09567408,0.03264916,0.00000000,0.06682387,0.04446524,0.04338860,0.00000000,0.00795186,0.00517552,0.03605406,0.00000000,0.07411487,0.02429961,0.00443175,0.01350668,0.00000000,0.00000000,0.02895802,0.13377877,0.03953055,0.01303778,0.00012094,0.00000000,0.00000000,0.00000000,0.00000000,0.08425031,0.02002819,0.05878359,0.04153873,0.00502767,0.04974128,0.00000000,0.00000000,0.00000000,0.05824117,0.03186197,0.00983816,0.00000000,0.07161517,0.10159515,0.00701805,0.02183917,0.00365251,0.00069287,0.00000000,0.02365589,0.00000000,0.30705121,0.00015981,0.00000000,0.00000000,0.00845083,0.05585875,0.08627280,0.18596596,0.00621250,0.03411057,0.02241980,0.00047121,0.03745506,0.03902457,0.01357183,0.00000000,0.09043669,0.00279941,0.00166613,0.00000000,0.01697139,0.04239709,0.02970036,0.00000000,0.00249329,0.00787339,0.01351602,0.00105412,0.04061078,0.01107227,0.00000000,0.00000000,0.07985033,0.19746910,0.01163515,0.00000000,0.00209925,0.00859425,0.00176648,0.02059702,0.03918592,0.04425061,0.00000000,0.16820404,0.01081010,0.00000000,0.00478267,0.12248977,0.00000000,0.00800889,0.15424599,0.01046496,0.01128273,0.68572354,0.02849097,0.01183650,0.05698587,0.00000000,0.00306904,0.02699093,0.00000000,0.01179639,0.15171388,0.20368816,0.00899051,0.03121532,0.00563628,0.01856833,0.01041560,0.00936198,0.00077774,0.00318378,0.00000000,0.00000000,0.02941006,0.04950754,0.14217423,0.00031107,0.05598954,0.09572867,0.00007001,0.20949656,0.07172837,0.00000000,0.43095458,0.00000000,0.00143621,0.03906137,0.01819354,0.05251501,0.00255642,0.00000000,0.00000000,0.00000000,0.00068858,0.00000000,0.00096761,0.22440307,0.06281557,0.00000000,0.01575954,0.00039700,0.10162378,0.01132210,0.00000000,0.00095817,0.00812054,0.00299745,0.00555355,0.00000000,0.02721333,0.05722555,0.09442899,0.04675905,0.00165202,0.00000000,0.03103298,0.00715077,0.00000000,0.09379146,0.03665772,0.00542747,0.00565218,0.00000000,0.00000000,0.00037623,0.00000000,0.02778961,0.01009015,0.00459834,0.01058779,0.04415668,0.00000000,0.00030904,0.34411129,0.04062174,0.00259618,0.00000000,0.00606940,0.04214684,0.00000000,0.02763513,0.00139010,0.00000000,0.08410310,0.21340756,0.00697935,0.00000000,0.00242283,0.00979378,0.01181728,0.02669974,0.07831124,0.00084088,0.00000000,0.00316580,0.02302665,0.02673079,0.07993925,0.00191571,0.02026720,0.00000000,0.02346954,0.00000000,0.00000000,0.05648643,0.05670227,0.00219408,0.00351867,0.05618259,0.00668343,0.09090423,0.00000000,0.00000000,0.06063003,0.04269027,0.03930461,0.03377485,0.00218199,0.58153313,0.09171803,0.00000000,0.04379409,0.00325123,0.01263154,0.00000000,0.02443715,0.00000000,0.50802106,0.08258522,0.00020383,0.00047561,0.04942825,0.00979448,0.08364339,0.00357253,0.01176984,0.01184171,0.04197292,0.00174003,0.00104940,0.00000000,0.00000000,0.01025373,0.00085264,0.01492183,0.00125338,0.01879482,0.01379664,0.30890119,0.07607327,0.00605399,0.09301989,0.05421231,0.00000000,0.05353430,0.00682147,0.21789475,0.00305253,0.11311116,0.00000000,0.04603415,0.08831448,0.01763009,0.05041881,0.04610353,0.00160193,0.00000000,0.01204166,0.01635791,0.00000000,0.01942006,0.06076997,0.26648006,0.00000000,0.00000000,0.21835294,0.04207300,0.01575335,0.00079588,0.00000000,0.00000000,0.03569381,0.02698459,0.00085828,0.23396780,0.04801584,0.32047054,0.00000000,0.00432679,0.02774074,0.00487402,0.00000000,0.00689175,0.12909092,0.00459543,0.00055362,0.00897106,0.03270959,0.00000000,0.11107534,0.21706076,0.02308934,0.19392705,0.00000000,0.01944841,0.00000000,0.09322982,0.01673127,0.07037725,0.00000000,0.00437180,0.00617245,0.00000000,0.02813642,0.21218318,0.00510418,0.01405868,0.00425681,0.00291624,0.03189139,0.00832376,0.00170263,0.00952202,0.00790600,0.01838362,0.00000000,0.00168529,0.00447675,0.00101271,0.02816395,0.01631416,0.00368171,0.01160438,0.18241856,0.00000000,0.03118076,0.11180781,0.00000000,0.00339787,0.02551909,0.02405448,0.00000000,0.09011170,0.24808276,0.02373077,0.00577355,0.00350817,0.00414249,0.00317431,0.03018698,0.19665499,0.02238787,0.00000000,0.00551248,0.01800998,0.00000000,0.00000000,0.11065988,0.01024444,0.40486309,0.00000000,0.00000000,0.71506470,0.00146243,0.00000000,0.00093339,0.05245463,0.19818658,0.00946695,0.00000000,0.01459866,0.01581034,0.00000000,0.00121275,0.02407569,0.04032429,0.05177254,0.00000000,0.00000000,0.00000000,0.00000000,0.00000000,0.00000000,0.00278305,0.00484980,0.00238030,0.00417766,0.01323947,0.02177981,0.00665472,0.00261558,0.03585191,0.29123995,0.01531432,0.01258797,0.00000000,0.00000000,0.00000000,0.01397582,0.00000000,0.00000000,0.00000000,0.01041476,0.02078321,0.00000000,0.00008523,0.00626614,0.03449265,0.00556774,0.00000000,0.02162036,0.03531425,0.31674081,0.05517473,0.01180461,0.05137536,0.10769450,0.06292035,0.00000000,0.01230258,0.15307288,0.05086259,0.18801033,0.09023922,0.00000000,0.00212505,0.00000000,0.26949307,0.00273951,0.05409645,0.05042226,0.04332783,0.06743059,0.00151892,0.00397362,0.03509354,0.00344999,0.00000000,0.00000000,0.07504600,0.04273749,0.00590228,0.01351893,0.17438817,0.04059579,0.11835060,0.00000000,0.00654986,0.00874525,0.00748769,0.00000000,0.02590685,0.00000000,0.00000000,0.02391190,0.00000000,0.01291719,0.00000000,0.00588921,0.00597500,0.01443787,0.00042342,0.13297009,0.00000000,0.02920329,0.09758513,0.00000000,0.00035643,0.00060238,0.04622755,0.14951035,0.09454960,0.02266176,0.00462507,0.01961074,0.06495216,0.02381948,0.00762005,0.00097187,0.07917698,0.02178503,0.00143212,0.01232929,0.00339125,0.00550208,0.01033139,0.03040905,0.01597863,0.13102424,0.09614157,0.00000000,0.01733140,0.07244831,0.00352864,0.50662255,0.02368784,0.05023116,0.00000000,0.18348475,0.03876127,0.00361336,0.03674186,0.00578168,0.00134722,0.02636498,0.01690903,0.00012019,0.00000000,0.00000000,0.00000000,0.04069169,0.03529913,0.00045846,0.00000000,0.19955204,0.00745930,0.03849799,0.02971067,0.00209861,0.00000000,0.08608147,0.02199581,0.02587684,0.00000000,0.00061686,0.00000000,0.03564841,0.00000000,0.01096145,0.02393192,0.00000000,0.00000000,0.04951014,0.10035577,0.00973546,0.01638918,0.03004848,0.10776112,0.13903768,0.01209940,0.01470736,0.09111992,0.00078725,0.00000000,0.05037092,0.23495585,0.01556251,0.00183784,0.04675612,0.00374534,0.06136645,0.00000000,0.00000000,0.00444283,0.11204830,0.06018441,0.07636379,0.00997664,0.07853058,0.01658571,0.04466511,0.06653390,0.05466945,0.00090502,0.00581817,0.02509358,0.00662229,0.19009511,0.00000000,0.00000000,0.04283836,0.01112602,0.09996475,0.22830111,0.01058624,0.01506057,0.01325611,0.00000000,0.01053845,0.00000000,0.47292605,0.00309914,0.01022531,0.02342724,0.00126618,0.00000000,0.07669794,0.26883459,0.00000000,0.05331292,0.00000000,0.06825525,0.00273506,0.01650087,0.06710498,0.02833503,0.00000000,0.00125345,0.01145592,0.24724481,0.00000000,0.00000000,0.03472940,0.00200458,0.08424272,0.01044474,0.00000000,0.01971910,0.01840260,0.05947552,0.04322785,0.13511033,0.00674424,0.01735105,0.00000000,0.07924829,0.11421609,0.00629595,0.13270721,0.00000000,0.01629327,0.03928563,0.01040302,0.00457682,0.03163221,0.00000000,0.01688197,0.00940218,0.02183650,0.00000000,0.01800305,0.00370903,0.01312866,0.00286213,0.33139578,0.00000000,0.01120332,0.00244375,0.00000000,0.03401772,0.02631372,0.01242797,0.05676294,0.00000000,0.00798400,0.04175720,0.00000000,0.03235627,0.00000000,0.00000000,0.08862530,0.00519663,0.02297199,0.00000000,0.21855462,0.36721125,0.00000000,0.01380972,0.01017926,0.04707356,0.07936163,0.03349807,0.00321908,0.00000000,0.00000000,0.00275377,0.21130697,0.12220254,0.06890611,0.00144096,0.03724789,0.00000000,0.00000000,0.15251207,0.00558575,0.12029342,0.00057165,0.00000000,0.06472561,0.01911238,0.32623881,0.05466039,0.01323672,0.00000000,0.00000000,0.12570183,0.00929486,0.01960683,0.01540276,0.00468512,0.28043005,0.00000000,0.00000000,0.00000000,0.25527501,0.02171110,0.00419465,0.01644425,0.00000000,0.00000000,0.12256641,0.01827568,0.00205618,0.00000000,0.00000000,0.00738596,0.02414187,0.20826018,0.00000000,0.04034565,0.00272363,0.00000000,0.00505307,0.00137762,0.02164548,0.02247247,0.00074460,0.00537046,0.01716955,0.04569605,0.03528466,0.02700705,0.00120506,0.00063448,0.00247712,0.03290538,0.00873769,0.02209020,0.00000000,0.00486397,0.36831161,0.01480590,0.00913916,0.03391826,0.19588885,0.01990369,0.00293862,0.00000000,0.00000000,0.02582040,0.01242173,0.21811089,0.18233888,0.00396379,0.00308332,0.37873700,0.00237316,0.00000000,0.00349107,0.01326565,0.10023995,0.05357808,0.00126046,0.04176417,0.00000000,0.00400340,0.00000000,0.00206512,0.24965487,0.01894482,0.00000000,0.00807315,0.01730042,0.00018873,0.14060678,0.00497625,0.02053786,0.00455380,0.05343246,0.14123552,0.28634953,0.41191229,0.00378380,0.00000000,0.01040078,0.14582875,0.00868925,0.00000000,0.02960217,0.00866867,0.02578408,0.11492272,0.16701458,0.00843794,0.00036114,0.00489312,0.01897458,0.01608028,0.03810061,0.02988513,0.14365499,0.01292671,0.14293076,0.06990974,0.03740808,0.05058544,0.01782281,0.00000000,0.08001423,0.33714157,0.01489460,0.01215976,0.01751157,0.05085015,0.00000000,0.06294899,0.05844494,0.00453445,0.00121528,0.08692262,0.00170351,0.05464990,0.00718305,0.00081166,0.01983406,0.00000000,0.00058640,0.01038503,0.21504189,0.00000000,0.00000000,0.00402511,0.05972179,0.01318385,0.00507273,0.00246370,0.00357327,0.00000000,0.01537632,0.05622321,0.00228799,0.00944626,0.01389476,0.00462112,0.01620209,0.07933383,0.05530205,0.02102784,0.00113668,0.05728630,0.12341210,0.01155496,0.00000000,0.25986412,0.07817046,0.02969339,0.00217847,0.00759045,0.00000000,0.16692650,0.00000000,0.00000000,0.05008127,0.00000000,0.01762968,0.00000000,0.00000000,0.00775071,0.12920910,0.00000000,0.00000000,0.06252021,0.14524125,0.00015631,0.00000000,0.01545897,0.04323833,0.03657909,0.00000000,0.00000000,0.09988101,0.00000000,0.02205174,0.00116253,0.00000000,0.00000000,0.06210870,0.03406961,0.02460130,0.00309817,0.28824553,0.00302844,0.06366709,0.00973413,0.03539944,0.00141619,0.00000000,0.00000000,0.01683689,0.05453462,0.06136383,0.04405661,0.05030069,0.00564602,0.02989295,0.06438158,0.12649879,0.00038816,0.11798062,0.00452916,0.00526815,0.52963483,0.01616083,0.00311338,0.00153913,0.01277901,0.00462574,0.10592216,0.20972949,0.00000000,0.01876444,0.16190925,0.01425965,0.00857677,0.00389752,0.04461798,0.01149113,0.00986403,0.00000000,0.00367116,0.00000000,0.00000000,0.00000000,0.00000000,0.00229199,0.03351770,0.22992292,0.00000000,0.00000000,0.03326450,0.00485320,0.38755462,0.01466394,0.00000000,0.07666504,0.00000000,0.00000000,0.00000000,0.03182322,0.00308681,0.00031298,0.00000000,0.02072256,0.00000000,0.00000000,0.00353632,0.08718710,0.09294857,0.00951426,0.04082295,0.00000000,0.15011850,0.01761033,0.00000000,0.01422658,0.03911438,0.00204472,0.02619423,0.07647204,0.40211442,0.03741997,0.00000000,0.38711104,0.00724521,0.02123277,0.00629970,0.01002598,0.00000000,0.00732525,0.00000000,0.00678305,0.05530903,0.00819079,0.00080010,0.00101879,0.00291459,0.00327315,0.00871608,0.00875677,0.01212009,0.00000000,0.00000000,0.10557114,0.00000000,0.00000000,0.21331863,0.07764296,0.00260384,0.01414233,0.03328082,0.00000000,0.00021665,0.00000000,0.00000000,0.07884596,0.30696180,0.01503053,0.04820340,0.00566034,0.00000000,0.00154780,0.00162159,0.03249225,0.00177905,0.03084695,0.00078862,0.00749168,0.13368113,0.01747070,0.00494095,0.07625669,0.00418400,0.04230085,0.00215960,0.05249299,0.00557533,0.25337514,0.02353748,0.00000000,0.00674646,0.00000000,0.16999778,0.00000000,0.04521134,0.06161693,0.00000000,0.19476499,0.04826092,0.00000000,0.00000000,0.01167177,0.02376121,0.06061699,0.01531802,0.00000000,0.00510584,0.00415988,0.00000000,0.02048321,0.02977160,0.16974415,0.00418514,0.00000000,0.03444795,0.03614217,0.10313635,0.00000000,0.01683468,0.02607387,0.00000000,0.00751626,0.00139888,0.00413804,0.00000000,0.04911529,0.00943400,0.00571140,0.00881453,0.00000000,0.00000000,0.10947284,0.01503909,0.00304162,0.00000000,0.03952599,0.00424561,0.32968438,0.10887913,0.00823711,0.00000000,0.00134638,0.00556871,0.17520601,0.20850371,0.05220992,0.11873782,0.00000000,0.01121561,0.06476603,0.05401377,0.11513557,0.00000000,0.02686806,0.14349037,0.01024115,0.00000000,0.00000000,0.00404913,0.04473719,0.03306673,0.00000000,0.03682017,0.00551920,0.00512057,0.00000000,0.00015941,0.00457103,0.00000000,0.00550912,0.01442152,0.02032407,0.00000000,0.14401996,0.01459809,0.00352916,0.00000000,0.00407689,0.00134781,0.01562137,0.13180204,0.01199051,0.00000000,0.07915960,0.03740046,0.13590887,0.24114642,0.27208504,0.00523566,0.01027708,0.01733719,0.05232956,0.00172552,0.02331500,0.00402510,0.00000000,0.12857723,0.01776340,0.02054568,0.09864917,0.47089550,0.01652716,0.24937432,0.00000000,0.00027825,0.00942294,0.00072988,0.08051736,0.00000000,0.01800097,0.01278325,0.47673890,0.00953350,0.00150433,0.02266487,0.02940413,0.00160117,0.00056294,0.00000000,0.00000000,0.00000000,0.00310150,0.00112147,0.02710125,0.05713076,0.00000000,0.07467116,0.00000000,0.00075020,0.00124396,0.00000000,0.08248337,0.00068630,0.00890236,0.00136332,0.00264694,0.06248466,0.00000000,0.01766152,0.05084433,0.00550975,0.00788163,0.00413098,0.16408372,0.01965521,0.01850268,0.09205794,0.01112788,0.09046112,0.00000000,0.00000000,0.00498687,0.00375871,0.00021662,0.00000000,0.02004369,0.00808775,0.06448964,0.07349821,0.03044674,0.02057602,0.00372285,0.07080322,0.00000000,0.00230009,0.00138821,0.00000000,0.00590650,0.01155870,0.00915322,0.00000000,0.08157087,0.03162731,0.03718788,0.01793630,0.04463892,0.00000000,0.00700550,0.26410946,0.11179052,0.00000000,0.15476057,0.04939332,0.08090575,0.00671187,0.03849977,0.00000000,0.00330682,0.00087851,0.00000000,0.00295542,0.00000000,0.03827651,0.04445804,0.01842534,0.00000000,0.05684073,0.00000000,0.01007192,0.06000455,0.00000000,0.00000000,0.00000000,0.00379871,0.00504060,0.00000000,0.00000000,0.12475896,0.01183755,0.03147209,0.00000000,0.07745014,0.01197448,0.00286745,0.00000000,0.00688415,0.07061530,0.17260247,0.10926291,0.04399280,0.15244673,0.00000000,0.02205344,0.04979281,0.03256787,0.00000000,0.00000000,0.00000000,0.01189759,0.00000000,0.26960757,0.00260350,0.03264393,0.00096976,0.00000000,0.07844836,0.02036404,0.20490615,0.00716536,0.03994333,0.00246059,0.00388429,0.00000000,0.00000000,0.06642871,0.00670398,0.00000000,0.08382137,0.01035393,0.00000000,0.04648405,0.02149747,0.00061229,0.01474095,0.12638937,0.00188251,0.03500819,0.07539948,0.00326219,0.00049414,0.01588665,0.00000000,0.00000000,0.00913924,0.00000000,0.00301270,0.05457393,0.05341106,0.00941260,0.03386969,0.00264663,0.00485660,0.00988793,0.02444491,0.03603014,0.10480446,0.00000000,0.00096624,0.22547202,0.01262578,0.26980478,0.00572280,0.03616396,0.08095940,0.00117756,0.00614055,0.05028816,0.00231529,0.00003170,0.06612431,0.00000000,0.00033261,0.06523293,0.01475123,0.01639757,0.05730807,0.00000000,0.07449593,0.02528032,0.04156222,0.00540039,0.02151142,0.00721853,0.03843301,0.02964772,0.00058374,0.01667520,0.01978401,0.01867031,0.00587994,0.00013188,0.00000000,0.08679663,0.01432073,0.18445019,0.01397835,0.08087360,0.01567439,0.09076142,0.00000000,0.00128894,0.00218645,0.00644292,0.00567671,0.01020842,0.00000000,0.00000000,0.00950161,0.00169754,0.05457210,0.00185836,0.25999403,0.00000000,0.00042020,0.00394456,0.36654443,0.09969649,0.00251360,0.00754729,0.02977833,0.00000000,0.02473830,0.00000000,0.00605408,0.00000000,0.00594617,0.05509371,0.00004495,0.03933585,0.03716867,0.02845074,0.06409272,0.00212740,0.01822140,0.02876302,0.00785377,0.00260326,0.12208219,0.07689472,0.00875257,0.01665577,0.01898859,0.00906458,0.02070316,0.02720311,0.00259228,0.01231283,0.00615748,0.01834947,0.05120094,0.20180994,0.05441321,0.10500941,0.00308476,0.01282362,0.00000000,0.00000000,0.02704215,0.04661800,0.00103935,0.08047142,0.04963880,0.03831362,0.08435776,0.00181817,0.00870219,0.00333079,0.22582890,0.00355507,0.05725417,0.01214411,0.01368009,0.06019599,0.00000000,0.05412936,0.06129090,0.03631815,0.07536061,0.00379862,0.00000000,0.05911259,0.00000000,0.01429605,0.00000000,0.05676746,0.00328959,0.10868578,0.00000000,0.00000000,0.00122404,0.03953891,0.00367287,0.01305360,0.06895275,0.02982599,0.10015345,0.22461343,0.00786606,0.00677111,0.01312489,0.01925571,0.00015400,0.01456356,0.06217141,0.00000000,0.02163517,0.00374942,0.01089698,0.27457702,0.00000000,0.00743756,0.02236127,0.00028328,0.00076822,0.00000000,0.02535415,0.00000000,0.05346754,0.03570269,0.00000000,0.00000000,0.00000000,0.00182047,0.03226782,0.01578834,0.00144125,0.00000000,0.00326456,0.23187631,0.00383383,0.00000000,0.01520562,0.00000000,0.02647321,0.10927378,0.00304126,0.00247820,0.02680686,0.00093519,0.03773928,0.05275330,0.00000000,0.00000000,0.00000000,0.00000000,0.00032681,0.01323846,0.00477725,0.01440361,0.17379318,0.01542509,0.00119201,0.00108634,0.04924461,0.02907895,0.07384616,0.02203109,0.00404559,0.00316339,0.08595740,0.00014936,0.12306699,0.01553549,0.00574788
6067,data/pair/6067/RHEED/Oxide desorption.MOV,manifest_specified_rheed_path,25.630000,769,8,0.44706571,0.04977031,0.10012399,0.00000000,0.00107778,0.00000000,0.00283115,0.00049437,0.01186349,0.00111726,0.31418568,0.04821732,0.00000000,0.00611897,0.00034080,0.24194267,0.13337055,0.00214534,0.01542664,0.05686841,0.01969304,0.00366723,1.21673942,0.02836966,0.06514774,0.05689621,0.00000000,0.32171714,0.00000000,0.34469774,0.00000000,0.11665466,0.13112673,3.19015932,0.00000000,0.04013076,0.00059287,0.00000000,0.00128305,0.00605470,0.02369428,0.00768514,0.00395334,0.00042332,0.01188682,0.00000000,0.00000000,0.00512021,0.00066236,0.01536648,0.00299676,0.01147125,0.71554506,0.00225381,0.00127901,0.19839631,0.01989868,0.00000000,0.00414445,0.01642234,0.15183046,0.00000000,0.25915995,0.02603681,0.00293614,0.02235817,0.00000000,0.00000000,0.26037875,0.00000000,0.04933923,0.00175485,0.00346331,0.10386110,0.00047089,0.01375643,0.00092518,0.00000000,0.00000000,0.00739640,0.49837109,0.00029866,1.23638141,0.00551792,0.00004803,0.83384371,0.00000000,1.65354216,0.00000000,0.00896032,0.17590246,0.00000000,0.00123023,0.00000000,0.03075058,0.00000000,0.25164846,0.00000000,0.77200186,0.00000000,0.02391179,0.07346137,0.31915164,0.00000000,0.00000000,0.05825756,0.00091229,0.33985892,0.00000000,0.00000000,0.00000000,0.19336730,0.04240120,0.00000000,0.00000000,0.00783020,0.00119088,0.00030253,0.01952427,0.87914735,0.29835427,0.12926939,0.03910102,0.00089250,0.00111537,0.00932544,0.00059798,0.00999371,0.02937563,0.00021297,0.02019434,0.26580125,0.00000000,0.00000000,0.01625695,0.05592842,0.00010981,0.03651284,0.26986355,0.00000000,0.00080658,0.00764739,0.00000000,0.00042907,0.00188644,0.23059021,0.11034556,0.00000000,0.07075533,0.00568580,0.01658696,0.02853881,0.03452477,0.15083286,0.02061048,0.01072604,0.00000000,0.00015490,0.00000000,0.27455196,0.01614448,0.07078496,0.02499352,1.64313507,0.00000000,0.20928441,0.00000000,0.00691416,0.23740460,0.05090902,0.00015607,0.51961142,0.15960515,0.05225900,0.00480814,0.02399476,0.00391945,0.00000000,0.08416244,0.00000000,0.00924000,0.30241704,0.00959048,0.00481416,0.24154465,0.00179574,0.00842790,0.12099101,0.00281201,0.00674745,0.17262378,0.59896332,0.00002669,0.00000000,0.00334200,0.11536556,0.01412399,0.03113621,0.00000000,0.04545344,0.00466821,0.00211184,1.00552571,0.00000000,0.12105040,0.00232284,0.01827873,0.00477260,0.01663098,0.00634619,0.00187161,0.07174885,0.00360101,0.05624477,0.01643975,0.00000000,0.00000000,0.00720299,0.00158011,0.21200459,0.00233430,0.00000000,0.90254450,0.08461671,0.04861351,0.08175205,0.02890577,0.02353840,0.00089196,0.02036790,0.33510277,0.02780700,0.01049053,0.00000000,0.00000000,0.01970894,0.26514745,0.68574578,0.01293685,0.00000000,0.26725316,0.00150484,0.11707459,0.07376032,0.07714437,0.06598337,0.00907161,0.01812840,0.04998538,0.06025495,0.00976880,0.00000000,0.07769295,0.03020871,0.01070411,0.00419261,0.00685593,0.00000000,0.00000000,0.08005678,0.00629946,0.00081699,0.06809002,0.01845457,0.00179625,0.15325840,0.01838064,0.22018649,0.00000000,0.00000000,0.03967705,0.04851715,0.00094626,0.06656781,0.25480887,0.05131578,0.00611074,0.00752456,0.03489384,0.01543400,0.00035898,0.00106983,0.00748944,0.05801269,0.00000000,0.07151146,0.05330288,1.52627432,0.00225548,0.40046772,0.00087318,0.02169732,0.00000000,0.00684904,0.17463148,0.00000000,0.02670384,0.00846920,0.01575407,0.00198262,0.00318215,0.00341598,0.03750370,0.02436107,0.00272385,0.00398633,0.00720429,0.00023340,0.01789671,0.02392318,0.00537225,0.00732126,0.05854653,0.00000000,0.21726348,0.00087143,0.00000000,0.05525277,0.00889449,0.00000000,0.00791685,0.12547377,0.67734993,0.00063743,0.10091054,0.10981633,0.26765895,0.01239757,0.00411708,0.06065825,0.06777181,0.00310286,0.00098310,0.00102095,0.00224404,0.00000000,0.25712854,0.04812974,0.16712628,0.09667806,0.08152998,0.01042082,0.12022613,0.00022189,0.01713548,0.00000000,0.00466104,0.00000000,0.40245432,0.00000000,0.00675501,0.22476476,0.00494442,0.00949611,0.14632761,0.06001418,0.00205722,0.00467218,0.00311646,0.00000000,0.00000000,0.02715626,0.04052355,0.22985913,0.00000000,0.35673311,0.00056595,0.01087618,0.00334213,0.01040181,0.00052635,0.00000000,0.00000000,0.00258758,0.06282292,0.00008558,0.00826557,0.20100231,0.00000000,0.00000000,0.33193877,0.00415183,0.30125764,0.17548236,0.00000000,0.01846898,0.00000000,0.03457156,0.35370544,0.06271728,0.07753842,0.00691223,0.14145476,0.88927281,0.00000000,0.00570184,0.00184248,0.58366412,0.10084988,0.49971658,0.03325847,0.00265973,0.00000000,0.02438399,0.00000000,0.00636552,0.17848176,0.00159935,0.00000000,0.19647954,0.06183377,0.10865603,0.21777783,0.20790383,0.24647927,0.26175252,0.05366687,0.00748399,0.00015101,0.00000000,0.00000000,0.00000000,0.07443392,0.00000000,0.07046384,0.22892936,0.01580625,0.00788839,0.83656573,0.01605957,0.01555357,0.02984447,0.09991688,0.00000000,0.13520846,0.14855412,0.04302546,0.01384655,0.00015506,0.02028362,0.01507798,0.20350835,0.00228941,0.06877413,0.02352356,0.00071827,0.07172105,0.02236136,0.03062158,0.00000000,0.03013480,0.00000000,0.00261815,0.01693495,0.02863872,0.16056676,0.01009837,0.18704060,0.02091320,0.00000000,0.04394483,0.00466302,0.00338098,0.11921074,0.00363018,0.00000000,0.01312494,0.29548997,0.03033477,0.00000000,0.00000000,0.06788497,0.00000000,0.00042241,0.11705993,0.00000000,0.00055141,0.02468636,0.00000000,0.07834388,0.00935253,0.00018135,0.90377265,0.02873296,0.00000000,0.01321818,0.00000000,0.06329788,0.00000000,0.00000000,0.04551724,0.01718852,0.00000000,0.02860194,0.00000000,0.11442515,0.84750658,0.20292729,0.00033341,0.08919996,0.00000000,0.00000000,0.01202858,0.00943138,0.00768369,0.00010345,0.76729840,0.00688548,0.00342257,0.57446027,0.15045200,0.01993889,0.00909078,0.09741542,0.00730738,0.00000000,0.08529934,0.00974359,0.00000000,0.02257850,0.00104824,0.06878610,0.01920049,0.01929605,0.00003587,0.00000000,0.21430029,0.03584738,0.00000000,0.35075757,0.05083045,0.00033290,0.00000000,0.08168248,0.00000000,0.10029629,0.00311103,0.36521608,0.06135455,0.02010120,0.07245187,0.00000000,0.00131925,0.02659205,0.64914167,0.05914133,0.00632676,0.00000000,0.00329930,0.00563891,0.00409880,0.00000000,0.01330557,0.08856314,0.01955793,0.04482719,0.00430840,0.17138979,0.00000000,0.00000000,0.00340738,0.08220705,0.05451036,0.00000000,0.00843828,0.28330728,0.45295578,0.08663006,0.00139126,0.00308568,0.00219393,0.00000000,0.09900303,0.00000000,0.08508732,0.00000000,0.00000000,0.00042898,0.00162871,0.23790099,0.18534666,0.03580670,0.00328933,0.00334026,0.00784273,0.00473341,0.14089213,0.00840855,0.00000000,0.05205243,0.08025493,0.01452024,0.03070412,0.00000000,0.09959403,0.03766782,0.00000000,0.00000000,0.00720082,0.00832072,0.00163748,0.04520288,0.00034493,0.00000000,0.00000000,0.00000000,0.02123168,0.80506706,0.00000000,0.00422971,0.00000000,0.01473941,0.00038035,0.05550208,0.03310628,0.06460682,0.00080674,0.28328776,0.00000000,0.00000000,0.00027952,0.14920866,0.00000000,0.00054907,0.02192150,0.03255752,0.00890802,0.93087661,0.03392387,0.02046121,0.00000000,0.02116209,0.01091498,0.02346923,0.00000000,0.00171101,1.06424415,0.56849718,0.00744131,0.00000000,0.00789369,0.01389442,0.02676420,0.01640220,0.00207065,0.00710571,0.00234232,0.00000000,0.09721138,0.21413720,0.28577638,0.03778014,0.03529752,0.29907250,0.01231402,0.55392343,0.38563964,0.00000000,1.06946337,0.00000000,0.00061455,0.02336784,0.00932617,0.10688644,0.00000000,0.00000000,0.00000000,0.00000000,0.00008743,0.00395036,0.02021796,1.22676528,0.05065954,0.00146323,0.02163818,0.00000000,0.06819265,0.06669905,0.00000000,0.02999099,0.00769696,0.01891963,0.00468782,0.00000000,0.08226892,0.11051034,0.05315927,0.36800247,0.01394248,0.00050625,0.08238228,0.00308022,0.00000000,0.01160917,0.06641652,0.00000000,0.00111405,0.00547573,0.01714373,0.00349796,0.00000000,0.03621184,0.00711390,0.00690852,0.00000000,0.17889960,0.00000000,0.00140913,1.05993819,0.02469056,0.00000000,0.00000000,0.00000000,0.02174247,0.00000000,0.01621513,0.00000000,0.00144297,0.00666876,0.10408641,0.02695034,0.00205031,0.00560535,0.01386074,0.00316249,0.09074165,0.17660137,0.00314694,0.00017125,0.00419342,0.00305022,0.12116919,0.20286447,0.00000000,0.00230653,0.00000000,0.02986111,0.00088975,0.00000000,0.05414095,0.17510170,0.00000000,0.00199058,0.13214436,0.00610529,0.09079891,0.00000000,0.00125960,0.53775352,0.09715127,0.00668760,0.00291007,0.01603743,1.32801104,0.01266312,0.02326532,0.00712719,0.00000000,0.00116523,0.00000000,0.06432811,0.00000000,5.42876720,0.05931184,0.00372640,0.00166153,0.02935509,0.00000000,0.05543109,0.01797133,0.02742655,0.02247465,0.35981658,0.04193984,0.02019965,0.00155251,0.00000000,0.00243736,0.00669644,0.00001872,0.04662310,0.02712848,0.00178892,0.44526711,0.06690145,0.02127692,0.16850850,0.18707187,0.02109045,0.29858220,0.00000000,0.65951890,0.00000000,0.25283197,0.00184469,0.07850920,0.32367644,0.01880118,0.66715086,0.01375770,0.01240203,0.00148393,0.04656940,0.00000000,0.00420042,0.03051466,0.20206067,0.03678865,0.00217429,0.00000000,0.17428707,0.07703679,0.00805109,0.00000000,0.00000000,0.06888740,0.03368984,0.00621056,0.00155925,2.51766229,0.03041571,2.05623245,0.00000000,0.01138043,0.00154972,0.00728333,0.00000000,0.01064945,0.19347814,0.00703532,0.00165910,0.00596203,0.03688873,0.00000000,0.31274316,0.29576576,0.07555929,0.41188920,0.00404868,0.00977258,0.00391760,0.36251956,0.00134113,0.09199008,0.00147430,0.04001723,0.01158387,0.00000000,0.00377217,0.04084513,0.01439446,0.04739360,0.07686808,0.00876333,0.06368881,0.00068319,0.00000000,0.01178999,0.00190119,0.00685406,0.00599731,0.02868292,0.00357767,0.00298691,0.08967867,0.00000000,0.00000000,0.06253734,0.97635210,0.00000000,0.02745727,0.59146029,0.00049182,0.00000000,0.00000000,0.03812156,0.00000000,0.05693600,0.43657637,0.02261396,0.01380543,0.00000000,0.01517574,0.00542149,0.01855309,0.43370727,0.08412870,0.00000000,0.00010822,0.00071346,0.00000000,0.00322158,0.03153687,0.00122959,0.82257795,0.00000000,0.00749773,1.52934015,0.00175780,0.00000000,0.00243149,0.11602598,0.95105147,0.00320012,0.00000000,0.00695170,0.01514430,0.00000000,0.00384614,0.04272183,0.24862671,0.05958236,0.00000000,0.00000000,0.00000000,0.01678064,0.00391606,0.00000000,0.00298683,0.06178480,0.01860688,0.00472513,0.01039306,0.16635406,0.00766362,0.04476406,0.04040095,0.62422472,0.01770386,0.04104818,0.00853013,0.00127084,0.00000000,0.02093925,0.00000000,0.00380739,0.00216932,0.00353769,0.02924036,0.00010568,0.03442658,0.01204508,0.09089709,0.00772522,0.00000000,0.00000000,0.02603080,1.49076533,0.05319316,0.57446879,0.03835731,0.00848303,0.08646256,0.00102883,0.02212568,0.06196466,0.27594820,0.71032268,0.35225788,0.00344251,0.00235172,0.01934667,0.32596070,0.00111944,0.14717948,0.07341819,0.01312145,0.08509225,0.01643433,0.00000000,0.00034732,0.00360203,0.00000000,0.00000000,0.30712825,0.00623793,0.00011102,0.05645583,0.27154517,0.03336902,0.43632308,0.00074803,0.00000000,0.08322505,0.00298009,0.00000000,0.00618745,0.00314530,0.00000000,0.00106433,0.00000000,0.02057699,0.00161051,0.05258779,0.00294518,0.03391176,0.00424074,0.23326832,0.00000000,0.01683424,0.61478162,0.00482043,0.00000000,0.00144829,0.04271227,0.84879202,0.20261809,0.00627576,0.00084148,0.04104049,0.44040847,0.00000000,0.01983233,0.00122498,0.27781066,0.04931572,0.01173977,0.00208700,0.00071631,0.06328540,0.02837564,0.03572752,0.01204955,0.33951470,0.06693795,0.04397488,0.02286351,0.20275110,0.03496868,1.78380811,0.00684144,0.02698342,0.00000000,0.14648940,0.22008322,0.00634766,0.02562021,0.02933527,0.00116064,0.01134713,0.03934165,0.00507581,0.00000000,0.00134027,0.00000000,0.05289877,0.21443917,0.00117947,0.17255421,0.82322592,0.02899537,0.02768815,0.08189638,0.01198985,0.00000000,0.09891745,0.00688432,0.00797124,0.00000000,0.00000000,0.02675711,0.03250120,0.00275814,0.24968675,0.05759150,0.00000000,0.00064855,0.01371463,0.01923078,0.01805909,0.02079703,0.03933303,0.02516920,0.98510027,0.00000000,0.01664870,0.01763830,0.00347465,0.00000000,0.07043595,0.38879275,0.06598955,0.01126414,0.09272951,0.03985597,0.01192341,0.00396267,0.00000000,0.05017306,0.91172332,0.07229168,0.13429698,0.00000000,0.14677328,0.02787116,0.05626018,0.09757739,0.04405345,0.00771043,0.00341049,0.01271907,0.01215832,0.08045033,0.00041504,0.00000000,0.03479076,0.00432609,0.13439538,0.97356308,0.00317118,0.05004065,0.07074714,0.00000000,0.00701596,0.00000000,0.89876080,0.00000000,0.01619701,0.00873403,0.00544198,0.00000000,0.09662852,0.40428501,0.00000000,0.00808831,0.00000000,0.17255025,0.00089938,0.18094561,0.23548093,0.03879496,0.00007183,0.00058761,0.01083940,0.96379507,0.00000000,0.00000000,0.08949295,0.00177466,0.14696245,0.03210519,0.00000000,0.00892663,0.03726135,0.11942960,0.08119088,0.63423121,0.02271861,0.06745522,0.00000000,0.04361373,0.28271136,0.03223981,0.57075679,0.00000000,0.00564954,0.00283986,0.02150426,0.00915476,0.04369385,0.00000000,0.00212578,0.00411692,0.04994423,0.00000000,0.00000000,0.00052008,0.03342366,0.01252376,0.85900694,0.00000000,0.00042833,0.00617974,0.00037374,0.07013559,0.02569623,0.00003510,0.11176987,0.00000000,0.00869226,0.01412147,0.00000000,0.02432434,0.00000000,0.00421307,0.23991325,0.00439430,0.01502021,0.00076450,0.53511518,1.10863304,0.00000000,0.01788109,0.06836660,0.11181710,0.29894906,0.07978844,0.00073386,0.00000000,0.00000000,0.02082495,0.08918943,0.71688843,0.20093961,0.00000000,0.00185160,0.00085629,0.00000000,0.29873902,0.04629404,0.47696418,0.00000000,0.00001070,0.07483685,0.00001422,0.77758664,0.06940546,0.03241742,0.00000000,0.00000000,0.23461236,0.00410448,0.04167098,0.03457116,0.00179481,2.84635592,0.00000000,0.00000000,0.00044369,0.82420385,0.00670708,0.01884843,0.01403175,0.00040199,0.00049692,0.81075752,0.00777384,0.00344866,0.00000000,0.00000000,0.00000000,0.00621714,0.42020682,0.00000000,0.10420961,0.00617878,0.00892662,0.01994562,0.00000000,0.00521351,0.01128149,0.01195160,0.00134286,0.00000000,0.01797031,0.13531661,0.05163472,0.00041002,0.00000000,0.07298046,0.03257392,0.00209372,0.09594519,0.00257588,0.02023134,1.09039426,0.03501889,0.06454359,0.06738880,0.09055722,0.00481269,0.01156356,0.00046687,0.00000000,0.01138284,0.00831050,0.75522798,0.67117488,0.00046867,0.00000000,1.54332113,0.00000000,0.00000000,0.00000000,0.04104798,0.06982021,0.23338072,0.00000000,0.14257909,0.00000000,0.00000000,0.00000000,0.01454215,0.54320431,0.00328104,0.00000000,0.00679086,0.07161073,0.00146618,1.03854835,0.00000000,0.01833995,0.02667953,0.04238653,0.02327174,0.80593324,0.41037881,0.00342368,0.00201431,0.00000000,0.02950438,0.01134915,0.00000000,0.10272337,0.01322677,0.00040810,0.12852503,0.55381513,0.00208224,0.00380966,0.06272319,0.13271174,0.07976945,0.09782302,0.00593850,0.33325282,0.00000000,0.03054739,0.32524189,0.09442426,0.06692343,0.01447341,0.00000000,0.05776213,1.11598742,0.00374801,0.00522289,0.00524071,0.03314815,0.00000000,0.05107659,0.11151922,0.00652668,0.00692531,0.02277283,0.02510675,0.12480312,0.00181617,0.00000000,0.00002602,0.00110516,0.00000000,0.01189857,0.75529289,0.00361520,0.00000000,0.05032298,0.40740216,0.00000000,0.04636556,0.00287050,0.00000000,0.00072693,0.10030081,0.21653661,0.00809221,0.00648538,0.00150640,0.00758583,0.05887204,0.17120029,0.13817018,0.02265435,0.00105457,0.27027646,0.10041773,0.00003754,0.00019712,0.62325925,0.36719626,0.00469124,0.04932878,0.00000000,0.00000000,0.01286007,0.00000000,0.00689162,0.03315479,0.01713837,0.00221442,0.00000000,0.01427205,0.00443530,0.31291401,0.00052540,0.00072361,0.12260441,0.48014134,0.00045555,0.00335278,0.00006849,0.07783005,0.02743154,0.00000000,0.00000000,0.18857613,0.00000000,0.07229414,0.00417728,0.00119796,0.00000000,0.03330360,0.06373942,0.02184507,0.02463027,0.21254431,0.00479505,0.08808692,0.00270014,0.01338390,0.03322835,0.00000000,0.00000000,0.00187190,0.14760420,0.00913662,0.13143742,0.03127449,0.00136880,0.01854469,0.23578370,0.10299263,0.00426807,0.00878762,0.03691066,0.00002085,2.83741903,0.01754469,0.01186287,0.00000000,0.00624874,0.00398857,0.42729238,0.28202230,0.00000000,0.03310936,0.37294498,0.02000556,0.00000000,0.00000000,0.02363308,0.00850728,0.05872270,0.00529903,0.00000000,0.01062919,0.00000000,0.00000000,0.00000000,0.00167302,0.07716990,0.33957040,0.00000000,0.00004320,0.02341796,0.00000000,0.87153846,0.07740650,0.03018714,0.13643193,0.00000000,0.00000000,0.00000987,0.04990809,0.01208478,0.00000000,0.00000000,0.05581035,0.00017000,0.00000000,0.00000000,0.08158845,0.56040597,0.05175125,0.00437559,0.00000000,0.36797425,0.04323450,0.00000000,0.00416078,0.03051925,0.00301611,0.02334159,0.06704252,1.06195772,0.03867795,0.00006373,1.35338116,0.01723434,0.06405257,0.00000000,0.01807512,0.00000000,0.01814013,0.00000000,0.07665791,0.00291244,0.02121245,0.00000000,0.00150555,0.00036991,0.01241062,0.00000000,0.09611309,0.00000000,0.00808804,0.00015804,0.28686753,0.00000000,0.00056782,0.43505582,0.00703031,0.00725667,0.03887806,0.01308290,0.00000000,0.00085051,0.00000000,0.00012407,0.05442466,0.37976035,0.00205998,0.08081841,0.06037712,0.03242873,0.02492967,0.00085450,0.01541031,0.00000000,0.00602403,0.02557524,0.00609363,0.24913554,0.00563831,0.01315410,0.19022423,0.00222641,0.17158613,0.06113652,0.04998420,0.00007866,0.46422604,0.08982723,0.00000000,0.00261643,0.00037975,0.55156124,0.01962206,0.06325977,0.33699685,0.00000000,0.75835347,0.00345889,0.00000000,0.00000000,0.01194606,0.00018901,0.00059916,0.00904736,0.00000000,0.00000000,0.06547758,0.00000000,0.00197703,0.19619563,0.95894235,0.00183367,0.00000000,0.01216111,0.00474484,0.09928898,0.00000000,0.01926428,0.12239821,0.00000000,0.00065987,0.00227702,0.00244852,0.00481820,0.10937058,0.00416489,0.00049176,0.00000000,0.00000000,0.00000000,0.14415888,0.00092941,0.00781071,0.00101185,0.00451250,0.00000000,0.23055539,0.04298741,0.00000000,0.00594784,0.00138897,0.00292516,0.12831497,0.71362579,0.11881769,0.15331820,0.00053658,0.01422076,0.27111101,0.02939009,0.01805545,0.00000000,0.03467774,0.12592208,0.02566093,0.01270110,0.00752324,0.00674401,0.00507406,0.05249581,0.00000000,0.00834511,0.00244961,0.00865386,0.01763245,0.00999274,0.00000000,0.00000000,0.00077762,0.00000000,0.00674064,0.00000000,0.39327979,0.00332698,0.01122086,0.00000000,0.00329589,0.01072328,0.02856398,0.03733141,0.01097549,0.00000000,0.30307478,0.00000000,0.13547146,0.40336427,0.68452895,0.02443648,0.02192380,0.06528772,0.08130740,0.00396432,0.00000000,0.00639231,0.00000000,0.44979286,0.00004098,0.00017742,0.14450432,1.07692301,0.02176709,2.50549579,0.00000000,0.00486728,0.00001441,0.00105117,0.00328599,0.01414724,0.04214824,0.00000000,1.28340197,0.00053495,0.00096576,0.00506723,0.03896641,0.00000000,0.00062863,0.00000000,0.00106947,0.00038144,0.01383512,0.00688519,0.00158670,0.16899474,0.00000000,0.27689806,0.00000000,0.00000000,0.03916914,0.00000000,0.40662059,0.00118267,0.03790331,0.02571028,0.00104683,0.41825318,0.00188858,0.00461898,0.07708986,0.00572914,0.05099548,0.00753155,0.02196671,0.00701311,0.03936277,0.50016165,0.01029583,0.30857375,0.00591794,0.00154121,0.00119988,0.02810421,0.03041187,0.01182047,0.00253124,0.00736069,0.03247267,0.30816787,0.05686796,0.01429239,0.00270797,0.21500099,0.00000000,0.00000000,0.00000000,0.00000000,0.02116933,0.00843269,0.00183516,0.00000000,0.04434689,0.04565719,0.00795320,0.04283173,0.06337251,0.00956883,0.00740918,0.05333988,0.29483852,0.00000000,1.14975774,0.02137100,0.14124835,0.04815697,0.01374143,0.00000000,0.00503339,0.00000000,0.00110329,0.00189892,0.03259483,0.07484622,0.04613729,0.00343712,0.00000000,0.02683944,0.00000000,0.02420405,0.01478786,0.00236985,0.00704631,0.00009050,0.01570116,0.00000000,0.00016522,0.00644136,0.39328116,0.15455303,0.00000000,0.00000000,0.48355472,0.00307942,0.00108220,0.00000000,0.01687593,0.47274712,0.34128809,0.10095926,0.02264167,0.34829855,0.00000000,0.00232144,0.00243840,0.00266346,0.00000000,0.00000000,0.00000000,0.04609892,0.00000000,0.13622890,0.01168269,0.02988049,0.00017238,0.00000000,0.00131537,0.00000000,0.22996174,0.00000000,0.01496299,0.01042323,0.01391511,0.00578654,0.00311326,0.16755939,0.05841559,0.00000000,0.18994972,0.03528146,0.00000000,0.12769321,0.02629494,0.00804523,0.01764281,0.31180543,0.00000000,0.07623366,0.00606453,0.00488937,0.00003960,0.00001006,0.00000000,0.01976311,0.02327116,0.00126815,0.02216176,0.08959021,0.06683218,0.00618623,0.00000000,0.00277641,0.00013867,0.03652664,0.00982406,0.02053665,0.11850289,0.00012428,0.00226521,1.41372561,0.00196536,1.33654499,0.00573606,0.00786626,0.26179263,0.01246756,0.02042801,0.23564471,0.00396489,0.01504184,0.17124641,0.00000000,0.00117721,0.30075887,0.00031998,0.00744159,0.00670072,0.00158900,0.00502066,0.01526430,0.06475797,0.00993557,0.00555283,0.00000000,0.06217328,0.06173949,0.00555698,0.03647020,0.00871721,0.01458729,0.00610662,0.00398089,0.00000000,0.11687441,0.07140259,0.73159432,0.00386381,0.08059359,0.01239817,0.17960592,0.00000000,0.00000000,0.00232259,0.01153746,0.00000000,0.00682266,0.00000000,0.00000000,0.00572914,0.00000000,0.05152501,0.01304802,1.07497871,0.00000000,0.00815225,0.00196560,0.86555189,0.13299084,0.00000000,0.00000000,0.01101078,0.00040639,0.12489183,0.00000000,0.00099801,0.00000000,0.00108520,0.13525438,0.00000000,0.03155395,0.00070262,0.00000000,0.04423102,0.00000000,0.08648544,0.01872840,0.02900034,0.00371025,0.21919164,0.20236103,0.02312710,0.00094376,0.00000000,0.05362682,0.07525977,0.00134994,0.00122677,0.01609438,0.00492129,0.06274330,0.02252207,0.69803602,0.13891949,0.77912521,0.01742023,0.00444411,0.00030578,0.00000000,0.00000000,0.02284102,0.00145970,0.00752265,0.40566260,0.10341741,0.18242557,0.00046118,0.00836703,0.00038707,0.58958495,0.01380081,0.14752336,0.00953046,0.02417275,0.23902670,0.00091786,0.16479015,0.00932700,0.31526554,0.17594871,0.00882115,0.00000000,0.45474550,0.00000000,0.10325643,0.00000000,0.12258498,0.00000000,0.67502218,0.00000000,0.00548810,0.00523445,0.05875907,0.00413184,0.08314557,0.01233030,0.03708977,0.06657835,0.95446551,0.00251724,0.00184795,0.00000000,0.00921679,0.01744556,0.03023440,0.21488160,0.00867846,0.02074856,0.00073159,0.00000000,0.42606261,0.00000000,0.01132096,0.05536512,0.00000000,0.00153077,0.00000000,0.03790076,0.00000000,0.22278616,0.00307994,0.00081159,0.00000000,0.01042090,0.04042964,0.07108206,0.01110691,0.00114739,0.00000000,0.00309030,0.85795343,0.00725384,0.00008943,0.00000000,0.00000000,0.00000000,0.17358798,0.00000000,0.00176018,0.01413923,0.00000000,0.15333998,0.05222327,0.00426614,0.00000000,0.00000000,0.00000000,0.00000000,0.02887977,0.02570431,0.01835243,0.48808569,0.03738802,0.00000000,0.00327484,0.19905426,0.00000000,0.09866945,0.16413045,0.04797173,0.00021843,0.26828539,0.00462284,0.13963689,0.00346106,0.00332032,0.23112459,0.04419508,0.05490303,0.00000000,0.00222245,0.00000000,0.00490596,0.00130797,0.01680285,0.00295599,0.27181098,0.05154813,0.00000000,0.00929996,0.00059132,0.10002109,0.10656652,0.00567605,0.04081504,0.04074068,0.04680195,0.00637886,0.33960235,0.03363816,0.06596369,0.04619396,0.00000000,0.11384191,0.00000000,0.15828533,0.00000000,0.08133522,0.05072007,0.63550061,0.00000000,0.03044843,0.00156859,0.00000000,0.00339464,0.00987555,0.06207392,0.01044937,0.00500852,0.00112000,0.02985200,0.00000000,0.00000000,0.01354679,0.00175243,0.02706765,0.00529472,0.00861670,0.44397613,0.00259679,0.00213893,0.15577985,0.04853959,0.00000000,0.01096517,0.01645537,0.05768244,0.00000000,0.20310679,0.02380521,0.00361175,0.02451782,0.00000000,0.00000000,0.13109800,0.00000000,0.02633743,0.00464288,0.00705577,0.12780042,0.00082202,0.01670956,0.00244779,0.00000000,0.00000000,0.01956904,0.17326592,0.00079017,0.44447321,0.00996689,0.00012708,0.32116234,0.00000000,0.39896867,0.00000000,0.01014449,0.12319052,0.00000000,0.00325488,0.00000000,0.04668777,0.00000000,0.07349811,0.00000000,0.48851374,0.00000000,0.04790761,0.02540907,0.16188043,0.00000000,0.00000000,0.05429251,0.00162187,0.18127562,0.00000000,0.00000000,0.00000000,0.04213903,0.02794419,0.00000000,0.00000000,0.00778106,0.00217932,0.00080041,0.03157911,0.29973945,0.12658314,0.04669055,0.02268218,0.00122370,0.00180617,0.01411313,0.00158212,0.02644087,0.02208475,0.00056347,0.03735472,0.11760960,0.00000000,0.00000000,0.01720224,0.05011881,0.00029052,0.02574472,0.08565036,0.00000000,0.00213402,0.02023309,0.00000000,0.00113521,0.00499104,0.11770308,0.06704194,0.00000000,0.03478846,0.01504320,0.02351986,0.03801376,0.01957086,0.08190238,0.04087287,0.02382442,0.00000000,0.00040982,0.00000000,0.12709001,0.02349703,0.12207519,0.02064988,0.22107483,0.00000000,0.11678416,0.00000000,0.01829313,0.13441527,0.03271578,0.00041293,0.21904734,0.11425886,0.04972097,0.01272114,0.03515588,0.01036988,0.00000000,0.04535541,0.00000000,0.02354824,0.12710722,0.01030296,0.00657088,0.05248971,0.00214699,0.02213335,0.08686573,0.00743989,0.00800625,0.08286621,0.20026499,0.00007062,0.00000000,0.00325101,0.07472149,0.02711918,0.02495816,0.00000000,0.04777191,0.00944399,0.00558741,0.28164592,0.00000000,0.08912836,0.00494218,0.02172482,0.01262712,0.02513471,0.01679044,0.00495182,0.07957028,0.00445852,0.13118525,0.02757420,0.00000000,0.00000000,0.00656301,0.00303857,0.10922333,0.00617598,0.00000000,0.21961962,0.07255279,0.04212217,0.08309325,0.02775733,0.03408706,0.00235990,0.01726929,0.32576686,0.07289684,0.02775532,0.00000000,0.00000000,0.04301948,0.09132648,0.37398833,0.02029337,0.00000000,0.08848203,0.00323177,0.08262956,0.06615432,0.02698435,0.14189312,0.02400123,0.01470081,0.04525426,0.02405590,0.01779779,0.00000000,0.06187997,0.02814976,0.01808792,0.00913354,0.01813907,0.00000000,0.00000000,0.06000360,0.01557401,0.00216155,0.07076452,0.02003102,0.00475243,0.07895738,0.02352173,0.07463142,0.00000000,0.00000000,0.03410736,0.03352591,0.00250357,0.04175671,0.13043979,0.03216886,0.01616750,0.01052315,0.04844592,0.04083451,0.00094978,0.00283049,0.01427544,0.06264310,0.00000000,0.04765886,0.04362892,0.33061010,0.00596744,0.31026930,0.00189677,0.03561550,0.00000000,0.01812087,0.07440857,0.00000000,0.02862692,0.01499078,0.03706362,0.00524553,0.00754225,0.00903784,0.02663732,0.03334581,0.00475149,0.00532303,0.00786598,0.00061752,0.01628795,0.05499188,0.01421363,0.01218478,0.04816990,0.00000000,0.10447409,0.00211386,0.00000000,0.06242393,0.01252355,0.00000000,0.01134604,0.05894968,0.22469701,0.00110427,0.05565581,0.07646300,0.12843071,0.02431090,0.01077949,0.04932987,0.03507785,0.00542313,0.00260104,0.00270118,0.00593716,0.00000000,0.09495274,0.05355722,0.11483047,0.07235961,0.05841582,0.01389892,0.08330084,0.00058705,0.01539560,0.00000000,0.00930815,0.00000000,0.20524432,0.00000000,0.01496255,0.11417776,0.00661492,0.01830495,0.13046342,0.04248030,0.00544289,0.00656269,0.00698729,0.00000000,0.00000000,0.06273957,0.02707697,0.14970988,0.00000000,0.12134262,0.00149737,0.01575694,0.00824474,0.02161866,0.00117026,0.00000000,0.00000000,0.00261711,0.05138271,0.00022643,0.02186865,0.07333884,0.00000000,0.00000000,0.15250784,0.00553405,0.17666782,0.19496779,0.00000000,0.03058433,0.00000000,0.04112431,0.11809962,0.05918492,0.08184598,0.00955862,0.09654894,0.36630967,0.00000000,0.01026478,0.00487475,0.19186200,0.03388018,0.19244394,0.03929421,0.00460993,0.00000000,0.01919719,0.00000000,0.01425318,0.16276683,0.00240485,0.00000000,0.08676098,0.07606435,0.10080799,0.07845697,0.07527342,0.08242608,0.08415941,0.04345708,0.01230880,0.00039953,0.00000000,0.00000000,0.00000000,0.03779675,0.00000000,0.08997764,0.07723435,0.02044481,0.02087072,0.20013715,0.02368100,0.04115088,0.04282946,0.11206794,0.00000000,0.05220770,0.12540480,0.03032567,0.01617604,0.00041025,0.03388417,0.03989260,0.11125627,0.00605721,0.06086709,0.01589300,0.00190035,0.04466323,0.02627023,0.04319879,0.00000000,0.02198236,0.00000000,0.00342127,0.01700960,0.01641728,0.09970650,0.01133286,0.11661176,0.01804761,0.00000000,0.03443115,0.01201491,0.00894523,0.06311231,0.00851823,0.00000000,0.02239087,0.15062431,0.01456535,0.00000000,0.00000000,0.04264324,0.00000000,0.00111758,0.05543572,0.00000000,0.00145891,0.03310816,0.00000000,0.11723208,0.02474446,0.00047981,0.16565943,0.07063365,0.00000000,0.00980932,0.00000000,0.05559209,0.00000000,0.00000000,0.02616885,0.02194206,0.00000000,0.03286605,0.00000000,0.09307142,0.32400617,0.08771792,0.00088213,0.05475113,0.00000000,0.00000000,0.01276720,0.01811511,0.02032913,0.00027369,0.18678649,0.01662692,0.00602717,0.18734743,0.06883450,0.02252505,0.00692338,0.06636027,0.00845040,0.00000000,0.05465398,0.01718285,0.00000000,0.03421978,0.00277339,0.05197829,0.03166581,0.01605611,0.00009491,0.00000000,0.17582084,0.02808815,0.00000000,0.19109838,0.03265559,0.00088076,0.00000000,0.03999691,0.00000000,0.08095611,0.00820470,0.11594754,0.15768827,0.05098363,0.04602996,0.00000000,0.00247591,0.02026841,0.17597212,0.07967389,0.01049900,0.00000000,0.00872913,0.00978829,0.00784302,0.00000000,0.03435883,0.08899410,0.05174543,0.03991605,0.00634548,0.09107307,0.00000000,0.00000000,0.00602315,0.05576551,0.04186881,0.00000000,0.01470090,0.11550575,0.16627391,0.05869962,0.00368093,0.00816394,0.00580458,0.00000000,0.06873351,0.00000000,0.07170619,0.00000000,0.00000000,0.00113498,0.00430917,0.11385158,0.09128535,0.09473561,0.00870274,0.00692999,0.01329032,0.00824944,0.04648447,0.01162773,0.00000000,0.05909874,0.04168515,0.01522644,0.03300128,0.00000000,0.07601229,0.07735330,0.00000000,0.00000000,0.00913233,0.01959114,0.00249025,0.04209976,0.00059854,0.00000000,0.00000000,0.00000000,0.02442261,0.20164788,0.00000000,0.01067566,0.00000000,0.03899682,0.00100632,0.03787970,0.02232893,0.02263014,0.00141083,0.20217754,0.00000000,0.00000000,0.00073953,0.06651675,0.00000000,0.00145269,0.05799885,0.03687348,0.02067200,0.26039550,0.01993553,0.03464384,0.00000000,0.03762917,0.02439579,0.03619004,0.00000000,0.00452690,0.11626206,0.24214463,0.00935028,0.00000000,0.00706334,0.01024973,0.03161674,0.04271666,0.00364803,0.01768020,0.00412930,0.00000000,0.07954298,0.08611815,0.13464221,0.02416627,0.05943368,0.11204272,0.03257984,0.13579816,0.16733925,0.00000000,0.22805436,0.00000000,0.00162595,0.02533836,0.00909043,0.05960562,0.00000000,0.00000000,0.00000000,0.00000000,0.00023131,0.00688137,0.01538907,0.42680725,0.04880651,0.00307449,0.03589804,0.00000000,0.05759155,0.05087449,0.00000000,0.02945320,0.00995310,0.02834379,0.01183692,0.00000000,0.04647891,0.05862760,0.05188213,0.06316934,0.01510391,0.00133941,0.06000609,0.00336597,0.00000000,0.02977566,0.04331337,0.00000000,0.00196914,0.01274356,0.02918317,0.00848486,0.00000000,0.03263270,0.01532852,0.00650853,0.00000000,0.08506249,0.00000000,0.00372820,0.31395245,0.06210250,0.00000000,0.00000000,0.00000000,0.01702382,0.00000000,0.01089339,0.00000000,0.00238584,0.01764387,0.06198503,0.01840515,0.00498796,0.00702643,0.03448078,0.00533655,0.03770998,0.02820098,0.00431471,0.00045307,0.00338139,0.00807012,0.10226860,0.12340713,0.00000000,0.00610249,0.00000000,0.02714933,0.00235406,0.00000000,0.04646235,0.08205976,0.00000000,0.00526658,0.06842451,0.01074663,0.07552587,0.00000000,0.00333258,0.09973956,0.06239120,0.01359210,0.00397837,0.04082529,0.43081516,0.03350345,0.05520890,0.01885678,0.00000000,0.00308290,0.00000000,0.07783234,0.00000000,0.29474306,0.03527737,0.00965293,0.00356164,0.03354083,0.00000000,0.03454965,0.01716073,0.05156674,0.01528564,0.06321767,0.03688394,0.04317268,0.00410756,0.00000000,0.00585840,0.01246803,0.00004952,0.02832405,0.02412272,0.00473304,0.19597316,0.05009742,0.05629344,0.08458363,0.04920500,0.01992001,0.05658933,0.00000000,0.23777880,0.00000000,0.10338764,0.00488059,0.03988605,0.08117147,0.01278827,0.21030787,0.02947986,0.01010773,0.00392611,0.02797019,0.00000000,0.01111327,0.02649587,0.11991264,0.09022830,0.00415283,0.00000000,0.13605046,0.06166118,0.00955692,0.00000000,0.00000000,0.13549563,0.03466372,0.01447965,0.00403414,0.38990706,0.02959429,0.61973840,0.00000000,0.00630405,0.00285396,0.01626721,0.00000000,0.01622982,0.11398520,0.01093703,0.00362768,0.00709177,0.02591901,0.00000000,0.12815934,0.21431458,0.06012287,0.24431974,0.00526371,0.01692728,0.00704433,0.16397437,0.00354829,0.05516052,0.00390063,0.02845778,0.01977103,0.00000000,0.00712612,0.02800034,0.03452042,0.04334151,0.03971009,0.01936748,0.04719049,0.00180754,0.00000000,0.01036881,0.00252849,0.01193979,0.00941644,0.03261669,0.00730014,0.00616217,0.09064277,0.00000000,0.00000000,0.05888737,0.18783964,0.00000000,0.05148388,0.12171969,0.00090746,0.00000000,0.00000000,0.02680178,0.00000000,0.07504092,0.16659679,0.05983090,0.01468828,0.00000000,0.02085347,0.00724726,0.02661353,0.15290402,0.07058621,0.00000000,0.00028632,0.00188764,0.00000000,0.00852351,0.06285913,0.00154715,0.34323892,0.00000000,0.01969674,0.33065748,0.00164465,0.00000000,0.00553778,0.03823930,0.15370587,0.00431674,0.00000000,0.00742182,0.01288129,0.00000000,0.00621182,0.03390182,0.14149798,0.06515132,0.00000000,0.00000000,0.00000000,0.04439740,0.00713803,0.00000000,0.00622450,0.06141454,0.01991787,0.00519004,0.02028326,0.06351954,0.02027604,0.11843456,0.03119359,0.25646818,0.01763997,0.02092512,0.02256861,0.00323539,0.00000000,0.01898348,0.00000000,0.01007341,0.00522619,0.00760808,0.03337017,0.00027961,0.03888424,0.03186829,0.11562379,0.02043900,0.00000000,0.00000000,0.01943817,0.24883306,0.07146192,0.28795403,0.02921518,0.01187017,0.05542067,0.00272202,0.00593742,0.04304041,0.14172533,0.23650470,0.10971661,0.00910802,0.00554389,0.03681603,0.16790664,0.00193923,0.10040431,0.04385341,0.03471610,0.04754657,0.01636971,0.00000000,0.00091893,0.00757898,0.00000000,0.00000000,0.13812253,0.01125448,0.00029374,0.05554607,0.11788487,0.02551254,0.14597879,0.00172044,0.00000000,0.11296880,0.00788456,0.00000000,0.01637046,0.00573525,0.00000000,0.00254162,0.00000000,0.02820911,0.00426100,0.09329832,0.00779221,0.03433080,0.00496077,0.08464967,0.00000000,0.02147377,0.26995674,0.01003959,0.00000000,0.00230686,0.03609975,0.13628060,0.14921239,0.01647743,0.00222636,0.02452922,0.10556041,0.00000000,0.05047308,0.00324100,0.08765357,0.06668194,0.03106051,0.00552169,0.00189517,0.04175579,0.02608474,0.02400064,0.01359147,0.13843110,0.03637115,0.11483195,0.01450407,0.12398732,0.03709743,0.24147446,0.01810075,0.03113421,0.00000000,0.09666988,0.07306343,0.01679432,0.05209771,0.05402443,0.00307076,0.01335535,0.03526524,0.01342934,0.00000000,0.00354602,0.00000000,0.02729671,0.06666496,0.00312058,0.12266258,0.23548743,0.01481837,0.02263683,0.04853413,0.01699710,0.00000000,0.05045359,0.01821421,0.02057144,0.00000000,0.00000000,0.01759599,0.02327483,0.00729734,0.13019928,0.12353258,0.00000000,0.00171591,0.03628550,0.05087985,0.01994242,0.02290827,0.05126037,0.06659146,0.30498314,0.00000000,0.02088645,0.04666655,0.00560659,0.00000000,0.09134973,0.10736451,0.03645900,0.01529489,0.06923689,0.03329952,0.03049749,0.00694536,0.00000000,0.03593435,0.15642922,0.05079814,0.08734724,0.00000000,0.13285191,0.04308781,0.05572893,0.06729501,0.04450693,0.01397025,0.00902331,0.03059381,0.02404593,0.07366992,0.00109810,0.00000000,0.04481457,0.01144574,0.09600614,0.38888624,0.00523716,0.13105077,0.06394447,0.00000000,0.00980956,0.00000000,0.19886348,0.00000000,0.01373736,0.00806290,0.01439812,0.00000000,0.07363819,0.14489593,0.00000000,0.00986678,0.00000000,0.08371770,0.00237952,0.10714251,0.09643254,0.03611841,0.00019004,0.00123326,0.00828913,0.22928125,0.00000000,0.00000000,0.03616939,0.00227447,0.07305393,0.04174824,0.00000000,0.01100520,0.05879812,0.13578011,0.06135882,0.17896420,0.01896495,0.05123486,0.00000000,0.04584416,0.10080775,0.02372739,0.15931194,0.00000000,0.01035897,0.00537252,0.01702599,0.01122844,0.02896967,0.00000000,0.00301626,0.01089234,0.02938336,0.00000000,0.00000000,0.00137600,0.03242986,0.02617642,0.29775092,0.00000000,0.00113325,0.00801706,0.00083468,0.05967849,0.04768040,0.00009286,0.13574481,0.00000000,0.02299757,0.03736189,0.00000000,0.03318510,0.00000000,0.01114674,0.15073253,0.00766847,0.01196888,0.00202267,0.12392257,0.18660384,0.00000000,0.02602527,0.04456945,0.06800605,0.08305491,0.04620998,0.00179115,0.00000000,0.00000000,0.02723470,0.13449396,0.14857386,0.10859132,0.00000000,0.00489886,0.00226553,0.00000000,0.10159593,0.04245902,0.37857872,0.00000000,0.00002832,0.07181054,0.00003763,0.09855419,0.04949934,0.02787109,0.00000000,0.00000000,0.07168683,0.01085943,0.06277779,0.03895304,0.00410234,0.35387722,0.00000000,0.00000000,0.00095677,0.16275929,0.01774527,0.01556249,0.02812503,0.00106357,0.00131473,0.30738011,0.01826088,0.00400996,0.00000000,0.00000000,0.00000000,0.00692374,0.08815166,0.00000000,0.04077677,0.01280160,0.01675336,0.05277115,0.00000000,0.00822272,0.01571282,0.01598041,0.00355287,0.00000000,0.04754497,0.06456327,0.03533768,0.00108481,0.00000000,0.06772254,0.02317179,0.00350374,0.08987238,0.00681514,0.05352708,0.60949045,0.03059820,0.05274886,0.05789866,0.08417205,0.01273319,0.01446871,0.00094076,0.00000000,0.01411691,0.01254432,0.22619048,0.22289544,0.00124000,0.00000000,0.33669803,0.00000000,0.00000000,0.00000000,0.02324450,0.09206399,0.10415288,0.00000000,0.03385750,0.00000000,0.00000000,0.00000000,0.02265713,0.14143136,0.00868081,0.00000000,0.01112496,0.03391081,0.00281680,0.23891431,0.00000000,0.04852296,0.02216579,0.02333403,0.06157124,0.16221347,0.14864855,0.00750425,0.00387158,0.00000000,0.05951808,0.02535136,0.00000000,0.07154459,0.02486442,0.00107972,0.06363980,0.14522064,0.00370143,0.00594043,0.05287847,0.10638719,0.12878653,0.05110375,0.00878631,0.18691163,0.00000000,0.03717663,0.07680555,0.03695068,0.03050671,0.02750022,0.00000000,0.03491034,0.21178867,0.00328854,0.00919876,0.00927887,0.03319177,0.00000000,0.04596875,0.04557889,0.01351950,0.00728871,0.05660822,0.02245823,0.05717095,0.00480514,0.00000000,0.00006884,0.00292397,0.00000000,0.00900969,0.10772081,0.00956491,0.00000000,0.03699780,0.16486514,0.00000000,0.11358858,0.00613440,0.00000000,0.00192328,0.05795591,0.09303564,0.00931089,0.01715870,0.00267534,0.01096797,0.04444201,0.05570044,0.08259900,0.01632673,0.00225978,0.07560676,0.05269493,0.00009932,0.00052154,0.26315963,0.15685774,0.01241185,0.09222894,0.00000000,0.00000000,0.02889008,0.00000000,0.01430733,0.02983540,0.03321515,0.00211675,0.00000000,0.01518166,0.00765214,0.12032235,0.00139007,0.00138177,0.04802947,0.18559404,0.00120527,0.00887062,0.00018122,0.07419546,0.02239064,0.00000000,0.00000000,0.07905387,0.00000000,0.03124412,0.01105203,0.00316951,0.00000000,0.05036769,0.10190020,0.03026606,0.01642874,0.12653951,0.00859451,0.03908512,0.00396106,0.01977577,0.02359835,0.00000000,0.00000000,0.00495258,0.08846015,0.02417323,0.08718889,0.03538221,0.00362150,0.01851210,0.13369824,0.05263218,0.00481195,0.02308981,0.02759964,0.00005518,0.33821410,0.03188000,0.01525156,0.00000000,0.00317185,0.01055277,0.10693324,0.10578061,0.00000000,0.02867399,0.17253894,0.01266219,0.00000000,0.00000000,0.06252724,0.01279666,0.06023908,0.01195681,0.00000000,0.00984755,0.00000000,0.00000000,0.00000000,0.00442638,0.04945720,0.09512804,0.00000000,0.00011430,0.02167075,0.00000000,0.23728281,0.10801708,0.03903886,0.08296775,0.00000000,0.00000000,0.00002611,0.02922895,0.02262345,0.00000000,0.00000000,0.05478857,0.00044977,0.00000000,0.00000000,0.03324850,0.11463203,0.07839171,0.01153455,0.00000000,0.20724270,0.06177913,0.00000000,0.01100839,0.02825925,0.00583788,0.03768459,0.04457242,0.29327041,0.08945818,0.00016862,0.52304029,0.04559777,0.07431372,0.00000000,0.01739563,0.00000000,0.02409703,0.00000000,0.04060852,0.00610846,0.02577967,0.00000000,0.00398331,0.00097869,0.01864190,0.00000000,0.08574031,0.00000000,0.02139895,0.00041814,0.09554568,0.00000000,0.00150231,0.19009122,0.00893613,0.01591738,0.04684764,0.00884474,0.00000000,0.00225025,0.00000000,0.00032825,0.06187725,0.12698108,0.00537967,0.10221583,0.04992442,0.05647644,0.04188306,0.00190838,0.03020345,0.00000000,0.00741865,0.03962174,0.00860704,0.16526964,0.00896649,0.01315456,0.03835520,0.00408221,0.09171648,0.02012121,0.03629535,0.00020811,0.10213737,0.04571311,0.00000000,0.00544951,0.00100471,0.17530367,0.04778425,0.05254995,0.04650299,0.00000000,0.26539585,0.00915136,0.00000000,0.00000000,0.00982745,0.00050008,0.00158523,0.01453281,0.00000000,0.00000000,0.06546349,0.00000000,0.00378581,0.09480757,0.13057104,0.00350076,0.00000000,0.02182186,0.00818718,0.11356582,0.00000000,0.01717034,0.05814353,0.00000000,0.00156170,0.00483913,0.00345872,0.01274777,0.04508679,0.00657593,0.00130108,0.00000000,0.00000000,0.00000000,0.08587284,0.00161135,0.01089830,0.00177278,0.00647777,0.00000000,0.13699721,0.02361312,0.00000000,0.01080861,0.00215592,0.00530663,0.19333862,0.38480678,0.06978282,0.07638538,0.00093716,0.01785990,0.12228151,0.01500405,0.02591579,0.00000000,0.09174868,0.11886739,0.03274013,0.01635798,0.01990462,0.00913047,0.01342470,0.04390948,0.00000000,0.01420349,0.00351210,0.00794163,0.02842366,0.02015737,0.00000000,0.00000000,0.00205740,0.00000000,0.00590429,0.00000000,0.10837185,0.00880235,0.02968760,0.00000000,0.00669414,0.00932222,0.02477829,0.04231159,0.01032657,0.00000000,0.08631214,0.00000000,0.11192841,0.36989665,0.25876227,0.03149548,0.01651133,0.08570275,0.03913038,0.01048859,0.00000000,0.00857869,0.00000000,0.19534910,0.00010842,0.00046942,0.07029521,0.24880268,0.01062361,0.57767016,0.00000000,0.00582959,0.00003812,0.00278112,0.00869390,0.03743007,0.02501312,0.00000000,0.27038759,0.00087939,0.00255515,0.01033263,0.03528735,0.00000000,0.00123325,0.00000000,0.00282955,0.00100919,0.03164236,0.01066365,0.00419800,0.07939384,0.00000000,0.43692842,0.00000000,0.00000000,0.03891504,0.00000000,0.15914600,0.00312904,0.05246672,0.03363071,0.00185168,0.21452942,0.00499672,0.01114070,0.03574790,0.00839109,0.05525943,0.01110039,0.05811846,0.01227107,0.03780709,0.33419558,0.02133864,0.15735479,0.01565740,0.00369986,0.00317458,0.02178172,0.06324080,0.02053916,0.00669703,0.01616267,0.08265099,0.12882723,0.04425928,0.02586839,0.00460625,0.11793164,0.00000000,0.00000000,0.00000000,0.00000000,0.01181039,0.00818824,0.00429360,0.00000000,0.02313499,0.09870258,0.01353019,0.03068645,0.04310982,0.02531674,0.00783026,0.14112404,0.20351808,0.00000000,0.20791240,0.01699469,0.10204634,0.04081181,0.00883052,0.00000000,0.01033415,0.00000000,0.00182676,0.00420547,0.04011455,0.07548079,0.05106245,0.00589745,0.00000000,0.07101047,0.00000000,0.02206294,0.03310155,0.00627003,0.00873679,0.00023944,0.01644232,0.00000000,0.00043714,0.01139321,0.12870584,0.14328352,0.00000000,0.00000000,0.17616583,0.00814737,0.00254397,0.00000000,0.02652827,0.21951438,0.13363829,0.11552569,0.02260725,0.25353229,0.00000000,0.00614195,0.00645139,0.00704686,0.00000000,0.00000000,0.00000000,0.02977940,0.00000000,0.08143751,0.00952032,0.04199325,0.00045607,0.00000000,0.00348013,0.00000000,0.11690811,0.00000000,0.02256298,0.01156802,0.01473444,0.01201905,0.00427716,0.03978449,0.04483571,0.00000000,0.09289613,0.03315074,0.00000000,0.06910083,0.01297850,0.01749241,0.00735107,0.15485469,0.00000000,0.03205791,0.01604524,0.01240454,0.00010477,0.00002662,0.00000000,0.05228828,0.02583165,0.00185779,0.02081022,0.05680383,0.16947047,0.00789961,0.00000000,0.00410266,0.00036690,0.04671181,0.01766338,0.02425754,0.06464751,0.00032883,0.00397317,0.24200517,0.00519984,0.22689328,0.01517618,0.02081216,0.08379047,0.01526508,0.01379516,0.08542249,0.00397539,0.03857309,0.09653621,0.00000000,0.00165814,0.06820646,0.00084658,0.01729646,0.01242174,0.00420411,0.01170402,0.02944824,0.04182943,0.00590807,0.01469141,0.00000000,0.10881332,0.05599521,0.00831548,0.04274382,0.01351573,0.03602583,0.01615660,0.00614248,0.00000000,0.07585137,0.05253527,0.19504760,0.00296854,0.06380063,0.03280247,0.04531045,0.00000000,0.00000000,0.00614499,0.01431490,0.00000000,0.00957660,0.00000000,0.00000000,0.00825159,0.00000000,0.06995593,0.02188978,0.25966850,0.00000000,0.01260788,0.00471939,0.37473598,0.11289597,0.00000000,0.00000000,0.00942615,0.00107520,0.12085960,0.00000000,0.00264048,0.00000000,0.00287117,0.11549424,0.00000000,0.03154558,0.00185896,0.00000000,0.03937379,0.00000000,0.05635502,0.03397650,0.03164933,0.00550023,0.04904794,0.08387957,0.02253977,0.00245906,0.00000000,0.04329754,0.05220802,0.00357160,0.00172131,0.02538588,0.00371244,0.03909847,0.03310166,0.21552147,0.07897904,0.19008730,0.03213175,0.00641175,0.00080901,0.00000000,0.00000000,0.03135862,0.00273180,0.01990306,0.14760520,0.04817478,0.05578455,0.00122018,0.01173851,0.00052774,0.24721439,0.02748642,0.06034317,0.01143042,0.01838619,0.15382718,0.00163068,0.06587681,0.02467693,0.17977343,0.11800389,0.01958869,0.00000000,0.13001570,0.00000000,0.07288662,0.00000000,0.08367321,0.00000000,0.16975215,0.00000000,0.00492997,0.00772693,0.04415993,0.00872011,0.05418360,0.03262290,0.03719118,0.06241346,0.16087167,0.00348682,0.00488922,0.00000000,0.00623266,0.01557939,0.01343620,0.13385384,0.02296104,0.02320763,0.00179218,0.00000000,0.24782445,0.00000000,0.01153524,0.03441302,0.00000000,0.00375163,0.00000000,0.05600915,0.00000000,0.13024673,0.00437635,0.00214728,0.00000000,0.01416571,0.01804261,0.03349287,0.01749080,0.00303570,0.00000000,0.00361305,0.15994127,0.01198808,0.00022041,0.00000000,0.00000000,0.00000000,0.09171956,0.00000000,0.00212106,0.01388048,0.00000000,0.12229352,0.09341567,0.01125446,0.00000000,0.00000000,0.00000000,0.00000000,0.07460923,0.02616446,0.02205462,0.19105068,0.01516243,0.00000000,0.00866442,0.05556736,0.00000000,0.06939518,0.05024467,0.07907274,0.00057791,0.06298371,0.01130999,0.05559843,0.00605003,0.00878473
6070,data/pair/6070/RHEED/2 min GaSb at 300C.MOV,manifest_specified_rheed_path,28.860000,866,8,0.56201804,0.00644993,0.19961189,0.00180050,0.01065611,0.00000000,0.01283386,0.00517338,0.01026046,0.00000000,0.13472554,0.06790688,0.00000000,0.00000000,0.00527468,0.11639795,0.11873385,0.00000000,0.00240139,0.06830864,0.00184587,0.00030241,1.08380294,0.00857054,0.05026753,0.07828379,0.00000000,0.26437610,0.00239719,0.15660281,0.00000000,0.00307864,0.29368836,2.30340910,0.00000000,0.03274012,0.00000000,0.00000000,0.01487967,0.01729683,0.00132076,0.00091942,0.00646817,0.00011796,0.03903544,0.00000000,0.00043346,0.02581964,0.00010716,0.05224948,0.00025124,0.00610292,0.47913060,0.02212862,0.00158059,0.51381171,0.00000000,0.00030603,0.00000000,0.05757746,0.10974446,0.00029377,0.31111389,0.04941841,0.01008685,0.00489873,0.00141914,0.01651535,0.32215759,0.00034811,0.04426456,0.00000000,0.00100109,0.10404218,0.01690143,0.10534543,0.00000000,0.00000000,0.00000000,0.00059485,0.22731519,0.00190741,0.99478525,0.00174418,0.01135033,0.83759362,0.00000000,1.19954383,0.00000000,0.01293582,0.05982066,0.00120599,0.02025021,0.00000000,0.00686347,0.00000000,0.15893066,0.00111716,0.37698540,0.00954871,0.02219474,0.02049784,0.21628472,0.00000000,0.00000000,0.01409790,0.00075295,0.12998679,0.00000000,0.00430296,0.00000000,0.34828416,0.04784187,0.00132382,0.00070508,0.01705825,0.00000000,0.00798543,0.07565068,0.76400703,0.19439347,0.05471735,0.02963639,0.00069288,0.01205401,0.02538703,0.00000000,0.00000000,0.02636414,0.00000000,0.00000000,0.66079879,0.00000000,0.00000000,0.02343610,0.02017355,0.00291933,0.04746288,0.39371949,0.00000000,0.00000000,0.00006643,0.00228692,0.00000000,0.00000000,0.11693089,0.09131402,0.00424434,0.10177647,0.00000000,0.03058549,0.07957234,0.00000000,0.11877215,0.00416954,0.00096663,0.00000000,0.00000000,0.00000000,0.09195188,0.09622878,0.00017824,0.07084749,1.71222413,0.04331832,0.67808664,0.00000000,0.00000000,0.10762601,0.00408517,0.00000000,1.69399798,0.56307828,0.00471768,0.00000000,0.00237510,0.00000000,0.00000000,0.09685710,0.00000000,0.00000000,0.16743867,0.00744200,0.03202203,0.16229093,0.00000000,0.00738073,0.00151220,0.00000000,0.00062875,0.05261606,0.24643087,0.00021237,0.00000000,0.02383098,0.09783076,0.00384222,0.00453993,0.00000000,0.04963918,0.00983780,0.00165155,0.88774419,0.00000000,0.16186473,0.00000000,0.07431083,0.00008654,0.05837674,0.00000000,0.00168029,0.32821709,0.00412788,0.00000000,0.02251230,0.00000000,0.00023744,0.00825128,0.00073431,0.04951958,0.00000000,0.00632899,0.61924744,0.06718023,0.02988058,0.02605697,0.01912280,0.05659126,0.00000000,0.06554859,0.15743542,0.00429188,0.00716737,0.00000000,0.00000000,0.00028166,0.22456354,0.35637918,0.02666645,0.00145187,0.27879569,0.00000000,0.27798972,0.03096301,0.04733466,0.02649283,0.01841799,0.00000000,0.01171556,0.00346872,0.00000000,0.00309991,0.02722271,0.07015839,0.00475737,0.00192451,0.00000000,0.00000000,0.00000000,0.15085477,0.00182236,0.00022188,0.13416706,0.00357791,0.00008208,0.36949238,0.04442859,0.32609081,0.00157868,0.00006698,0.02138570,0.05442300,0.00877643,0.06724900,0.43749779,0.08330908,0.00034388,0.00663248,0.01231088,0.00000000,0.00000000,0.01532711,0.00436050,0.03963346,0.00000000,0.01422927,0.02573854,1.84084094,0.00149901,0.36832744,0.00000000,0.00081799,0.00000000,0.00000000,0.15510042,0.00000000,0.01390051,0.02451395,0.00000000,0.00004068,0.00152769,0.00000000,0.00288368,0.06681914,0.00094855,0.00529711,0.00481735,0.00000000,0.02471479,0.00000000,0.00000000,0.01308528,0.11715022,0.01446700,0.07485775,0.00689652,0.00138508,0.00000000,0.00000000,0.00139009,0.00103171,0.24683744,0.50087804,0.00207252,0.08523733,0.29967549,0.28250697,0.04592343,0.00000000,0.17382339,0.03205473,0.00082712,0.00071712,0.00000000,0.00000000,0.00000000,0.20395623,0.02204172,0.17549263,0.02895593,0.04534634,0.00119430,0.01825109,0.01264881,0.10865586,0.00000000,0.00537594,0.00402913,0.47468126,0.00000000,0.00037735,0.37211359,0.00509087,0.00336170,0.11469389,0.18709192,0.00000000,0.00111988,0.00440322,0.00000000,0.00000000,0.00000000,0.01449845,0.25320265,0.00000000,0.07349547,0.00076560,0.00684420,0.00372629,0.00903693,0.00026003,0.00003444,0.00047241,0.02362353,0.07411405,0.00803245,0.00546434,0.13221139,0.00129881,0.00213794,0.64918268,0.00223564,0.12707868,0.05051645,0.00000000,0.01647444,0.00000000,0.06755178,0.22535616,0.13361081,0.00809886,0.01914945,0.03874615,0.83041000,0.00000000,0.00000000,0.00000000,0.33016962,0.08171024,0.56441975,0.02446784,0.00412507,0.00359057,0.00235877,0.00000000,0.00439648,0.27402031,0.00025955,0.00000000,0.24032864,0.01353967,0.07021461,0.27048701,0.30278018,0.21588652,0.12427363,0.03337397,0.00462386,0.01413519,0.00000000,0.00000000,0.00000000,0.18222256,0.00000000,0.08014428,0.32888329,0.01313761,0.00000000,1.09701276,0.04836749,0.00000000,0.03055187,0.11656330,0.00000000,0.24009232,0.06667563,0.00534442,0.00120954,0.00000000,0.04052997,0.00000000,0.21071130,0.00000000,0.06475084,0.01329386,0.00000000,0.00000000,0.01045262,0.05340525,0.00000000,0.00033746,0.00317808,0.02336808,0.03147423,0.00988592,0.02569460,0.01007745,0.14121087,0.01019970,0.00128731,0.09727237,0.00426541,0.00000000,0.24450517,0.00583040,0.00035704,0.03428288,0.06245317,0.07726967,0.00000000,0.00878322,0.00000000,0.00000000,0.00234137,0.11738420,0.00000000,0.00111599,0.00000000,0.00010578,0.03205737,0.02322567,0.00095721,0.96779782,0.01398028,0.00000000,0.00611365,0.00000000,0.05608193,0.00000000,0.00108498,0.03975393,0.13891093,0.00000000,0.05383295,0.00000000,0.10050737,0.24016362,0.08997348,0.00000000,0.03484552,0.00000000,0.00072808,0.07730882,0.00000000,0.00000000,0.00395964,0.96792334,0.00586897,0.00082568,0.36109933,0.16610649,0.06690034,0.00650282,0.03102468,0.00828950,0.00000000,0.04003496,0.00391676,0.00000000,0.05612272,0.00000000,0.06888385,0.00580628,0.01028372,0.00001552,0.00100637,0.14657871,0.00778422,0.00000000,0.06817144,0.15117204,0.00000000,0.00000000,0.01963810,0.00000000,0.08928332,0.00412994,0.32817197,0.02131826,0.01065414,0.03561858,0.00000000,0.01669522,0.05995759,0.37132871,0.02260312,0.07635063,0.00000000,0.00000000,0.00890489,0.01133979,0.00000000,0.00075692,0.12424770,0.00000000,0.00328210,0.00861816,0.10251464,0.00000000,0.00000000,0.00000000,0.12347607,0.01082476,0.00000000,0.00725808,0.46765205,0.44306651,0.01018538,0.00018570,0.00000000,0.00146744,0.00000000,0.20594893,0.00000000,0.31649190,0.00000000,0.00000000,0.00866367,0.00867299,0.15563929,0.04846413,0.00000000,0.01725960,0.00000000,0.00442991,0.00143564,0.14177699,0.02193046,0.00000000,0.00000000,0.06639427,0.01010291,0.04386496,0.00000000,0.03586163,0.04220951,0.01025500,0.00000000,0.00218298,0.00784537,0.00000000,0.00574088,0.00000000,0.00000000,0.00000000,0.00000000,0.13959938,0.92240626,0.00000000,0.00000000,0.00835834,0.00000000,0.00183336,0.02723464,0.04642943,0.12505716,0.00000000,0.42682236,0.00000000,0.00000000,0.00000000,0.11067072,0.00000000,0.00000000,0.00000000,0.05205392,0.00000000,0.87550557,0.01371472,0.00998174,0.00000073,0.00000000,0.00207190,0.00000000,0.00000000,0.00013694,0.74273682,0.97491026,0.00071454,0.00000000,0.00222271,0.06477625,0.04266011,0.02096616,0.00347550,0.00320714,0.00136389,0.00000000,0.21039283,0.34895822,0.31663287,0.00232703,0.01473471,0.26448512,0.00000000,0.89310992,0.43693894,0.00000000,0.79659808,0.00000000,0.00000000,0.04171597,0.02837417,0.19559173,0.00749964,0.00052865,0.00020499,0.00000000,0.00077890,0.00296078,0.02753992,1.82148898,0.18607700,0.00947726,0.00515896,0.00000000,0.09334860,0.02565236,0.00000000,0.00000000,0.02481985,0.03494194,0.00001205,0.00041594,0.10367528,0.20939986,0.00974676,0.23547488,0.00117968,0.00000000,0.10799800,0.00143062,0.00000000,0.00062871,0.10220595,0.02527902,0.01356784,0.00000000,0.00000000,0.01887451,0.00000000,0.04730841,0.00000000,0.00224390,0.00000000,0.18511879,0.00000000,0.00000000,1.80601060,0.00000000,0.00000000,0.00000000,0.00059647,0.10776909,0.00000000,0.00713390,0.00263261,0.00000000,0.00078420,0.19681871,0.03999667,0.00102632,0.00406355,0.00380056,0.00000000,0.20260376,0.32153675,0.00776557,0.00000000,0.00349892,0.00000000,0.06382049,0.29977414,0.00637709,0.00000000,0.00000000,0.01211271,0.00139149,0.00222981,0.09699138,0.00013699,0.00039678,0.00093678,0.29048210,0.00000000,0.00419875,0.00000000,0.00000000,0.38384351,0.09716818,0.00214133,0.00112513,0.00438050,1.31127656,0.00000000,0.00000000,0.00000000,0.00000000,0.00081256,0.00000000,0.08136867,0.00000000,4.25934315,0.06162976,0.00523024,0.00202580,0.02087026,0.00322081,0.03937908,0.03005173,0.00808949,0.01416162,0.28222004,0.00000000,0.00785859,0.00468382,0.00000000,0.00000000,0.01263170,0.00313134,0.02826130,0.06059199,0.00000000,0.05332809,0.27725470,0.00000000,0.38019559,0.04580971,0.03619007,0.51743174,0.00256451,0.55872482,0.00000000,0.30518657,0.00176751,0.27719334,0.37659267,0.00452135,0.49171716,0.01006024,0.00199647,0.00003840,0.09284030,0.00000000,0.00000000,0.06652977,0.12038992,0.00000000,0.01082431,0.00022395,0.17253405,0.12268641,0.00769673,0.00000000,0.00000000,0.00732772,0.02694962,0.00000000,0.00516565,3.32890034,0.01629342,1.62664366,0.00000000,0.03049233,0.02759701,0.00000000,0.00000000,0.00209374,0.16511512,0.03369946,0.00087927,0.00898366,0.03042166,0.00000000,0.28194582,0.15141311,0.01894768,0.87926334,0.00156764,0.00646808,0.01338684,0.03167935,0.00000000,0.07228463,0.00000000,0.00307106,0.02346114,0.00311847,0.00327040,0.01665018,0.00433932,0.07419000,0.06811903,0.00005131,0.08048613,0.00424246,0.00055992,0.02005021,0.01363556,0.03387052,0.00000000,0.00332004,0.00000000,0.01138277,0.00271272,0.00033566,0.00000000,0.01244394,1.00824845,0.00000000,0.00695391,0.55193341,0.00212624,0.00000000,0.00000000,0.09898340,0.00000000,0.00099829,0.63249040,0.00000000,0.08068860,0.00000000,0.00061296,0.01203104,0.02247848,0.59308708,0.00701215,0.00000000,0.00000000,0.00000000,0.00000000,0.00018283,0.00217930,0.00544278,1.50438476,0.00000000,0.00000000,0.94216371,0.01494600,0.00000000,0.00000000,0.24284635,1.76266861,0.00335006,0.00000000,0.02481135,0.02333876,0.00000000,0.01773786,0.08380616,0.16040362,0.17416997,0.00000000,0.00079063,0.00000000,0.00000000,0.00000000,0.00000000,0.00584545,0.01414006,0.02654003,0.04043705,0.04504711,0.08399020,0.00000000,0.00665655,0.04065897,0.28514686,0.05509089,0.02784168,0.00000000,0.00000000,0.00000000,0.00248936,0.00000000,0.00000000,0.01162479,0.00350739,0.00090142,0.00675748,0.00991708,0.00026214,0.00637360,0.00000000,0.00000000,0.00000000,0.00531631,0.34184369,0.08249060,0.46405625,0.08091855,0.00042904,0.01393285,0.00000000,0.02019140,0.06385434,0.05970532,0.28711042,0.68324697,0.00000000,0.03970144,0.00000000,0.37175635,0.00009200,0.23121651,0.20498918,0.00000000,0.09462730,0.00157382,0.00034554,0.00104123,0.02145815,0.00067848,0.00000000,0.27602416,0.00000000,0.00295606,0.03191833,0.63011670,0.01215888,0.26414743,0.00031700,0.00000000,0.00203869,0.00000000,0.00000000,0.00000000,0.00316961,0.00000000,0.00128446,0.00037741,0.09139137,0.00077297,0.00926385,0.00349218,0.07506397,0.00285532,0.19407450,0.00000000,0.00416566,0.08032492,0.00647020,0.00012806,0.00924275,0.09739088,0.93715763,0.42474049,0.01490417,0.00065401,0.00533748,0.28244147,0.00069857,0.01066048,0.00024755,0.17927010,0.10310531,0.00104519,0.00000000,0.01006836,0.04642527,0.03687254,0.06650193,0.05300843,0.19080955,0.13455561,0.00744896,0.04177441,0.18910585,0.03696852,1.30345821,0.00002908,0.14626940,0.00000000,0.06922864,0.04094910,0.00850879,0.00475787,0.00536833,0.00000000,0.08270355,0.03019715,0.00000000,0.00000000,0.00456491,0.00000000,0.07852867,0.44648251,0.00000000,0.01611319,0.68251377,0.01483144,0.01669656,0.05080481,0.00000000,0.00000000,0.09666453,0.00000000,0.00763062,0.00000000,0.01042180,0.00000000,0.03710245,0.00010411,0.01834892,0.00629873,0.00000000,0.00440727,0.00000000,0.00000000,0.04103913,0.05278316,0.04618956,0.00000000,1.37169683,0.00000413,0.08212490,0.00145294,0.00992023,0.00000000,0.01795193,0.63297623,0.05223563,0.00675135,0.11946937,0.02809266,0.00000000,0.00164399,0.00000000,0.01462907,1.11823368,0.07964171,0.22261605,0.00000000,0.19646657,0.00153582,0.11485168,0.06970505,0.19303586,0.00499755,0.00100284,0.00331324,0.00000000,0.17232192,0.00027571,0.00000000,0.02264630,0.00000000,0.04054233,0.54158127,0.03137490,0.00612641,0.04933640,0.00000000,0.00412188,0.00000000,0.81973964,0.00099991,0.00329635,0.01580404,0.03485501,0.00000000,0.02506335,0.39274159,0.00000000,0.00233718,0.00000000,0.30195490,0.00000000,0.08593819,0.15975045,0.04534537,0.00000000,0.00116527,0.02967365,0.89563179,0.00279772,0.00000000,0.09939136,0.00001933,0.10826848,0.01379242,0.00000000,0.02511813,0.03314279,0.46169099,0.11895720,0.62381297,0.03092751,0.04558981,0.01669574,0.04450508,0.53723764,0.00000000,0.40375969,0.00009014,0.00000000,0.00065828,0.01317290,0.04199779,0.00495722,0.00000000,0.00130573,0.00000000,0.06586938,0.00000000,0.00210572,0.00055856,0.00611877,0.00000000,0.55695534,0.00000000,0.00658855,0.03780811,0.00288108,0.10493450,0.00000000,0.00016546,0.19879018,0.00000000,0.00000000,0.00000000,0.00000000,0.14173706,0.00000000,0.00000000,0.64899409,0.00079391,0.02258880,0.03701551,0.78674525,0.98589128,0.00017593,0.06920829,0.02986414,0.19559328,0.32717812,0.11961883,0.00871893,0.00000000,0.00548153,0.00132504,0.13250136,0.67038995,0.26628703,0.00132595,0.00000000,0.00447767,0.00033672,0.32487947,0.02424920,0.13710111,0.00000000,0.00000000,0.08381100,0.00000137,0.48126793,0.08470298,0.00003566,0.00000000,0.00000000,0.06507646,0.00456079,0.05286642,0.03134527,0.01212046,2.14577174,0.00000000,0.00000000,0.00263044,1.04326332,0.00634208,0.05189382,0.00000000,0.00000000,0.00000000,0.79201782,0.05007628,0.00000000,0.01639788,0.00000000,0.00509219,0.11913104,0.43949723,0.00179955,0.04437294,0.00230378,0.00000000,0.00199934,0.00338215,0.03173783,0.09591134,0.00686349,0.00036216,0.01575769,0.00000000,0.27729273,0.04653179,0.00000000,0.00000000,0.01997514,0.04715561,0.00125929,0.02193641,0.00578657,0.00000000,0.95505434,0.00843307,0.03205205,0.00016196,0.35345784,0.00927346,0.09779076,0.00030893,0.00692129,0.00516998,0.00451949,1.67066193,0.21904954,0.00140613,0.00054305,2.12093115,0.00000000,0.00000000,0.00142962,0.14140740,0.10324963,0.36323094,0.00000000,0.19329397,0.00000000,0.00671009,0.00000000,0.05362406,1.03648996,0.00000000,0.00000000,0.00710687,0.15506062,0.00016843,0.89317727,0.00018713,0.00000000,0.00512736,0.10579242,0.00000000,1.36820114,0.39630213,0.01259119,0.00030063,0.00000000,0.00000000,0.04507764,0.00000000,0.07508517,0.02766673,0.00001967,0.17965931,0.41164479,0.00626894,0.01727403,0.04740193,0.04867255,0.00000000,0.12530820,0.00000000,0.25148821,0.01591430,0.04306613,0.25127780,0.08902764,0.18969594,0.00000000,0.00000000,0.01280230,1.39291584,0.00000000,0.00479358,0.01752959,0.12119890,0.00178601,0.00104857,0.11056324,0.00839563,0.00911165,0.00000000,0.02505013,0.05771271,0.00000000,0.00000000,0.00270054,0.00000000,0.00002256,0.09882669,1.63810301,0.00000000,0.00002703,0.00000000,0.35310304,0.00000000,0.00838210,0.00221285,0.00523939,0.00000000,0.06980567,0.18378130,0.02719078,0.00000000,0.01191976,0.04926810,0.08901640,0.22164275,0.01536082,0.01438744,0.00135162,0.23393744,0.04469061,0.00000000,0.00247406,0.65150285,0.20281871,0.00000000,0.00180318,0.00000000,0.00000000,0.00441767,0.00054499,0.02218197,0.00864408,0.00000000,0.04529170,0.00000000,0.01855073,0.02545703,0.15694509,0.01384884,0.00015637,0.09610489,0.62790799,0.00000000,0.00000000,0.00000000,0.03826251,0.06061534,0.00000000,0.00000000,0.23847631,0.00000000,0.10556545,0.00013126,0.00087387,0.00000000,0.00252270,0.00000000,0.07997318,0.07091925,0.17681944,0.00103223,0.11515307,0.00408937,0.00561793,0.07240647,0.00000000,0.00000000,0.00000000,0.09322851,0.00000000,0.01564334,0.06647278,0.00000000,0.02234017,0.40941823,0.27380797,0.00155273,0.00000000,0.00821838,0.08225664,1.70519280,0.00019413,0.00502646,0.00016086,0.00589798,0.00000000,1.07442260,0.12766334,0.00000000,0.00728635,0.79711479,0.01363828,0.00297240,0.00154365,0.00000000,0.00083799,0.00755146,0.00876573,0.00480513,0.00167479,0.00040053,0.00000000,0.00000000,0.02496193,0.18779656,0.59497386,0.00000000,0.00945081,0.03187254,0.00000000,0.46870962,0.04459094,0.00544616,0.02097805,0.00000000,0.00120458,0.00000000,0.01121620,0.01245561,0.00000000,0.00218715,0.04606564,0.00045448,0.00000000,0.00009089,0.10895202,0.48418087,0.01317595,0.00220910,0.00221711,0.25281966,0.08380438,0.00761212,0.00000000,0.04264289,0.00672793,0.00000000,0.05656778,0.99795836,0.00673294,0.00000000,1.25330305,0.01106659,0.03543672,0.00193787,0.03637870,0.00000000,0.00525294,0.00136533,0.05677946,0.00294405,0.00021051,0.00000000,0.00182121,0.00000000,0.01124662,0.00123913,0.05562482,0.00000000,0.00131716,0.00180525,0.49989873,0.00038306,0.00000000,0.75169504,0.00906488,0.02083780,0.10413732,0.04116141,0.00000000,0.00000000,0.00000000,0.00076957,0.00516895,0.24515063,0.02537735,0.00000000,0.06236821,0.00000000,0.00209413,0.00000000,0.00000000,0.00000000,0.01390830,0.04604771,0.00000000,0.08795676,0.01370029,0.01581924,0.34832484,0.00000000,0.10616438,0.08896684,0.03897968,0.00000000,0.35845706,0.01157285,0.00000000,0.00303627,0.00227497,0.40168431,0.00000000,0.00816057,0.25018656,0.00000000,0.55124569,0.00000000,0.00000000,0.00000000,0.00754936,0.00000000,0.00110637,0.00052914,0.00000000,0.00000000,0.00938489,0.00040643,0.02233971,0.04952544,1.06486690,0.01692573,0.00000000,0.00000000,0.00498162,0.18987158,0.00000000,0.16203603,0.02333499,0.00173635,0.00145547,0.00129826,0.04447918,0.00000000,0.29085457,0.00000000,0.00722565,0.00000000,0.00000000,0.00000000,0.31072706,0.01343216,0.04420936,0.00000000,0.00996225,0.00000000,0.45065904,0.06509244,0.00000000,0.00792803,0.00806723,0.02331671,0.05865011,0.16195208,0.08726228,0.10613956,0.00000000,0.00464946,0.18649566,0.07961481,0.00063022,0.00000000,0.00062900,0.11502195,0.05068090,0.00273544,0.00682565,0.01413404,0.00000000,0.03498645,0.00000000,0.00097464,0.00022751,0.03820932,0.01189109,0.00000000,0.00000000,0.01343481,0.02282461,0.00040178,0.00290034,0.00000000,0.54616159,0.00000000,0.00143620,0.00000000,0.00286541,0.01407739,0.04384837,0.01491270,0.00445474,0.00000000,0.32274225,0.00259729,0.16676986,1.02855015,1.66291952,0.01561774,0.08242884,0.01909643,0.07354520,0.00141367,0.00038492,0.00000000,0.00000000,0.36889616,0.00171441,0.00000000,0.06143349,0.91929442,0.00951367,2.46832585,0.00000000,0.02319598,0.00292831,0.00038357,0.00000000,0.00000000,0.00806145,0.00000000,0.94467521,0.07234585,0.00033982,0.00000000,0.07050850,0.00000000,0.00061172,0.00000000,0.00000000,0.00080591,0.00448444,0.00674108,0.00000000,0.22695924,0.00000000,0.11318194,0.00000000,0.00066696,0.05175442,0.00000000,0.32233375,0.00028335,0.08936573,0.02408667,0.00286173,0.25844538,0.00000000,0.00751230,0.11880946,0.00000000,0.00000000,0.05880778,0.00000000,0.00026355,0.16310094,0.47040218,0.00775807,0.13493143,0.00000000,0.00000000,0.01264640,0.01240228,0.00104470,0.00046517,0.00115003,0.01402045,0.00012077,0.17136024,0.07457329,0.00021729,0.01531785,0.29366869,0.00000000,0.00059387,0.00000000,0.00000000,0.07941928,0.01721261,0.00244254,0.00000000,0.04439687,0.00000000,0.00300664,0.00271674,0.17771836,0.00000000,0.00697622,0.00000000,0.29460332,0.00725388,1.28224289,0.14620966,0.08445512,0.00313298,0.01258975,0.00000000,0.01363871,0.00016372,0.00395342,0.00342706,0.00387836,0.12810107,0.08805511,0.00032074,0.00000000,0.00000000,0.00000000,0.04640948,0.00552355,0.09915738,0.00000000,0.00000827,0.00727669,0.00011717,0.00000000,0.02395458,0.62001270,0.03851319,0.00000000,0.00000000,0.31432414,0.00063615,0.00307313,0.00000000,0.00127445,0.51840836,0.40662292,0.07484100,0.00389075,0.25911230,0.00000000,0.02203183,0.00000000,0.00000000,0.00000000,0.00000000,0.00004688,0.10000716,0.00000000,0.10980283,0.02310325,0.00817011,0.01259549,0.00000000,0.00000000,0.00000000,0.36504829,0.00000000,0.01816903,0.00362518,0.00875110,0.00000000,0.00013897,0.11525574,0.00268291,0.00309919,0.43597186,0.08256151,0.00000000,0.13764036,0.08501495,0.04258739,0.03325387,0.23836643,0.00055744,0.02648070,0.00000000,0.01212588,0.01171977,0.00000000,0.00060325,0.00000000,0.04331073,0.01442629,0.07879817,0.16251869,0.00028664,0.00036139,0.00000000,0.01341852,0.00249696,0.04061362,0.00000000,0.00459210,0.27323276,0.00000000,0.00150181,1.55660188,0.00027239,1.53120565,0.00000000,0.00000000,0.33722249,0.01790514,0.02769673,0.30046073,0.00217477,0.00009416,0.04787774,0.00000000,0.00149413,0.34519923,0.00288518,0.00000000,0.00022511,0.00030779,0.01350822,0.04599029,0.05460606,0.01926330,0.00000000,0.00000000,0.00000000,0.14310732,0.00315825,0.02360376,0.00000000,0.01060938,0.01255002,0.01657356,0.00000000,0.13384303,0.09173938,0.36919746,0.00228976,0.12822348,0.00000000,0.32742620,0.00097606,0.00234005,0.00000000,0.01068352,0.00493405,0.00000000,0.00000000,0.00027791,0.00441757,0.03447458,0.00831109,0.01423610,2.03233624,0.00000000,0.00052658,0.07860093,0.60270494,0.12537491,0.00000000,0.00000000,0.01630142,0.00000000,0.21332088,0.00000000,0.00252886,0.00000000,0.00000000,0.03035958,0.00000000,0.09525612,0.01070674,0.00002807,0.23130596,0.00000000,0.18622002,0.00003917,0.00932257,0.00768561,0.25041100,0.27856553,0.00825361,0.00262465,0.00000000,0.06246975,0.08764032,0.00000000,0.00545161,0.04583387,0.02684034,0.15315486,0.00093009,0.91426283,0.02122328,0.50544757,0.02365618,0.00000000,0.00213914,0.00000000,0.00095341,0.11694490,0.02072592,0.00000000,0.02542962,0.01352312,0.15329927,0.00000000,0.00509298,0.00000000,0.98790407,0.05750835,0.03688696,0.04056559,0.05601142,0.21442977,0.00228510,0.03292313,0.00000000,0.04131498,0.02460090,0.01960025,0.00000000,0.29661992,0.00909998,0.04911887,0.00238088,0.07559347,0.00000000,0.68340993,0.00000000,0.00000000,0.00046561,0.10190479,0.00101574,0.09797004,0.00000000,0.11802240,0.00260236,0.99264908,0.04966120,0.00243254,0.00000000,0.02044420,0.03173252,0.02602371,0.13619718,0.00000000,0.02540380,0.00409329,0.00083675,0.49591398,0.00000000,0.02221520,0.03393143,0.00000000,0.00000000,0.00000000,0.01175113,0.00012848,0.32049620,0.00000000,0.00000000,0.00000000,0.00509602,0.04360049,0.04081336,0.02932687,0.00814805,0.04110504,0.01366849,0.61957788,0.01584905,0.00654228,0.00068955,0.00000000,0.00000000,0.13249093,0.00648003,0.02471446,0.04062867,0.00000000,0.22110632,0.09018241,0.00000000,0.00000000,0.00000000,0.00000000,0.00004189,0.00000000,0.02044228,0.00815814,0.24995013,0.13131690,0.00000000,0.00000000,0.25336802,0.00000000,0.40370473,0.12101315,0.01043846,0.00005277,0.21090260,0.00000000,0.27398291,0.01818793,0.00221929,0.12368479,0.00973378,0.07368895,0.00449547,0.01202983,0.00000000,0.01635987,0.00638771,0.00637450,0.00000000,0.05793568,0.04023285,0.00000000,0.00000000,0.00457709,0.05786086,0.07053714,0.00000000,0.00635349,0.03409811,0.00248271,0.00080011,0.18856886,0.02267553,0.06002979,0.06445987,0.00000000,0.06129644,0.00384815,0.10895310,0.00000000,0.00512980,0.08541767,0.43396342,0.00000000,0.05846536,0.00000000,0.00000000,0.01795366,0.01602862,0.00341522,0.00243254,0.00579332,0.00031209,0.02598737,0.00000000,0.00114682,0.04074511,0.00020007,0.04800126,0.00066471,0.01282930,0.11179456,0.02095614,0.00418186,0.14401351,0.00000000,0.00080968,0.00000000,0.02732940,0.06485561,0.00077724,0.05928758,0.04903520,0.02046917,0.00991803,0.00375470,0.02648783,0.15185076,0.00092102,0.04389260,0.00000000,0.00181776,0.10354003,0.01328288,0.05160408,0.00000000,0.00000000,0.00000000,0.00157383,0.08691541,0.00504653,0.30967048,0.00461468,0.01582799,0.27502623,0.00000000,0.46331185,0.00000000,0.01398518,0.04768514,0.00319075,0.01232790,0.00000000,0.00829291,0.00000000,0.07430901,0.00295572,0.14397602,0.02227174,0.01770755,0.01296032,0.06114106,0.00000000,0.00000000,0.01633759,0.00177490,0.06601834,0.00000000,0.00672783,0.00000000,0.21284610,0.03067775,0.00350249,0.00186545,0.02471876,0.00000000,0.01383122,0.04661180,0.31186005,0.10090672,0.03407918,0.01910525,0.00120266,0.01446586,0.04801384,0.00000000,0.00000000,0.03881370,0.00000000,0.00000000,0.20266852,0.00000000,0.00000000,0.02067744,0.02630037,0.00510123,0.05249152,0.14004551,0.00000000,0.00000000,0.00017575,0.00605062,0.00000000,0.00000000,0.06195361,0.07450623,0.00491581,0.04143721,0.00000000,0.02008362,0.03910782,0.00000000,0.07061107,0.00400545,0.00190188,0.00000000,0.00000000,0.00000000,0.05481708,0.05786217,0.00047157,0.03731938,0.31935486,0.01181846,0.22820035,0.00000000,0.00000000,0.05515254,0.00670223,0.00000000,0.47224572,0.17363299,0.00820237,0.00000000,0.00405269,0.00000000,0.00000000,0.06001555,0.00000000,0.00000000,0.05673884,0.00804188,0.02387119,0.10941172,0.00000000,0.01577450,0.00400091,0.00000000,0.00166350,0.03346532,0.25203967,0.00056189,0.00000000,0.02372233,0.05463724,0.00700705,0.00896588,0.00000000,0.03611457,0.00704557,0.00361283,0.31132567,0.00000000,0.07099224,0.00000000,0.03931216,0.00022895,0.03739851,0.00000000,0.00281154,0.06673887,0.00596783,0.00000000,0.02170854,0.00000000,0.00062821,0.01207764,0.00120663,0.03751953,0.00000000,0.01239538,0.12542647,0.05500529,0.01922859,0.02096364,0.02302189,0.03634032,0.00000000,0.06751628,0.06287090,0.01135525,0.01080134,0.00000000,0.00000000,0.00074521,0.07524695,0.21494438,0.02376094,0.00255317,0.08097673,0.00000000,0.05840392,0.03378906,0.02814630,0.02348199,0.02043929,0.00000000,0.02138297,0.00506290,0.00000000,0.00494334,0.00924560,0.04041898,0.00936482,0.00336049,0.00000000,0.00000000,0.00000000,0.04959058,0.00295083,0.00058703,0.10337962,0.00469218,0.00021717,0.11022679,0.02224470,0.08309200,0.00353058,0.00017722,0.02046990,0.03900359,0.00961326,0.02941027,0.29783419,0.05299123,0.00063424,0.00961969,0.01466083,0.00000000,0.00000000,0.01694551,0.00932595,0.03428435,0.00000000,0.02112473,0.02286204,0.25945297,0.00317586,0.13693842,0.00000000,0.00144173,0.00000000,0.00000000,0.08467904,0.00000000,0.02177667,0.01832766,0.00000000,0.00010763,0.00404188,0.00000000,0.00634401,0.03731899,0.00250963,0.00520014,0.00601104,0.00000000,0.01731524,0.00000000,0.00000000,0.01731068,0.08180537,0.01981417,0.03761024,0.01027678,0.00366458,0.00000000,0.00000000,0.00273332,0.00198155,0.06281000,0.21257868,0.00548336,0.05481295,0.11591825,0.10338435,0.03602978,0.00000000,0.08907242,0.02093163,0.00218836,0.00189733,0.00000000,0.00000000,0.00000000,0.04174099,0.02738283,0.04819735,0.02834514,0.03203967,0.00315981,0.02260072,0.01087143,0.04240975,0.00000000,0.00754262,0.00536003,0.13031340,0.00000000,0.00099837,0.19271167,0.00663849,0.00889424,0.08585951,0.03238694,0.00000000,0.00270062,0.00577182,0.00000000,0.00000000,0.00000000,0.01689990,0.06784987,0.00000000,0.03092663,0.00202559,0.01293062,0.00530993,0.00820592,0.00068798,0.00009112,0.00085369,0.03016901,0.03405086,0.01777705,0.01250622,0.03079310,0.00343632,0.00528033,0.09960454,0.00321646,0.07243256,0.05399907,0.00000000,0.00860907,0.00000000,0.06960460,0.06950826,0.09738693,0.00542735,0.01330841,0.04726397,0.22486064,0.00000000,0.00000000,0.00000000,0.03385687,0.05424359,0.07461851,0.02201414,0.01038887,0.00736062,0.00380015,0.00000000,0.00766499,0.05147351,0.00068671,0.00000000,0.04494705,0.01850672,0.03210995,0.04323261,0.11377111,0.07604147,0.05737482,0.06980807,0.00389737,0.01207835,0.00000000,0.00000000,0.00000000,0.09690227,0.00000000,0.02816539,0.11920343,0.01628137,0.00000000,0.24782325,0.03831417,0.00000000,0.01454801,0.03799079,0.00000000,0.06738225,0.04790276,0.00979125,0.00320013,0.00000000,0.01738084,0.00000000,0.05863287,0.00000000,0.03341888,0.01934631,0.00000000,0.00000000,0.01127591,0.02958996,0.00000000,0.00065073,0.00840842,0.02775448,0.00456789,0.01636182,0.03579397,0.01100583,0.09824008,0.01183412,0.00301730,0.03911950,0.00672608,0.00000000,0.10759562,0.01401234,0.00094465,0.04168272,0.02824807,0.02700294,0.00000000,0.01767394,0.00000000,0.00000000,0.00408999,0.07267155,0.00000000,0.00295263,0.00000000,0.00027987,0.02934584,0.04481999,0.00253253,0.25711656,0.01281223,0.00000000,0.00682973,0.00000000,0.03577502,0.00000000,0.00287059,0.02135968,0.07536426,0.00000000,0.02268373,0.00000000,0.01669258,0.05036191,0.01779477,0.00000000,0.03808286,0.00000000,0.00192631,0.03340122,0.00000000,0.00000000,0.01047623,0.44112113,0.00556903,0.00163674,0.16990685,0.06940017,0.03489378,0.00811303,0.02135585,0.01233617,0.00000000,0.02585170,0.00489395,0.00000000,0.02125537,0.00000000,0.03704410,0.01053390,0.01142093,0.00004107,0.00132715,0.05068097,0.00882128,0.00000000,0.04249099,0.02937947,0.00000000,0.00000000,0.02654676,0.00000000,0.06391096,0.01092678,0.08353664,0.04821018,0.00718936,0.02017984,0.00000000,0.02259013,0.03463205,0.09982774,0.01488215,0.11065828,0.00000000,0.00000000,0.01204043,0.01338684,0.00000000,0.00200261,0.07812437,0.00000000,0.00519213,0.00890653,0.04284138,0.00000000,0.00000000,0.00000000,0.05257254,0.01474200,0.00000000,0.00706798,0.10978956,0.16244423,0.00668253,0.00049133,0.00000000,0.00347340,0.00000000,0.08205758,0.00000000,0.14315444,0.00000000,0.00000000,0.00788107,0.01732169,0.08401690,0.03411851,0.00000000,0.03628613,0.00000000,0.00670285,0.00245816,0.02581570,0.01704737,0.00000000,0.00000000,0.04406266,0.00480988,0.05517232,0.00000000,0.02528688,0.03826275,0.01668278,0.00000000,0.00388091,0.01135202,0.00000000,0.00965587,0.00000000,0.00000000,0.00000000,0.00000000,0.04017090,0.35141435,0.00000000,0.00000000,0.01071454,0.00000000,0.00485061,0.01626983,0.04213426,0.03117010,0.00000000,0.17585692,0.00000000,0.00000000,0.00000000,0.05353341,0.00000000,0.00000000,0.00000000,0.02442299,0.00000000,0.18001659,0.01237876,0.00805956,0.00000193,0.00000000,0.00412253,0.00000000,0.00000000,0.00036231,0.15630737,0.13308577,0.00189049,0.00000000,0.00588074,0.04706260,0.02006384,0.02142693,0.00560400,0.00469101,0.00241315,0.00000000,0.07348443,0.10091258,0.09727153,0.00549409,0.01033866,0.14395286,0.00000000,0.17163852,0.21413203,0.00000000,0.15126829,0.00000000,0.00000000,0.03405377,0.01775383,0.09380986,0.01020028,0.00139869,0.00054234,0.00000000,0.00206077,0.00438970,0.01333687,0.26825368,0.10156614,0.01716028,0.00539705,0.00000000,0.05726933,0.02187906,0.00000000,0.00000000,0.01327123,0.01540097,0.00003188,0.00080344,0.03359618,0.05538633,0.01098128,0.12998636,0.00312114,0.00000000,0.05542734,0.00289197,0.00000000,0.00108459,0.05903023,0.04966315,0.01243634,0.00000000,0.00000000,0.00673102,0.00000000,0.06591346,0.00000000,0.00310140,0.00000000,0.07123944,0.00000000,0.00000000,0.37533838,0.00000000,0.00000000,0.00000000,0.00157812,0.06156338,0.00000000,0.01581328,0.00451344,0.00000000,0.00207481,0.09823619,0.02130340,0.00271538,0.00967977,0.01005534,0.00000000,0.06810947,0.14087002,0.00962257,0.00000000,0.00457510,0.00000000,0.02034717,0.15405163,0.00650759,0.00000000,0.00000000,0.00933670,0.00368154,0.00494920,0.03644464,0.00036245,0.00104978,0.00247849,0.07673148,0.00000000,0.01110884,0.00000000,0.00000000,0.06529605,0.03111877,0.00376171,0.00141222,0.00666312,0.25532418,0.00000000,0.00000000,0.00000000,0.00000000,0.00186118,0.00000000,0.04318545,0.00000000,0.37667495,0.04690595,0.00501800,0.00444351,0.02525952,0.00605176,0.02753408,0.01658872,0.01040859,0.02726606,0.09468226,0.00000000,0.00657395,0.00844621,0.00000000,0.00000000,0.01202124,0.00828475,0.01613561,0.03090292,0.00000000,0.08993022,0.08439097,0.00000000,0.06303214,0.02531986,0.02653835,0.07307960,0.00376088,0.13779281,0.00000000,0.06894775,0.00467638,0.04927136,0.06585656,0.01196236,0.09547515,0.01117563,0.00528216,0.00010159,0.04506351,0.00000000,0.00000000,0.05887814,0.07864860,0.00000000,0.01114560,0.00059252,0.09123114,0.05324733,0.00499181,0.00000000,0.00000000,0.00737495,0.02297021,0.00000000,0.00808942,0.59077424,0.02275215,0.24442686,0.00000000,0.01965936,0.03559615,0.00000000,0.00000000,0.00232538,0.09262046,0.02360502,0.00232634,0.01161399,0.02662703,0.00000000,0.07394422,0.07615666,0.02507655,0.11627221,0.00236615,0.00919818,0.01703321,0.02544402,0.00000000,0.06212453,0.00000000,0.00579065,0.02263135,0.00825068,0.00485988,0.01886507,0.00758582,0.02759461,0.07447234,0.00013577,0.02639427,0.00664616,0.00105499,0.03516839,0.01180136,0.02244593,0.00000000,0.00390427,0.00000000,0.03011598,0.00559108,0.00088808,0.00000000,0.01682037,0.14198144,0.00000000,0.00728028,0.11187940,0.00457227,0.00000000,0.00000000,0.03008017,0.00000000,0.00264123,0.22105622,0.00000000,0.03501013,0.00000000,0.00086038,0.01079193,0.01514408,0.10006221,0.00684183,0.00000000,0.00000000,0.00000000,0.00000000,0.00048373,0.00370290,0.00854038,0.32270461,0.00000000,0.00000000,0.15857244,0.01045941,0.00000000,0.00000000,0.09820768,0.43401206,0.00457171,0.00000000,0.01423179,0.02465747,0.00000000,0.01972509,0.03617891,0.07257430,0.06718981,0.00000000,0.00209181,0.00000000,0.00000000,0.00000000,0.00000000,0.00696664,0.02457196,0.02085546,0.04601326,0.02796297,0.06888528,0.00000000,0.01431750,0.02647998,0.06677638,0.02907930,0.02359992,0.00000000,0.00000000,0.00000000,0.00416620,0.00000000,0.00000000,0.01002955,0.00608711,0.00238494,0.01390111,0.01279133,0.00069355,0.01055359,0.00000000,0.00000000,0.00000000,0.00586639,0.16273063,0.05210292,0.09454390,0.04427955,0.00113514,0.02058383,0.00000000,0.03035136,0.06156689,0.07772112,0.11182610,0.12343293,0.00000000,0.03582957,0.00000000,0.11115426,0.00024341,0.10170638,0.05171844,0.00000000,0.07038905,0.00243496,0.00091423,0.00275484,0.02968963,0.00172052,0.00000000,0.14781368,0.00000000,0.00782100,0.01968969,0.18787578,0.01458274,0.06261168,0.00083871,0.00000000,0.00445720,0.00000000,0.00000000,0.00000000,0.00570322,0.00000000,0.00339835,0.00099854,0.03087457,0.00171150,0.01256822,0.00592604,0.04251625,0.00495109,0.09437370,0.00000000,0.00596368,0.04560575,0.00704062,0.00033881,0.01145014,0.05866231,0.17364174,0.20776458,0.03943274,0.00114108,0.00523706,0.07375940,0.00184826,0.02099334,0.00065496,0.07955947,0.05526019,0.00276532,0.00000000,0.01411830,0.02077254,0.02090253,0.02028368,0.04008648,0.07723301,0.04321110,0.00764176,0.02626058,0.12575462,0.03483350,0.26354048,0.00007695,0.14686541,0.00000000,0.01990395,0.02583752,0.01513448,0.00987935,0.00645006,0.00000000,0.03490587,0.02491641,0.00000000,0.00000000,0.01207762,0.00000000,0.04361742,0.18774988,0.00000000,0.01944150,0.23939800,0.01536366,0.01917463,0.01851710,0.00000000,0.00000000,0.05857734,0.00000000,0.01729863,0.00000000,0.01085354,0.00000000,0.01232783,0.00027546,0.02258004,0.00957991,0.00000000,0.00759057,0.00000000,0.00000000,0.02927266,0.04874430,0.03019044,0.00000000,0.26990026,0.00001093,0.04196178,0.00384413,0.00853446,0.00000000,0.01751045,0.10886387,0.03934410,0.00758714,0.04986598,0.01961355,0.00000000,0.00260109,0.00000000,0.01521041,0.13870284,0.08243652,0.17944865,0.00000000,0.09584329,0.00284118,0.07283481,0.04011888,0.04778140,0.01322228,0.00265327,0.00444413,0.00000000,0.09663704,0.00072945,0.00000000,0.02547747,0.00000000,0.03946852,0.16989304,0.04452315,0.00595444,0.01805905,0.00000000,0.00835342,0.00000000,0.19568555,0.00264550,0.00695659,0.01934474,0.01789984,0.00000000,0.02279977,0.08603469,0.00000000,0.00618360,0.00000000,0.11662519,0.00000000,0.06957898,0.07690910,0.06644044,0.00000000,0.00275355,0.02072763,0.23886587,0.00690739,0.00000000,0.05214173,0.00005114,0.05341458,0.01533319,0.00000000,0.02553603,0.05185496,0.19593255,0.08240063,0.10675713,0.03321739,0.03316575,0.02983980,0.03264225,0.14298658,0.00000000,0.11621606,0.00023848,0.00000000,0.00143532,0.03485221,0.01771625,0.00919037,0.00000000,0.00345465,0.00000000,0.05554231,0.00000000,0.00513105,0.00098749,0.00657412,0.00000000,0.14690249,0.00000000,0.00810657,0.01405344,0.00512014,0.04107270,0.00000000,0.00043776,0.15415500,0.00000000,0.00000000,0.00000000,0.00000000,0.07753729,0.00000000,0.00000000,0.18617211,0.00210050,0.02560649,0.05565318,0.23691089,0.25000218,0.00046546,0.11586601,0.02441147,0.06771194,0.17638162,0.04290661,0.01405151,0.00000000,0.00920903,0.00333184,0.08667265,0.25813636,0.17483242,0.00286003,0.00000000,0.00670699,0.00089087,0.11817437,0.02373926,0.10757188,0.00000000,0.00000000,0.03182967,0.00000362,0.08717938,0.03915367,0.00009433,0.00000000,0.00000000,0.04413562,0.01206672,0.02809997,0.01112689,0.01291173,0.34492821,0.00000000,0.00000000,0.00332680,0.26593944,0.01677957,0.02330004,0.00000000,0.00000000,0.00000000,0.29411200,0.02894018,0.00000000,0.01844777,0.00000000,0.01104299,0.07186858,0.06346837,0.00311692,0.03377133,0.00225844,0.00000000,0.00528976,0.00768828,0.03050947,0.04204876,0.00781756,0.00095819,0.02520220,0.00000000,0.09211440,0.02276830,0.00000000,0.00000000,0.01492449,0.02398969,0.00225836,0.01481155,0.00584656,0.00000000,0.36417159,0.01115666,0.04634400,0.00042850,0.10817245,0.01151416,0.04495356,0.00081736,0.01831201,0.00653450,0.00570736,0.74189430,0.04369910,0.00372026,0.00143676,0.56947207,0.00000000,0.00000000,0.00250488,0.08892205,0.06067349,0.26572198,0.00000000,0.05022345,0.00000000,0.00965017,0.00000000,0.04213582,0.19057919,0.00000000,0.00000000,0.00862059,0.04764824,0.00044563,0.20495307,0.00049510,0.00000000,0.00505999,0.03131253,0.00000000,0.28556544,0.15562445,0.00858257,0.00079539,0.00000000,0.00000000,0.02386351,0.00000000,0.05529171,0.02037987,0.00005205,0.08708952,0.08967449,0.01071725,0.04213595,0.04797808,0.04616962,0.00000000,0.07551649,0.00000000,0.05581354,0.01510183,0.02735239,0.07850520,0.05042648,0.05520304,0.00000000,0.00000000,0.01267789,0.17529428,0.00000000,0.00830319,0.03341352,0.03565403,0.00360205,0.00204622,0.02798293,0.00501717,0.01238562,0.00000000,0.01330875,0.02648008,0.00000000,0.00000000,0.00360760,0.00000000,0.00005970,0.06312291,0.39564720,0.00000000,0.00007151,0.00000000,0.07245341,0.00000000,0.00797904,0.00320528,0.00582796,0.00000000,0.03124898,0.08736908,0.02967267,0.00000000,0.01278039,0.02387481,0.01968670,0.04007078,0.00746654,0.01014044,0.00202569,0.04651053,0.02505432,0.00000000,0.00287615,0.22937793,0.08092368,0.00000000,0.00477078,0.00000000,0.00000000,0.00695788,0.00144191,0.01971765,0.01307627,0.00000000,0.04930905,0.00000000,0.02020745,0.02275684,0.07095303,0.01268469,0.00041372,0.06563717,0.16720991,0.00000000,0.00000000,0.00000000,0.02189912,0.02988247,0.00000000,0.00000000,0.09334087,0.00000000,0.10880411,0.00030821,0.00231204,0.00000000,0.00341919,0.00000000,0.04546354,0.03906300,0.10942817,0.00273102,0.07426543,0.00567146,0.00591337,0.03843426,0.00000000,0.00000000,0.00000000,0.04821666,0.00000000,0.01315656,0.04755453,0.00000000,0.01837256,0.18468359,0.15304190,0.00268227,0.00000000,0.01283940,0.08509330,0.26886219,0.00051362,0.00566418,0.00042558,0.00562606,0.00000000,0.40666506,0.04294474,0.00000000,0.01219981,0.05566014,0.00787019,0.00495067,0.00261609,0.00000000,0.00163272,0.00999745,0.00980332,0.01082585,0.00443108,0.00105969,0.00000000,0.00000000,0.02812297,0.08079084,0.16180827,0.00000000,0.02500450,0.01982445,0.00000000,0.06129231,0.02921229,0.01152312,0.02715748,0.00000000,0.00318701,0.00000000,0.00833991,0.02291460,0.00000000,0.00578666,0.02186169,0.00120243,0.00000000,0.00024047,0.04280246,0.16294259,0.01198730,0.00398960,0.00341503,0.22496934,0.05343470,0.00845608,0.00000000,0.04421227,0.01169871,0.00000000,0.05163836,0.40140620,0.00832310,0.00000000,0.29006037,0.01982706,0.04003725,0.00286751,0.01927013,0.00000000,0.00818103,0.00361231,0.03656394,0.00387063,0.00055697,0.00000000,0.00481848,0.00000000,0.00749941,0.00198455,0.03708578,0.00000000,0.00348487,0.00290712,0.10268185,0.00101348,0.00000000,0.31780636,0.01330218,0.01691337,0.06281213,0.04622389,0.00000000,0.00000000,0.00000000,0.00203610,0.00751715,0.07055092,0.02725064,0.00000000,0.08617409,0.00000000,0.00554056,0.00000000,0.00000000,0.00000000,0.02315252,0.02151637,0.00000000,0.04899593,0.03619273,0.03873563,0.09493087,0.00000000,0.03683971,0.02607961,0.03437305,0.00000000,0.10463189,0.01991375,0.00000000,0.00467965,0.00601900,0.10101913,0.00000000,0.01364226,0.11114998,0.00000000,0.28674889,0.00000000,0.00000000,0.00000000,0.01076492,0.00000000,0.00292719,0.00091809,0.00000000,0.00000000,0.00782571,0.00107532,0.03463249,0.04156403,0.14384919,0.02655482,0.00000000,0.00000000,0.00755330,0.11802729,0.00000000,0.10132320,0.01719282,0.00442097,0.00245045,0.00182411,0.02377899,0.00000000,0.05024188,0.00000000,0.01025546,0.00000000,0.00000000,0.00000000,0.09806149,0.01111482,0.03257975,0.00000000,0.01014965,0.00000000,0.15566304,0.03607030,0.00000000,0.00945294,0.01279816,0.01472837,0.09079507,0.10413034,0.03591640,0.07815135,0.00000000,0.00690494,0.10016166,0.08445928,0.00111734,0.00000000,0.00144913,0.08329848,0.02897675,0.00453250,0.00729794,0.01389607,0.00000000,0.02130323,0.00000000,0.00181649,0.00055962,0.02097539,0.01093964,0.00000000,0.00000000,0.02218117,0.02286172,0.00106301,0.00253436,0.00000000,0.04400103,0.00000000,0.00379982,0.00000000,0.00463364,0.02462839,0.02401658,0.02522619,0.00675307,0.00000000,0.12471876,0.00338991,0.14013019,0.23839507,0.33259615,0.01645705,0.02909474,0.02016681,0.04554918,0.00297442,0.00101839,0.00000000,0.00000000,0.07105552,0.00453589,0.00000000,0.03727028,0.27984011,0.01377423,0.35975093,0.00000000,0.01421596,0.00673494,0.00101484,0.00000000,0.00000000,0.01056729,0.00000000,0.17179592,0.03334018,0.00089907,0.00000000,0.04952431,0.00000000,0.00161847,0.00000000,0.00000000,0.00196683,0.00737443,0.00693376,0.00000000,0.05206603,0.00000000,0.05834840,0.00000000,0.00176462,0.03380884,0.00000000,0.14522302,0.00074966,0.07005104,0.01384828,0.00462859,0.08510334,0.00000000,0.01620379,0.07742003,0.00000000,0.00000000,0.02286288,0.00000000,0.00050200,0.08290309,0.17751172,0.01071242,0.06270549,0.00000000,0.00000000,0.02138563,0.01078457,0.00276402,0.00119789,0.00304269,0.01606131,0.00031953,0.06521044,0.04436119,0.00057490,0.01343548,0.14061452,0.00000000,0.00104847,0.00000000,0.00000000,0.04103168,0.01736717,0.00475413,0.00000000,0.03743010,0.00000000,0.00492357,0.00355879,0.07324176,0.00000000,0.00727799,0.00000000,0.13444914,0.00924975,0.35187852,0.06705918,0.03977577,0.00271758,0.01880267,0.00000000,0.00758535,0.00043315,0.00538760,0.00496125,0.00577175,0.08443447,0.05123944,0.00078613,0.00000000,0.00000000,0.00000000,0.03452186,0.01461395,0.04965724,0.00000000,0.00002187,0.00757345,0.00031000,0.00000000,0.02307016,0.15475965,0.01714330,0.00000000,0.00000000,0.13295785,0.00168309,0.00383399,0.00000000,0.00337188,0.21963315,0.12874082,0.05652717,0.00557524,0.11049452,0.00000000,0.01592432,0.00000000,0.00000000,0.00000000,0.00000000,0.00012404,0.04340755,0.00000000,0.10649189,0.01926034,0.00898619,0.01126324,0.00000000,0.00000000,0.00000000,0.11015793,0.00000000,0.02124203,0.00672732,0.00885347,0.00000000,0.00031625,0.03525200,0.00470192,0.00535912,0.11511654,0.02923712,0.00000000,0.07297767,0.02474205,0.03183711,0.02933217,0.04962950,0.00147485,0.02377383,0.00000000,0.01810545,0.01413487,0.00000000,0.00159605,0.00000000,0.03247850,0.00895774,0.08466499,0.07509474,0.00071910,0.00065206,0.00000000,0.01750696,0.00434984,0.04132539,0.00000000,0.00539255,0.20303796,0.00000000,0.00247351,0.22802499,0.00072069,0.32433322,0.00000000,0.00000000,0.09130516,0.01022484,0.03331304,0.05095193,0.00478785,0.00024913,0.03732988,0.00000000,0.00286631,0.07906295,0.00526807,0.00000000,0.00059558,0.00081432,0.02887015,0.03269697,0.03403872,0.01755775,0.00000000,0.00000000,0.00000000,0.04341165,0.00306792,0.02163675,0.00000000,0.02806978,0.03320423,0.01179075,0.00000000,0.05569042,0.08984606,0.22083232,0.00302306,0.05947167,0.00000000,0.11520804,0.00174917,0.00555602,0.00000000,0.01380923,0.00701544,0.00000000,0.00000000,0.00073529,0.00402941,0.04356264,0.01094122,0.01286336,0.22951889,0.00000000,0.00139319,0.13477796,0.37504235,0.15075460,0.00000000,0.00000000,0.01109677,0.00000000,0.13760924,0.00000000,0.00327310,0.00000000,0.00000000,0.03172860,0.00000000,0.02440519,0.00720973,0.00007426,0.14763066,0.00000000,0.03531443,0.00010362,0.01028437,0.01042456,0.07379894,0.13595736,0.01079360,0.00612858,0.00000000,0.00380098,0.04649766,0.00000000,0.00683558,0.02273006,0.01476517,0.05558922,0.00240257,0.17168930,0.02122179,0.16328037,0.02650209,0.00000000,0.00311529,0.00000000,0.00252249,0.03014410,0.03269899,0.00000000,0.01744901,0.00809847,0.07642020,0.00000000,0.00755234,0.00000000,0.35011834,0.05740255,0.02407335,0.04100443,0.02095780,0.05524273,0.00604579,0.01505562,0.00000000,0.01479166,0.02713743,0.02276699,0.00000000,0.10872256,0.01146306,0.05075979,0.00629923,0.02743063,0.00000000,0.15063684,0.00000000,0.00000000,0.00123190,0.05207130,0.00268740,0.05701960,0.00000000,0.08613182,0.00688520,0.19861853,0.02082772,0.00473685,0.00000000,0.02249128,0.03870216,0.01917807,0.12924083,0.00000000,0.01979615,0.00581399,0.00153057,0.06206914,0.00000000,0.01773039,0.03264758,0.00000000,0.00000000,0.00000000,0.00989020,0.00033993,0.12571916,0.00000000,0.00000000,0.00000000,0.00825296,0.02646607,0.02017762,0.03449142,0.01655612,0.05407657,0.01078492,0.19228812,0.01842986,0.01671033,0.00182438,0.00000000,0.00000000,0.09089093,0.00893145,0.02988572,0.03774399,0.00000000,0.09138486,0.04747041,0.00000000,0.00000000,0.00000000,0.00000000,0.00011084,0.00000000,0.01553603,0.01166465,0.07950589,0.06752843,0.00000000,0.00000000,0.08475181,0.00000000,0.24294254,0.06943787,0.01473862,0.00013962,0.11461916,0.00000000,0.17498934,0.02490506,0.00532688
6072,data/pair/6072/RHEED/Initial Si surface.MOV,manifest_specified_rheed_path,20.530000,616,8,0.24462488,0.03634738,0.09928460,0.00000000,0.01306932,0.00552862,0.00086269,0.00585608,0.00637071,0.00258391,0.02482723,0.06381589,0.00000000,0.00257946,0.00000000,0.07464689,0.02381674,0.00000000,0.03072669,0.03246218,0.03496157,0.00553574,0.41104534,0.16317111,0.02552214,0.00662990,0.00705191,0.29092786,0.00699942,0.76333243,0.00141445,0.08298822,0.06914832,2.14926004,0.00640556,0.00782926,0.00003696,0.00000000,0.03298854,0.00422140,0.16273764,0.00922612,0.04353956,0.00006303,0.01217481,0.00539177,0.00576985,0.05631649,0.00478091,0.01085825,0.02187055,0.00455544,0.45334738,0.00566554,0.01713473,0.23007198,0.03925392,0.00015795,0.00010080,0.01495740,0.10301404,0.00000000,0.03879122,0.00983975,0.01538579,0.01255042,0.00000000,0.03323568,0.03549313,0.08765709,0.34214181,0.00010799,0.00295394,0.32387626,0.01226244,0.01519652,0.00000000,0.00000000,0.00806825,0.03924711,0.79644257,0.00150421,1.73699868,0.00000000,0.00184001,0.95869690,0.00000000,1.53888106,0.00000000,0.01666513,0.13397238,0.00000000,0.00218734,0.00049424,0.10648502,0.01471000,0.21319211,0.00000000,0.54633385,0.00000000,0.00166683,0.01293240,0.23892030,0.00000000,0.00000000,0.00000000,0.01008699,0.42347240,0.00000000,0.00023900,0.00000000,0.53032535,0.00724781,0.01254109,0.00000000,0.00763395,0.00000000,0.00023014,0.02130131,0.54495823,0.06658762,0.06962634,0.05375167,0.00001858,0.00035896,0.07650341,0.00000000,0.01450649,0.03395138,0.00000000,0.03173875,0.29282731,0.00000000,0.00000000,0.02386083,0.02729439,0.00000000,0.00117358,0.06776216,0.00000000,0.02448047,0.00353516,0.00000000,0.00000000,0.05223482,0.35847461,0.19784129,0.00557412,0.07460812,0.01579911,0.01820075,0.06364223,0.00243481,0.05892440,0.02015268,0.00119988,0.00000000,0.00000000,0.00000000,0.07154389,0.01249040,0.05826106,0.00668390,1.19030845,0.02549729,0.47378427,0.00176517,0.06579336,0.14507160,0.02990288,0.00028433,0.94440061,0.31367329,0.02767649,0.17763099,0.14754082,0.00000000,0.00000000,0.03341252,0.00000000,0.08947739,0.08634038,0.02592220,0.01542974,0.18370418,0.00000000,0.04236312,0.00649142,0.10706878,0.00692479,0.02096581,0.40252063,0.00000000,0.00000000,0.00326742,0.12764814,0.05054783,0.00000000,0.00000000,0.00604951,0.00000000,0.00203145,0.66308546,0.01103867,0.04740482,0.00135666,0.00228944,0.00100734,0.02926179,0.01568950,0.00004400,0.70084834,0.01786131,0.11240466,0.00662907,0.00065252,0.00637959,0.01628320,0.00000000,0.27168036,0.00000000,0.00012356,0.42570359,0.16088641,0.12450166,0.26133013,0.00136120,0.01478425,0.00000000,0.08654760,0.39350230,0.27870870,0.06986061,0.00000000,0.00607375,0.08716395,0.04221139,1.14691412,0.00915176,0.00000000,0.41370350,0.00381454,0.13754603,0.10062273,0.03461641,0.04728658,0.13624096,0.15305403,0.02462978,0.01187048,0.00289277,0.00200729,0.32173181,0.04754324,0.02898667,0.00395643,0.00743740,0.00000000,0.00000000,0.17008640,0.01689342,0.00107855,0.02277821,0.00199796,0.00446221,0.14773135,0.00025063,0.14523026,0.00267693,0.00000000,0.06702815,0.02687864,0.00000000,0.09439114,0.08924565,0.04182043,0.08025385,0.00254992,0.00311152,0.06055311,0.00000000,0.00111937,0.03366783,0.05166160,0.00215967,0.03131213,0.01421375,1.88547826,0.00000000,0.29408005,0.00020053,0.05269702,0.00080039,0.00000000,0.00638211,0.00865208,0.06961545,0.00236393,0.00700369,0.00000000,0.02277393,0.01756793,0.04387547,0.02657115,0.01419544,0.01812105,0.00000000,0.00910955,0.00160054,0.00000000,0.02083576,0.00248322,0.04220485,0.01568519,0.45826054,0.05944668,0.00000000,0.07453517,0.01582767,0.04784752,0.00000000,0.03077477,0.42982647,0.00339361,0.14443530,0.19878778,0.29461679,0.03826746,0.00163608,0.07032270,0.02155944,0.01038757,0.00410485,0.05337497,0.00000000,0.00548411,0.25288698,0.03960124,0.00220294,0.05866010,0.17764568,0.01048751,0.04992928,0.00000000,0.00837484,0.00000000,0.00000000,0.00686612,1.02391744,0.00000000,0.01182923,0.34958550,0.02528727,0.00047578,0.09912194,0.05787279,0.00315610,0.00010527,0.04870509,0.00021116,0.00000000,0.09721534,0.00000000,0.07112735,0.00814654,0.20091085,0.00208983,0.00948327,0.00029206,0.01053996,0.00000000,0.00000000,0.00629381,0.00360736,0.02110220,0.00101713,0.10041277,0.10301301,0.00000000,0.00000000,0.28516296,0.04332607,0.25791252,0.25881001,0.02357386,0.06494524,0.00122353,0.02190807,0.17262158,0.09352858,0.01214569,0.00286150,0.23971707,1.21272802,0.00000000,0.00000000,0.00456896,0.07167209,0.29595074,0.37591687,0.03909658,0.00425070,0.00000000,0.01587571,0.05150896,0.01282450,0.17526746,0.00749212,0.00000000,0.08787955,0.18506764,0.00817963,0.14552285,0.17189276,0.08453384,0.20354138,0.04706966,0.03144938,0.00080795,0.00398846,0.00000000,0.00000000,0.02140117,0.03501616,0.01721610,0.90783715,0.00688927,0.02965320,0.29738700,0.00286231,0.07467367,0.01699611,0.04601826,0.00122290,0.06385641,0.25596642,0.22566865,0.00077572,0.00213064,0.00947516,0.00201258,0.04615249,0.00000000,0.02624624,0.02587015,0.00267459,0.00829437,0.01988735,0.01451152,0.00000000,0.01030374,0.00388142,0.00146258,0.02483711,0.01183678,0.19890802,0.00634441,0.28099480,0.00068897,0.00000000,0.01980381,0.00312975,0.01293722,0.29123795,0.00387485,0.00000000,0.03291409,0.18238741,0.01071516,0.01567101,0.00000000,0.10667564,0.00000000,0.00004266,0.16943997,0.00264553,0.00422791,0.06793875,0.00020792,0.10794864,0.01089438,0.00074912,0.22542192,0.00225069,0.00000000,0.00707058,0.00000000,0.07743898,0.00000000,0.00055384,0.09321021,0.03419623,0.00000000,0.03851046,0.02209554,0.01928174,0.42040664,0.06983031,0.00589749,0.25431001,0.00330263,0.00573400,0.02090208,0.00000000,0.00904605,0.00107550,0.88381648,0.00375906,0.00621538,0.49392715,0.09297102,0.00245747,0.00354211,0.02324961,0.01579230,0.00000000,0.11142911,0.02083492,0.00000000,0.13564527,0.00864954,0.06005133,0.01330869,0.05443093,0.00338432,0.00118339,0.67215151,0.02772837,0.00000000,0.34797308,0.04794237,0.03296669,0.00000000,0.02783512,0.00000000,0.12921536,0.01133029,0.17712010,0.08961174,0.04495255,0.02114467,0.00000000,0.00204688,0.01020068,0.45686561,0.03543369,0.11242170,0.00000000,0.01605084,0.00000000,0.00601494,0.00094716,0.06988566,0.02414105,0.02705231,0.00584262,0.01184802,0.07943989,0.00000000,0.00000000,0.00353146,0.03177366,0.05159212,0.00197054,0.01966374,0.17438713,0.43988478,0.05331988,0.00680689,0.01430542,0.00000000,0.00000000,0.16155586,0.00000000,0.16172677,0.00000000,0.00026116,0.00000000,0.00000000,0.05784278,0.38300115,0.12008688,0.02736478,0.03213734,0.00737319,0.00287901,0.07447521,0.12311746,0.00000000,0.10074447,0.11393449,0.00011921,0.01003414,0.00000000,0.04339001,0.03855795,0.00000000,0.00000000,0.00141221,0.00234036,0.02033440,0.00119035,0.00120398,0.00000000,0.00000000,0.00098229,0.00621037,0.66579896,0.00000000,0.03730331,0.01222347,0.00146999,0.00000000,0.02145335,0.02895816,0.07302233,0.00000000,0.30158737,0.01409113,0.00574847,0.00113389,0.16485085,0.00000000,0.02820274,0.07284731,0.07117141,0.00028698,1.61405587,0.01039519,0.00920238,0.02021848,0.08165698,0.01134354,0.00912247,0.00000000,0.00888281,0.76121426,0.45141646,0.01573780,0.00374423,0.00020906,0.00507732,0.00632054,0.05066336,0.00000000,0.00000000,0.00000000,0.00000000,0.08891683,0.18981284,0.23905051,0.03634240,0.04329750,0.48302171,0.00874227,0.60067910,0.33833542,0.00000000,0.93340129,0.00000000,0.00000000,0.08085512,0.00935302,0.03368769,0.00609932,0.00011882,0.00006497,0.00280157,0.00026065,0.00474494,0.04289129,0.60596377,0.14810538,0.00000000,0.11414686,0.00163045,0.03223902,0.12872848,0.00000000,0.02618739,0.00000000,0.00063316,0.01212003,0.00000000,0.06318741,0.09172114,0.21147440,0.32372025,0.01126205,0.00048336,0.01964808,0.00013607,0.00000000,0.09410642,0.04046077,0.03083094,0.03412986,0.00029515,0.06032157,0.00019727,0.00000000,0.06284745,0.00000000,0.02953035,0.00000000,0.14432409,0.00000000,0.00089356,0.57961762,0.10758857,0.00090966,0.00171888,0.00011050,0.04189420,0.00017252,0.03277180,0.00553716,0.00000000,0.06948476,0.16923112,0.00120663,0.00773084,0.00429564,0.00000000,0.00167299,0.09505137,0.17381842,0.00000000,0.00000000,0.02842787,0.00244397,0.07712824,0.20954101,0.00261021,0.00161784,0.00000000,0.05353130,0.04265600,0.00000000,0.27638271,0.00000000,0.00000000,0.00126955,0.07205432,0.00922491,0.01189195,0.00000000,0.00121094,0.37754267,0.01059458,0.03617506,0.03436103,0.00048011,0.82065046,0.09563939,0.00316364,0.02312491,0.00000000,0.00113885,0.00000000,0.02857524,0.00000000,5.21512270,0.15046817,0.00000000,0.00205852,0.03357834,0.00094350,0.08035433,0.00109519,0.00490631,0.00173624,0.27785480,0.05100695,0.05180810,0.00000000,0.00002574,0.00010104,0.00322038,0.00653768,0.00707464,0.04378788,0.01097387,0.29511160,0.03835604,0.02191214,0.18158785,0.08026634,0.00000000,0.19084644,0.00055053,0.09630136,0.00000000,0.19664007,0.00035917,0.07185405,0.25064752,0.03274691,0.56297475,0.01052046,0.00173434,0.00000000,0.02362446,0.02843042,0.01264722,0.01437895,0.14377409,0.13788775,0.00515496,0.00000000,0.28881773,0.12842216,0.01726939,0.00392224,0.00022236,0.02459114,0.10241568,0.05317216,0.00000000,1.64752996,0.03042337,1.52108192,0.00000000,0.00511442,0.02625379,0.00101336,0.00577977,0.00520268,0.36317968,0.00087188,0.00036242,0.00126292,0.06376008,0.00055565,0.20518108,0.22500761,0.13855843,0.12134397,0.00000000,0.01143978,0.00677025,0.06092198,0.00000000,0.05369806,0.00815448,0.02385401,0.00118579,0.00000000,0.00573066,0.12616062,0.05672242,0.02408380,0.02953718,0.04761500,0.09077988,0.01172718,0.00000000,0.00230831,0.00743760,0.01451157,0.00220724,0.00099214,0.05265780,0.00681844,0.05229308,0.00481434,0.00000000,0.00061506,0.57900876,0.00000000,0.03352275,0.20368361,0.00570861,0.00000000,0.01333128,0.02382116,0.00000000,0.23367500,0.10409588,0.07575909,0.00681324,0.00184158,0.02666995,0.00884408,0.06452852,0.40151387,0.00161843,0.00000000,0.00276921,0.00027410,0.00250365,0.00000000,0.07693382,0.00000000,0.24445027,0.00700776,0.00000000,1.75398302,0.00424558,0.00000000,0.00001866,0.11450300,0.75757521,0.00197081,0.00000000,0.00991145,0.03403167,0.00000000,0.00344199,0.00715233,0.41525069,0.07934523,0.00907514,0.00000000,0.00123137,0.00000000,0.00970802,0.00000000,0.00740491,0.04128128,0.00673058,0.00437308,0.01028380,0.14468959,0.02507019,0.09649831,0.03768745,0.36372110,0.01342175,0.05874574,0.00832146,0.00000000,0.00000000,0.02525446,0.00149392,0.00051930,0.00412633,0.00469850,0.02923608,0.00239485,0.00767598,0.00333045,0.12136662,0.00000000,0.00000000,0.00072642,0.00372534,0.30153179,0.18052338,0.85430545,0.25170994,0.08337714,0.14146532,0.00002153,0.00211674,0.07350031,0.03544036,1.20899415,0.32015496,0.00000000,0.00100898,0.06406916,0.04983821,0.02195298,0.06536396,0.07890273,0.00108570,0.02854204,0.03211650,0.00044944,0.02765214,0.00092812,0.00000000,0.00000000,0.27929097,0.04626317,0.00973077,0.00577860,0.15896204,0.12953645,0.20824894,0.00425333,0.00087106,0.10567723,0.00334284,0.00000000,0.01335571,0.03426113,0.00000000,0.00000000,0.00000000,0.00021411,0.00000000,0.01883844,0.00010354,0.00871957,0.00000000,0.33547214,0.00000000,0.01230982,0.42332035,0.00390717,0.00014447,0.00000000,0.09075573,0.70731735,0.02282553,0.26974744,0.00723387,0.00074379,0.23095959,0.00410299,0.02252083,0.00276096,0.11963890,0.06569812,0.00184221,0.01586209,0.01041133,0.00009851,0.01911242,0.08597147,0.02373337,0.36144873,0.10263302,0.00867372,0.04767223,0.15931174,0.00064884,0.74170852,0.09994981,0.12576112,0.00000000,0.00725713,0.05540336,0.00460478,0.06933405,0.03640363,0.00361844,0.00414376,0.01105931,0.08372097,0.00033090,0.00000000,0.00123458,0.02506990,0.20007585,0.00720236,0.05189489,0.81838810,0.00601524,0.11135934,0.12749025,0.10398491,0.00295949,0.27566230,0.03920381,0.03907290,0.00000000,0.00000000,0.02605464,0.00795412,0.00000000,0.05325965,0.05401239,0.00000000,0.00000000,0.01952663,0.02541261,0.05473147,0.05637479,0.06142348,0.07961097,0.66754210,0.00072379,0.01565273,0.14421576,0.00393477,0.00509712,0.10184678,0.17571928,0.05282586,0.00040394,0.01831743,0.03965772,0.11065701,0.00105009,0.00000000,0.10995787,0.50949019,0.01871880,0.09413965,0.00053739,0.05832065,0.03487419,0.14003633,0.08179587,0.12434188,0.00494119,0.00718131,0.09701593,0.06103081,0.03914068,0.00000000,0.00134769,0.13001701,0.03632699,0.13110799,0.62109613,0.00862000,0.00832705,0.02162392,0.00026202,0.00006630,0.00000000,0.05938705,0.00192425,0.00884348,0.00293674,0.01756430,0.00000000,0.45664984,0.31671757,0.00049499,0.05552347,0.00020200,0.07868421,0.00015440,0.03723747,0.06450737,0.02521763,0.00081295,0.02632099,0.00630100,1.15139031,0.00000000,0.00000000,0.01472054,0.01107012,0.17016846,0.03054032,0.00073559,0.00264373,0.00036715,0.05317324,0.10973635,0.39106515,0.02334687,0.03753714,0.00000000,0.12886401,0.17057423,0.02581634,0.16463120,0.00052495,0.01565931,0.01386448,0.00083406,0.00471232,0.06048884,0.00000000,0.04033969,0.01291765,0.00000000,0.00000000,0.00000000,0.00615835,0.00291470,0.00424399,1.32916796,0.00000000,0.00276372,0.00127844,0.00000000,0.06225378,0.11202467,0.00210505,0.08714663,0.00000000,0.00068731,0.08806521,0.00000000,0.02893550,0.00502134,0.00000000,0.38105568,0.00000000,0.01163437,0.00062721,0.28040412,0.87392271,0.00000000,0.00871111,0.02588895,0.15617967,0.11408080,0.06664267,0.00396103,0.00000000,0.00254463,0.00242322,0.32826421,0.47902438,0.01245336,0.00089977,0.00249653,0.00060537,0.00000000,0.21698520,0.01431856,0.56265455,0.00000000,0.00000000,0.04410403,0.00000000,0.34890947,0.06758681,0.00172681,0.00003012,0.00000000,0.00504821,0.04505619,0.13253818,0.03390612,0.00268692,3.56601119,0.00000000,0.00000000,0.01636969,0.62417489,0.06291306,0.01536118,0.07277414,0.00701903,0.00000000,0.20561762,0.00028279,0.00921056,0.00251201,0.00845972,0.01666987,0.00000000,0.18553136,0.00000000,0.02078380,0.00305782,0.00000000,0.00387629,0.00757800,0.04010175,0.04004654,0.00269735,0.00872695,0.00036784,0.11950602,0.04720940,0.00697924,0.00020714,0.00361316,0.00399773,0.11612124,0.00294266,0.03420111,0.00000000,0.01309173,0.69687068,0.06037714,0.03079830,0.00227361,0.02372801,0.10411820,0.01529430,0.00427333,0.00000000,0.00420330,0.01235116,0.32916114,0.28723252,0.00000000,0.00560261,0.86999202,0.00091967,0.00000000,0.00218795,0.01375046,0.09348662,0.18677776,0.00000000,0.16986674,0.00000000,0.00000000,0.00000000,0.03421929,0.36485729,0.15174705,0.00000000,0.02890627,0.04450136,0.00000000,0.80320215,0.00036269,0.00925998,0.00555154,0.00185886,0.14019282,0.38228172,0.85720497,0.00038831,0.00323508,0.00000000,0.27712834,0.00084396,0.00110304,0.09747256,0.00241466,0.00800637,0.10332643,0.86364937,0.01955762,0.01038861,0.00964684,0.11991297,0.03401533,0.10641517,0.00436537,0.60918272,0.00000000,0.10185500,0.25987875,0.05527826,0.05907092,0.13306233,0.00174095,0.05476387,0.40901905,0.01183118,0.00635066,0.05693673,0.03469774,0.00000000,0.09165767,0.10865425,0.01313835,0.00034278,0.15172844,0.00216197,0.04890717,0.00274307,0.00004445,0.00072585,0.00000000,0.00000000,0.00636723,0.33439204,0.00000000,0.00217799,0.00774297,0.14445072,0.00268808,0.05990788,0.00539881,0.00000000,0.00062321,0.09153949,0.05934386,0.00382567,0.00244528,0.00132855,0.01465955,0.03687504,0.14576401,0.29369438,0.02148763,0.00245462,0.18074217,0.28581864,0.00000000,0.00381784,1.00508130,0.38832009,0.00996613,0.15507016,0.00000000,0.00007158,0.25685975,0.00000000,0.01845698,0.02152072,0.00000000,0.01070822,0.00000000,0.00070242,0.00214449,0.27921739,0.00153186,0.00768351,0.10685573,0.29836893,0.00195259,0.00000000,0.01792454,0.05064046,0.00137116,0.00403540,0.00000000,0.13849495,0.00000000,0.03905125,0.00188289,0.00284599,0.00092443,0.09031323,0.00953359,0.00797231,0.03618170,0.09170128,0.00177300,0.05867865,0.00328563,0.00067813,0.02771191,0.00000000,0.00000000,0.01285741,0.25497687,0.03317920,0.04965537,0.16761273,0.02936444,0.04511565,0.07043687,0.01613661,0.03346605,0.04252433,0.03107860,0.15398335,2.37366438,0.00000000,0.01294107,0.00005820,0.00785153,0.00905800,0.64264834,0.33471045,0.00000000,0.01730710,0.31353149,0.03775498,0.00337226,0.01269278,0.00245194,0.00695696,0.08252688,0.00011153,0.00267223,0.01345157,0.00000000,0.00000000,0.00069383,0.00000000,0.01120312,0.17210187,0.00000000,0.00078356,0.03187731,0.00051815,1.31237829,0.10961222,0.00000000,0.35093433,0.00000000,0.00139001,0.00628011,0.15153641,0.00000000,0.01492627,0.00031253,0.01367709,0.00084427,0.00000000,0.00000000,0.19657078,0.38123363,0.00648732,0.01255654,0.00223198,0.31375444,0.09533450,0.00472009,0.01322660,0.02735064,0.02490887,0.09208989,0.16120361,1.42148352,0.01688933,0.00000000,1.42859900,0.00000000,0.30452430,0.00000000,0.00472812,0.00000000,0.00000000,0.01318837,0.00437809,0.02507501,0.00000000,0.00000000,0.00000000,0.00000000,0.00000000,0.00267964,0.02119174,0.03588302,0.00000000,0.00026019,0.38845176,0.00000000,0.01711695,0.13119647,0.03131212,0.00075570,0.00907959,0.10339379,0.00000000,0.00078013,0.00000000,0.00000000,0.04584137,0.12542737,0.00000000,0.01914305,0.00892389,0.08315453,0.06535155,0.00097324,0.02476951,0.00000000,0.05073795,0.04886336,0.00106936,0.06676567,0.04657106,0.00088032,0.23333745,0.00375492,0.00937888,0.08896376,0.02898617,0.00023405,0.49325550,0.18420909,0.00000000,0.00182083,0.00095616,0.43657297,0.00023969,0.02404084,0.33345288,0.00000000,0.47236308,0.08051173,0.00000000,0.00000000,0.01223101,0.00357913,0.01583159,0.00860899,0.00000000,0.00000000,0.00169450,0.00000000,0.01330905,0.06100891,0.71206558,0.00670926,0.01100912,0.16475113,0.00148811,0.11710879,0.00074343,0.08535191,0.07174212,0.00000000,0.00020888,0.00068466,0.00000000,0.05350451,0.11329079,0.01147706,0.00015873,0.00000000,0.00000000,0.00000000,0.16489294,0.00820325,0.04261503,0.00000000,0.00101663,0.00000000,0.26264805,0.29215425,0.00049768,0.01232489,0.00161436,0.00027643,0.22595727,0.25345853,0.08774997,0.38921073,0.00000000,0.01627955,0.28303257,0.04794541,0.05307931,0.00051102,0.02413222,0.23255336,0.06730009,0.00801411,0.00000000,0.00864193,0.02637171,0.05670336,0.00279438,0.04270101,0.01975211,0.00398457,0.01908027,0.01332991,0.04306571,0.00000000,0.00286935,0.01847509,0.02907763,0.00000000,0.28572464,0.00000000,0.01323678,0.00000000,0.00000000,0.00394320,0.03288173,0.19115151,0.00552277,0.00000000,0.08606591,0.00000000,0.18099667,0.46091786,0.93596292,0.07739069,0.01971958,0.01048144,0.03480048,0.00815354,0.00672579,0.02363403,0.00000000,0.37831441,0.00000000,0.00457435,0.00426899,0.32014358,0.01070335,2.76849651,0.00000000,0.00568256,0.02386894,0.00050984,0.01119595,0.00580164,0.07386726,0.00072599,0.39989671,0.12417629,0.00000000,0.03761476,0.09025661,0.00000000,0.00104347,0.00000000,0.00013028,0.00082735,0.00939709,0.01598283,0.02975202,0.02486441,0.00000000,0.26483423,0.00000000,0.00000000,0.00200304,0.00000000,0.22807536,0.00000000,0.03319698,0.01829555,0.00317898,0.13748652,0.00106316,0.01486108,0.04286047,0.00000000,0.00337636,0.00702763,0.27435738,0.01630104,0.04685025,0.25227463,0.02509153,0.05580522,0.00820075,0.00200497,0.01798245,0.07393476,0.05090266,0.00000000,0.00814480,0.09700885,0.16656394,0.17908888,0.06696897,0.02134189,0.00283626,0.09540076,0.00000000,0.00208319,0.00000000,0.00000000,0.06109536,0.00000000,0.00679491,0.00000000,0.02237159,0.03088119,0.07935206,0.04934916,0.02824591,0.05415335,0.00820514,0.38895977,0.83724040,0.00041035,0.88552237,0.01184721,0.11277296,0.02547082,0.00249082,0.00000000,0.00000000,0.00000000,0.00384172,0.00676009,0.00771210,0.12079518,0.08105094,0.00648113,0.00069806,0.06472351,0.00000000,0.01014701,0.03472472,0.02831450,0.00438415,0.00000000,0.01055370,0.00000000,0.00329126,0.00704453,0.19838172,0.14439666,0.00048707,0.00000000,0.35749400,0.01903028,0.00838328,0.00000000,0.00000000,0.49739358,0.16042636,0.36750078,0.04313285,0.27070895,0.00000000,0.02097372,0.07853711,0.02439950,0.00000000,0.00083230,0.00035390,0.03417300,0.00000000,0.25723451,0.02372723,0.02810116,0.00000000,0.01745418,0.07234212,0.00000000,0.32562053,0.00000000,0.03002156,0.00086760,0.13871253,0.00190354,0.00301528,0.17241468,0.01509828,0.06627803,0.18454266,0.01284628,0.01063251,0.07332683,0.06811005,0.00000000,0.01136847,0.28007272,0.00309319,0.00000000,0.06164259,0.02515147,0.00995028,0.00909291,0.00000000,0.00786706,0.00122374,0.00075634,0.00608973,0.00441729,0.00629744,0.02150998,0.00594690,0.00315005,0.00060100,0.00543717,0.00244427,0.02228153,0.09758953,0.00000000,0.00854175,1.69787896,0.00091369,0.70427102,0.00982812,0.00255215,0.27109927,0.05014016,0.03464880,0.12273178,0.00000000,0.03140552,0.11785600,0.00000000,0.00478159,0.27746844,0.00002512,0.00041845,0.05250863,0.00385863,0.02111958,0.01724514,0.00000000,0.02249976,0.00140962,0.00850789,0.05155572,0.00770744,0.01597643,0.08836403,0.01309258,0.00601483,0.00216161,0.01005029,0.00354292,0.01818399,0.02270960,1.19527316,0.00701443,0.03463204,0.04227125,0.10247038,0.00000000,0.00000000,0.00004327,0.01949276,0.00000000,0.00094434,0.00000000,0.00000000,0.00230678,0.01442796,0.06903160,0.01051465,1.73336518,0.00000000,0.01404008,0.01429963,0.75025672,0.09276892,0.00000000,0.01150956,0.04944711,0.00200599,0.05408279,0.00000000,0.02253581,0.00000000,0.00881558,0.00888717,0.00000000,0.00527966,0.00692929,0.00468882,0.00978716,0.00849138,0.01849261,0.00890554,0.00692775,0.00166178,0.09195051,0.17954642,0.01275611,0.02994877,0.00000000,0.05355617,0.02504357,0.06456085,0.02750277,0.01259231,0.00097050,0.00722238,0.00920342,0.53060758,0.12846956,0.87283283,0.00875907,0.00000000,0.00000000,0.00000000,0.07759017,0.01976148,0.00073768,0.07777201,0.20910041,0.05082869,0.24055012,0.00013808,0.01171232,0.00611674,0.25800517,0.06247430,0.20722653,0.00000000,0.00479437,0.04585194,0.00187215,0.10887267,0.09054958,0.14384194,0.19793507,0.00049647,0.00000000,0.32647845,0.00000000,0.02615565,0.00065592,0.16814476,0.00000000,0.36999592,0.00000000,0.00254977,0.00811726,0.01072297,0.00000000,0.00552642,0.04294128,0.01289944,0.08525958,0.75394851,0.01854991,0.00177976,0.00066272,0.01415006,0.03478116,0.01477261,0.34870642,0.00000000,0.02704248,0.00436299,0.00321452,0.13065918,0.00000000,0.00375714,0.02414956,0.00294256,0.00517865,0.00000000,0.09434196,0.00000000,0.17012000,0.00000000,0.00000000,0.00000000,0.00497853,0.00787838,0.01016208,0.02508982,0.00143275,0.00000000,0.00730942,0.39255801,0.00062128,0.00000000,0.00000000,0.00000000,0.00619004,0.08515777,0.02341558,0.03554204,0.05387045,0.00143227,0.07320853,0.05951618,0.00150774,0.00129027,0.00000000,0.02585174,0.00000000,0.14911661,0.00226337,0.00091907,0.26668507,0.06228073,0.01123508,0.00511151,0.19321881,0.00340310,0.07828202,0.11382531,0.11910985,0.00000000,0.44746351,0.01634955,0.03510360,0.02964694,0.00240177,0.11667165,0.02322509,0.06123480,0.00000000,0.01204704,0.00531716,0.00178487,0.00633533,0.01378779,0.00469264,0.03181888,0.05219704,0.00000000,0.00373339,0.00000000,0.02735289,0.05712787,0.00000000,0.04489269,0.02226593,0.01081921,0.00680214,0.24259260,0.02149291,0.02519195,0.01204707,0.00499248,0.08563667,0.01565276,0.32238600,0.00374227,0.06607013,0.05091525,0.28183350,0.01694753,0.01490734,0.00009778,0.00000000,0.06810054,0.00463601,0.02577539,0.01126642,0.03817720,0.00016675,0.02850763,0.00994479,0.00717539,0.10660425,0.00650975,0.02872824,0.01723292,0.00744024,0.48591673,0.00523873,0.01726243,0.11274332,0.00885609,0.00041790,0.00026669,0.01016122,0.09624834,0.00000000,0.04999046,0.01162953,0.03374111,0.01790864,0.00000000,0.07867252,0.04866995,0.02780885,0.20425197,0.00028573,0.00621474,0.12563287,0.01613479,0.02986688,0.00000000,0.00000000,0.02092566,0.02804437,0.37395450,0.00397976,0.42485005,0.00000000,0.00276969,0.36373490,0.00000000,0.44541639,0.00000000,0.02268445,0.05509253,0.00000000,0.00578716,0.00130764,0.06292289,0.00914678,0.06094252,0.00000000,0.72601014,0.00000000,0.00441002,0.00782263,0.13894294,0.00000000,0.00000000,0.00000000,0.01228403,0.18940552,0.00000000,0.00063234,0.00000000,0.15517458,0.00698949,0.02320938,0.00000000,0.00861814,0.00000000,0.00060888,0.02360424,0.27264285,0.04644420,0.06718348,0.06404285,0.00004916,0.00094971,0.06685420,0.00000000,0.02655100,0.03532790,0.00000000,0.04413538,0.13469435,0.00000000,0.00000000,0.01802771,0.02602465,0.00000000,0.00310500,0.03903315,0.00000000,0.00687424,0.00745026,0.00000000,0.00000000,0.03405043,0.14068325,0.09311572,0.01150836,0.05624615,0.01122805,0.01976194,0.08938599,0.00381448,0.03483614,0.02629226,0.00317458,0.00000000,0.00000000,0.00000000,0.02183264,0.01535995,0.10214198,0.01029718,0.47939688,0.04913987,0.19732936,0.00467021,0.03092338,0.23293662,0.02748950,0.00075227,0.44117200,0.12087662,0.02546344,0.04450690,0.08184581,0.00000000,0.00000000,0.03320727,0.00000000,0.10456848,0.10744976,0.04196669,0.02456113,0.19876331,0.00000000,0.08044975,0.00445830,0.08855592,0.00848415,0.02015348,0.13320941,0.00000000,0.00000000,0.00570219,0.08771846,0.05572734,0.00000000,0.00000000,0.01147607,0.00000000,0.00501716,0.25065291,0.00918807,0.08269484,0.00231186,0.00400791,0.00266518,0.03543372,0.03730159,0.00011643,0.23479053,0.01057538,0.01421203,0.01219415,0.00172641,0.01687882,0.02040169,0.00000000,0.13722198,0.00000000,0.00032690,0.17562868,0.15047023,0.06964005,0.20302849,0.00360139,0.02436515,0.00000000,0.06008445,0.22014716,0.07858606,0.07642017,0.00000000,0.01144543,0.03953438,0.04638996,0.34401828,0.02224340,0.00000000,0.20705256,0.00532553,0.07493959,0.07922775,0.02958810,0.11692832,0.08339871,0.13573910,0.02860948,0.01346601,0.00549217,0.00531080,0.26262578,0.02524900,0.03007158,0.00620239,0.00464966,0.00000000,0.00000000,0.09876687,0.00852333,0.00285358,0.02820647,0.00372250,0.00873068,0.11082663,0.00066310,0.08399274,0.00708250,0.00000000,0.03063025,0.03219689,0.00000000,0.06391906,0.04091996,0.03502416,0.02883011,0.00519336,0.00408939,0.02839480,0.00000000,0.00296157,0.02030271,0.04213470,0.00571394,0.03438977,0.01752441,0.33051896,0.00000000,0.15138619,0.00053056,0.03513725,0.00198212,0.00000000,0.01066594,0.01145297,0.04067928,0.00346040,0.01220067,0.00000000,0.03209660,0.03241847,0.05237447,0.03390574,0.01952345,0.02024915,0.00000000,0.02410162,0.00423464,0.00000000,0.00396758,0.00656998,0.06143769,0.02166609,0.19968428,0.07583658,0.00000000,0.03896193,0.02109616,0.05887565,0.00000000,0.03181766,0.19969565,0.00716392,0.06050576,0.08289586,0.14682378,0.03443749,0.00225265,0.06150510,0.02284184,0.01876140,0.00930366,0.03413785,0.00000000,0.00819829,0.08072514,0.06389615,0.00404444,0.05179098,0.11439830,0.01274409,0.04900451,0.00000000,0.01337369,0.00000000,0.00000000,0.01816604,0.64023417,0.00000000,0.01091914,0.13572767,0.03962602,0.00070598,0.18230431,0.06449278,0.00581404,0.00027853,0.01729175,0.00040434,0.00000000,0.20146729,0.00000000,0.05734810,0.00696150,0.20192471,0.00552917,0.01478798,0.00077271,0.01432001,0.00000000,0.00000000,0.01492042,0.00666720,0.02375659,0.00269108,0.18698989,0.07866234,0.00000000,0.00000000,0.13800837,0.02108369,0.11556496,0.12769800,0.04150572,0.09904213,0.00323717,0.02155605,0.07130533,0.12776174,0.02356851,0.00314306,0.09596471,0.35476017,0.00000000,0.00000000,0.00662990,0.07587500,0.07661477,0.22750738,0.03277058,0.00736434,0.00000000,0.02597830,0.01207262,0.03393044,0.25029054,0.01752031,0.00000000,0.05762787,0.12864323,0.02105036,0.06360665,0.06007475,0.15483989,0.13609506,0.05071486,0.02278076,0.00213763,0.00900885,0.00000000,0.00000000,0.02923993,0.01094560,0.03361855,0.23599882,0.00702263,0.01721789,0.13368949,0.00757296,0.02417290,0.02199875,0.07498302,0.00323550,0.06703222,0.17400764,0.10891078,0.00205237,0.00535512,0.01756287,0.00350381,0.02590218,0.00000000,0.04441363,0.03125713,0.00479633,0.01239323,0.03494390,0.02290607,0.00000000,0.01053379,0.00845855,0.00228258,0.01935907,0.02064295,0.11778028,0.00812429,0.10884992,0.00151147,0.00000000,0.02220610,0.00580636,0.02669383,0.16178073,0.00570891,0.00000000,0.03310527,0.07941990,0.02403107,0.01510374,0.00000000,0.06778619,0.00000000,0.00011287,0.14950927,0.00676693,0.00697788,0.00903387,0.00055011,0.13241413,0.01786944,0.00198197,0.25189111,0.00511456,0.00000000,0.00944437,0.00000000,0.08246788,0.00000000,0.00096598,0.05260503,0.05118075,0.00000000,0.04169737,0.01962142,0.02393553,0.28841612,0.08127541,0.01560330,0.07863280,0.00621671,0.00917153,0.02884905,0.00000000,0.01663869,0.00190712,0.19391105,0.00490092,0.00986367,0.36993888,0.09120104,0.00426361,0.00645707,0.03028105,0.02033903,0.00000000,0.12024885,0.01594578,0.00000000,0.12002941,0.01011503,0.03444552,0.03492543,0.04190301,0.00728737,0.00313096,0.32911220,0.02878889,0.00000000,0.12508486,0.03728171,0.01814281,0.00000000,0.02371864,0.00000000,0.05291000,0.01942931,0.10618068,0.15342920,0.08120485,0.02674664,0.00000000,0.00328656,0.01133197,0.19309999,0.06148608,0.09833229,0.00000000,0.03166210,0.00000000,0.01031593,0.00250594,0.02203313,0.01901082,0.01270794,0.01345879,0.02799458,0.05517109,0.00000000,0.00000000,0.00934337,0.02472320,0.04180836,0.00433330,0.02028529,0.19713314,0.22397827,0.05549660,0.00566958,0.00731625,0.00000000,0.00000000,0.05761617,0.00000000,0.07445957,0.00000000,0.00069096,0.00000000,0.00000000,0.06351562,0.12905768,0.05726837,0.03976116,0.01589599,0.01162738,0.00761714,0.05704154,0.08898793,0.00000000,0.08405036,0.10371371,0.00031541,0.01558131,0.00000000,0.04521687,0.01079923,0.00000000,0.00000000,0.00276299,0.00490168,0.02101315,0.00314938,0.00318543,0.00000000,0.00000000,0.00259889,0.01432987,0.29045278,0.00000000,0.00477854,0.01590249,0.00270540,0.00000000,0.01769859,0.02480979,0.03098192,0.00000000,0.15223873,0.01768059,0.01520901,0.00300000,0.12083914,0.00000000,0.04074732,0.03456526,0.08546444,0.00051139,0.33418575,0.01704345,0.02434720,0.01822899,0.14418718,0.01276013,0.01228203,0.00000000,0.00795907,0.15706132,0.27866092,0.03532583,0.00360919,0.00055312,0.00496872,0.00642016,0.04607694,0.00000000,0.00000000,0.00000000,0.00000000,0.04867004,0.13222070,0.10483874,0.01876440,0.04840644,0.18352018,0.01949296,0.17530474,0.17886281,0.00000000,0.20552231,0.00000000,0.00000000,0.10281464,0.02474576,0.05786938,0.01114889,0.00031438,0.00017190,0.00741226,0.00068960,0.00734487,0.04280479,0.20448567,0.14054519,0.00000000,0.07833251,0.00255413,0.03961615,0.11008397,0.00000000,0.02589072,0.00000000,0.00151867,0.01114410,0.00000000,0.05363625,0.06098894,0.06622060,0.16323842,0.01633964,0.00127885,0.02823280,0.00036000,0.00000000,0.05115031,0.03610006,0.00698088,0.04737989,0.00078090,0.04722360,0.00052192,0.00000000,0.05002337,0.00000000,0.02738805,0.00000000,0.17411484,0.00000000,0.00156336,0.22431593,0.05048370,0.00165298,0.00454773,0.00029236,0.05014155,0.00045645,0.02649976,0.01464995,0.00000000,0.01925913,0.07842251,0.00256811,0.00895987,0.00412981,0.00000000,0.00314584,0.05107282,0.14658964,0.00000000,0.00000000,0.02116824,0.00428659,0.05821170,0.10811173,0.00690597,0.00377523,0.00000000,0.02853758,0.10560194,0.00000000,0.22720040,0.00000000,0.00000000,0.00263022,0.04438471,0.02002018,0.02322416,0.00000000,0.00204226,0.19962142,0.00782477,0.01864466,0.03919655,0.00127025,0.28045371,0.05589291,0.00837021,0.01627155,0.00000000,0.00301311,0.00000000,0.02519220,0.00000000,0.47239280,0.09910336,0.00000000,0.00313697,0.07389062,0.00164000,0.08348706,0.00229727,0.00610553,0.00459366,0.12070801,0.05084638,0.13137633,0.00000000,0.00006809,0.00020291,0.00532495,0.01729707,0.01717747,0.03709620,0.01585576,0.13314791,0.04607390,0.01302832,0.07225073,0.06099349,0.00000000,0.07299845,0.00145657,0.06011345,0.00000000,0.13436270,0.00095027,0.06800959,0.18775550,0.01568856,0.18888451,0.01298920,0.00318821,0.00000000,0.01827572,0.03079781,0.03346140,0.01390324,0.21121530,0.04300934,0.01266923,0.00000000,0.17687708,0.11570873,0.01684966,0.00822366,0.00038521,0.05854917,0.10927654,0.04543916,0.00000000,0.27664739,0.04589780,0.39924720,0.00000000,0.00958852,0.04691262,0.00179959,0.00801246,0.00803862,0.23182172,0.00230678,0.00095886,0.00233617,0.03523174,0.00147010,0.03969201,0.10699619,0.20701976,0.18938594,0.00000000,0.01766911,0.01277764,0.11502548,0.00000000,0.04713695,0.01667006,0.05959291,0.00313732,0.00000000,0.00988178,0.06397026,0.12753388,0.02537210,0.04210605,0.09085781,0.07540501,0.01849134,0.00000000,0.00370994,0.00565570,0.01835906,0.00431193,0.00262496,0.00979451,0.00985405,0.04778332,0.01273756,0.00000000,0.00132777,0.22662172,0.00000000,0.07745439,0.12405677,0.01510356,0.00000000,0.02701659,0.03068991,0.00000000,0.05263135,0.03684252,0.02148438,0.00710053,0.00334170,0.03170796,0.00957868,0.06485709,0.20669723,0.00423145,0.00000000,0.00603211,0.00072521,0.00546125,0.00000000,0.03781332,0.00000000,0.09356705,0.01854078,0.00000000,0.48126450,0.01020255,0.00000000,0.00004937,0.08125989,0.45221686,0.00521428,0.00000000,0.02037369,0.03401778,0.00000000,0.00675978,0.01016601,0.14387803,0.10043405,0.01797983,0.00000000,0.00215393,0.00000000,0.02568502,0.00000000,0.01156199,0.05532255,0.01317973,0.01157007,0.00568261,0.06657732,0.01557029,0.19024032,0.02183105,0.16583110,0.01388491,0.04113407,0.02201652,0.00000000,0.00000000,0.03917591,0.00234693,0.00137393,0.01091725,0.00618904,0.02333773,0.00507484,0.01136783,0.00675419,0.11268620,0.00000000,0.00000000,0.00192193,0.00874309,0.11616850,0.19733775,0.23736615,0.10781851,0.07738874,0.04455645,0.00005697,0.00287496,0.05771956,0.03493552,0.48900875,0.30338192,0.00000000,0.00266952,0.01776402,0.04579924,0.03231966,0.04893120,0.04016718,0.00194861,0.04137330,0.04706038,0.00118911,0.02013501,0.00245557,0.00000000,0.00000000,0.09623019,0.02334854,0.01706558,0.00635766,0.15386605,0.02218171,0.09720123,0.00700195,0.00137696,0.22235085,0.00884432,0.00000000,0.02358201,0.02686545,0.00000000,0.00000000,0.00000000,0.00054326,0.00000000,0.02099766,0.00027394,0.01315458,0.00000000,0.14949612,0.00000000,0.01448789,0.19986574,0.00681829,0.00038223,0.00000000,0.05996747,0.29713091,0.02297456,0.10189300,0.01276197,0.00139362,0.14970446,0.00747981,0.02107190,0.00501313,0.11117785,0.05360700,0.00487403,0.01651200,0.01435679,0.00026062,0.01299673,0.04572019,0.02343290,0.12307377,0.07143813,0.01715370,0.04045730,0.10945673,0.00171666,0.20340799,0.03771327,0.10006085,0.00000000,0.00779858,0.06213680,0.00624187,0.06301616,0.02185103,0.00756572,0.00633577,0.01285806,0.01564186,0.00087549,0.00000000,0.00326640,0.05224398,0.06127185,0.01905566,0.09729750,0.27036044,0.00873973,0.04013019,0.05223696,0.00915963,0.00641046,0.05855393,0.01259916,0.05689459,0.00000000,0.00000000,0.01367994,0.00981312,0.00000000,0.08861443,0.13204353,0.00000000,0.00000000,0.02177656,0.02097464,0.08598481,0.04930279,0.06056459,0.05627508,0.24121383,0.00191497,0.01760288,0.03657695,0.00819325,0.00681714,0.05902730,0.13827352,0.06417223,0.00106873,0.02890194,0.07400197,0.11005949,0.00277827,0.00000000,0.07555933,0.24585298,0.04063631,0.06024687,0.00142181,0.03806507,0.03583804,0.07002858,0.04747374,0.11596591,0.00951746,0.01516714,0.03142660,0.01084899,0.02397661,0.00000000,0.00356565,0.03956891,0.07799552,0.09137872,0.17540400,0.01511834,0.02161760,0.02862558,0.00069324,0.00017542,0.00000000,0.10552096,0.00362734,0.01544929,0.00524386,0.02645589,0.00000000,0.12327798,0.15438831,0.00130962,0.04924812,0.00053445,0.08905795,0.00040850,0.05283665,0.08101362,0.04091727,0.00215086,0.04016409,0.00736384,0.25720146,0.00000000,0.00000000,0.01148764,0.01702953,0.06016228,0.02674777,0.00194619,0.00565148,0.00097138,0.10966069,0.04840210,0.12884416,0.02876093,0.04003058,0.00000000,0.09698043,0.08598363,0.01863761,0.09061296,0.00138887,0.02624565,0.02093277,0.00220672,0.00618108,0.04812287,0.00000000,0.03260452,0.00478237,0.00000000,0.00000000,0.00000000,0.01629347,0.00545113,0.00737784,0.23361267,0.00000000,0.00574138,0.00231144,0.00000000,0.06180735,0.00832418,0.00454823,0.05327570,0.00000000,0.00181845,0.01703413,0.00000000,0.04278585,0.01223605,0.00000000,0.23212089,0.00000000,0.02391682,0.00119403,0.11552394,0.23323995,0.00000000,0.01362428,0.02491536,0.10075590,0.11696450,0.04738198,0.01047991,0.00000000,0.00673247,0.00443909,0.29636824,0.18043712,0.01241040,0.00149442,0.00355380,0.00160165,0.00000000,0.05662902,0.01481620,0.31850341,0.00000000,0.00000000,0.05347014,0.00000000,0.08768476,0.04658627,0.00456871,0.00007968,0.00000000,0.00709805,0.07438558,0.07003574,0.02427183,0.00710891,0.46413195,0.00000000,0.00000000,0.02165591,0.12888639,0.01864903,0.01373661,0.08314398,0.01708332,0.00000000,0.12332872,0.00048982,0.01208138,0.00664614,0.02238232,0.02351648,0.00000000,0.10849974,0.00000000,0.02732911,0.00537355,0.00000000,0.01025569,0.00713997,0.09228352,0.03843073,0.00713651,0.01399389,0.00071346,0.03519959,0.03661007,0.01338803,0.00054804,0.00685477,0.01057700,0.06996031,0.00420577,0.03143407,0.00000000,0.01483199,0.33297396,0.06175710,0.02012307,0.00601540,0.04436524,0.04382110,0.02445232,0.00875542,0.00000000,0.00641503,0.01570222,0.15207906,0.19085445,0.00000000,0.00492044,0.07684707,0.00243323,0.00000000,0.00309168,0.02443720,0.08398823,0.07529815,0.00000000,0.04843219,0.00000000,0.00000000,0.00000000,0.03815512,0.15123910,0.02833624,0.00000000,0.04188412,0.03564199,0.00000000,0.36931139,0.00095959,0.00890004,0.00900772,0.00240577,0.03340740,0.24888478,0.43666175,0.00095020,0.00855922,0.00000000,0.07316472,0.00147020,0.00291838,0.05955546,0.00638860,0.01310798,0.02505057,0.51334316,0.02789841,0.02036907,0.01478757,0.08798093,0.03329775,0.06114241,0.01154968,0.17648682,0.00000000,0.12340425,0.08390343,0.06164867,0.05648658,0.02122675,0.00460612,0.06222012,0.49232426,0.01407193,0.00698432,0.04880154,0.04206319,0.00000000,0.12161130,0.04224600,0.00864598,0.00090690,0.04538758,0.00572004,0.05602863,0.00333792,0.00011762,0.00152585,0.00000000,0.00000000,0.00831012,0.17621066,0.00000000,0.00576242,0.01074007,0.10251627,0.00552702,0.05366666,0.00714635,0.00000000,0.00140712,0.05139112,0.06620341,0.00920048,0.00331200,0.00335074,0.02463356,0.02625077,0.06395351,0.19739683,0.03450074,0.00447245,0.04616174,0.13174020,0.00000000,0.00577092,0.24994947,0.09677219,0.00739691,0.26873580,0.00000000,0.00018937,0.08485385,0.00000000,0.03008109,0.04643275,0.00000000,0.01528142,0.00000000,0.00185842,0.00379029,0.16379760,0.00405291,0.01690573,0.06176582,0.10145808,0.00333370,0.00000000,0.01166494,0.05602318,0.00162408,0.00464085,0.00000000,0.07812872,0.00000000,0.03193450,0.00498166,0.00410423,0.00244581,0.12450507,0.01706579,0.01889733,0.03209309,0.11100642,0.00396493,0.03652417,0.00610970,0.00144221,0.02296836,0.00000000,0.00000000,0.01672013,0.14729992,0.02195923,0.03784702,0.07834675,0.00847937,0.06776102,0.10355762,0.01991648,0.05793601,0.03075007,0.02031794,0.09473802,0.26469207,0.00000000,0.02289381,0.00015398,0.01713939,0.00664377,0.31502199,0.20730799,0.00000000,0.02377678,0.25357544,0.03926476,0.00685775,0.01649475,0.00425880,0.00887755,0.06845725,0.00029508,0.00398072,0.03368337,0.00000000,0.00000000,0.00144574,0.00000000,0.01474333,0.13600352,0.00000000,0.00207311,0.04779496,0.00137089,0.27838349,0.19152634,0.00000000,0.13737874,0.00000000,0.00286764,0.01652362,0.06899841,0.00000000,0.03949119,0.00082688,0.01019484,0.00223372,0.00000000,0.00000000,0.08111749,0.12987289,0.01085623,0.01952406,0.00590526,0.16369143,0.17655371,0.01248819,0.00965243,0.04953523,0.06590267,0.05211213,0.08994634,0.48401883,0.01563017,0.00000000,0.45778546,0.00000000,0.24448337,0.00000000,0.01250943,0.00000000,0.00000000,0.02340963,0.00555300,0.01435440,0.00000000,0.00000000,0.00000000,0.00000000,0.00000000,0.00708966,0.02961504,0.05736278,0.00000000,0.00068840,0.14340134,0.00000000,0.01510671,0.08243846,0.02388173,0.00199940,0.01377429,0.05583394,0.00000000,0.00206403,0.00000000,0.00000000,0.03102174,0.09974039,0.00000000,0.02293109,0.01560151,0.05770591,0.04865289,0.00257495,0.06277770,0.00000000,0.05506952,0.03002834,0.00282927,0.06883632,0.04460505,0.00232912,0.08173527,0.00292807,0.01833714,0.04210545,0.02641488,0.00061923,0.22381274,0.15773800,0.00000000,0.00481747,0.00252977,0.08215923,0.00063415,0.03016103,0.21931392,0.00000000,0.24122226,0.04156458,0.00000000,0.00000000,0.01305268,0.00487909,0.01031104,0.01814760,0.00000000,0.00000000,0.00241038,0.00000000,0.02151050,0.08550641,0.39851630,0.01009763,0.02912739,0.03927231,0.00393717,0.10677905,0.00196692,0.12251868,0.05161011,0.00000000,0.00055263,0.00181144,0.00000000,0.00829685,0.03879999,0.01559639,0.00041996,0.00000000,0.00000000,0.00000000,0.12994760,0.00826335,0.05520806,0.00000000,0.00268975,0.00000000,0.09630560,0.17090091,0.00131675,0.01805508,0.00427119,0.00073136,0.17349419,0.21712571,0.11565588,0.18229979,0.00000000,0.01446084,0.07944658,0.04390356,0.02613097,0.00135202,0.04925485,0.12733461,0.06271811,0.01224699,0.00000000,0.00770741,0.01358225,0.04717594,0.00739324,0.00623452,0.03940423,0.00792264,0.01837084,0.02919796,0.03783794,0.00000000,0.00759160,0.01948467,0.02387171,0.00000000,0.10359783,0.00000000,0.01715186,0.00000000,0.00000000,0.00617861,0.04589318,0.07629826,0.00781075,0.00000000,0.08799575,0.00000000,0.11337623,0.28502533,0.45243746,0.09603016,0.02923707,0.01969597,0.03827218,0.02157224,0.01121160,0.03872395,0.00000000,0.23831023,0.00000000,0.00331711,0.00649531,0.29722491,0.02255615,0.67197698,0.00000000,0.00688051,0.05704721,0.00134892,0.02334480,0.01446098,0.04047859,0.00192080,0.34685695,0.22488089,0.00000000,0.01410333,0.06098043,0.00000000,0.00276077,0.00000000,0.00034470,0.00218897,0.02486236,0.03572515,0.01413379,0.02439705,0.00000000,0.44550943,0.00000000,0.00000000,0.00523021,0.00000000,0.18461768,0.00000000,0.02840883,0.02202412,0.00508058,0.05603295,0.00274000,0.03825875,0.03815930,0.00000000,0.00893300,0.00801514,0.06709237,0.01086800,0.03575996,0.12715866,0.04130244,0.05467050,0.01422711,0.00530465,0.01614612,0.04168858,0.12659650,0.00000000,0.01418437,0.03287418,0.02843293,0.07161289,0.10029902,0.02409716,0.00700143,0.07336284,0.00000000,0.00551160,0.00000000,0.00000000,0.03397124,0.00000000,0.01012405,0.00000000,0.02622855,0.05794273,0.03962327,0.04355196,0.02777730,0.00999883,0.01407558,0.07756706,0.42015383,0.00108568,0.25154418,0.02421898,0.04907365,0.01962642,0.00659009,0.00000000,0.00000000,0.00000000,0.00650923,0.01297416,0.01360846,0.05521768,0.07823099,0.00947181,0.00184689,0.02694552,0.00000000,0.01495613,0.04825884,0.03194982,0.01159937,0.00000000,0.02726230,0.00000000,0.00649872,0.00500244,0.13905606,0.16119741,0.00128866,0.00000000,0.11560602,0.01806816,0.01436997,0.00000000,0.00000000,0.32549605,0.07642468,0.30747777,0.06217242,0.31195143,0.00000000,0.01848275,0.02623730,0.01161335,0.00000000,0.00220205,0.00093632,0.03329792,0.00000000,0.09281756,0.03010974,0.02096513,0.00000000,0.03029899,0.03756441,0.00000000,0.15633790,0.00000000,0.04141803,0.00229546,0.11456190,0.00503630,0.00506726,0.08179481,0.01354184,0.03788541,0.07883956,0.01121916,0.02813097,0.09772128,0.06292538,0.00000000,0.01843725,0.11388433,0.00748848,0.00000000,0.04351215,0.02373288,0.01451131,0.00730109,0.00000000,0.01036260,0.00189124,0.00200109,0.01375459,0.00743410,0.01355929,0.02847672,0.00563011,0.00604468,0.00159009,0.01080980,0.00380941,0.02217477,0.09029237,0.00000000,0.01019889,0.21448122,0.00179004,0.17706555,0.00689753,0.00406940,0.11680840,0.04657261,0.04626225,0.04248380,0.00000000,0.06717072,0.11159603,0.00000000,0.01135482,0.12547252,0.00006647,0.00110711,0.01907355,0.00667343,0.03311134,0.02942438,0.00000000,0.02817197,0.00324521,0.01794784,0.06187600,0.01118976,0.02481122,0.06986205,0.01374746,0.00561042,0.00315279,0.02659057,0.00633420,0.01796775,0.04713843,0.39273694,0.01591116,0.03146926,0.02006389,0.08135600,0.00000000,0.00000000,0.00011447,0.01985538,0.00000000,0.00249849,0.00000000,0.00000000,0.00510673,0.02770933,0.04408778,0.01401098,0.21772002,0.00000000,0.01745979,0.03442772,0.35470366,0.11105886,0.00000000,0.02237603,0.04130915,0.00530734,0.09461913,0.00000000,0.03702335,0.00000000,0.00894596,0.02351325,0.00000000,0.01007849,0.01367015,0.00488426,0.01766898,0.00555059,0.01757764,0.01543606,0.01262616,0.00365220,0.08108547,0.09434700,0.01165478,0.02422768,0.00000000,0.02785162,0.01487255,0.02526023,0.00895283,0.01480302,0.00246614,0.00566360,0.01969168,0.23791160,0.08451639,0.35716823,0.01021043,0.00000000,0.00000000,0.00000000,0.03065037,0.01947328,0.00195171,0.01335086,0.10675517,0.03226852,0.08528924,0.00036531,0.02474667,0.01181879,0.17910650,0.02669194,0.05711829,0.00000000,0.01130530,0.04355231,0.00363056,0.05833982,0.03721339,0.05217459,0.07977181,0.00111433,0.00000000,0.12956133,0.00000000,0.02719862,0.00173541,0.06923169,0.00000000,0.09720338,0.00000000,0.00674606,0.01562057,0.01233554,0.00000000,0.01058500,0.03062810,0.01571370,0.05209240,0.22781520,0.03173839,0.00292308,0.00155088,0.01369949,0.04018890,0.01639585,0.14556020,0.00000000,0.03534361,0.01154340,0.00850482,0.11595872,0.00000000,0.00665962,0.01273084,0.00542114,0.00559356,0.00000000,0.11369151,0.00000000,0.13536319,0.00000000,0.00000000,0.00000000,0.00869584,0.01960165,0.00828788,0.04752355,0.00379071,0.00000000,0.00954872,0.17563155,0.00164375,0.00000000,0.00000000,0.00000000,0.00612968,0.16915381,0.00870223,0.02907080,0.06791290,0.00257957,0.08453094,0.04034987,0.00398912,0.00341374,0.00000000,0.06839726,0.00000000,0.01375812,0.00575501,0.00243162,0.16126974,0.04542007,0.01958782,0.01352379,0.21030189,0.00470424,0.10810124,0.07121865,0.22449705,0.00000000,0.14707427,0.01537633,0.05299185,0.02428255,0.00329268
6073,data/pair/6073/RHEED/AlSb 5 min.MOV,manifest_specified_rheed_path,21.360000,641,8,0.92051756,0.00858141,0.14498174,0.00184484,0.02340005,0.00251458,0.00617390,0.00353153,0.03037145,0.00310850,0.06548595,0.13984227,0.00145598,0.00000000,0.00623016,0.34316096,0.08461396,0.00002610,0.06012434,0.11435311,0.00004603,0.00099057,1.52131128,0.02926727,0.02892217,0.19994111,0.00000000,0.26064149,0.00000000,0.02822960,0.00102107,0.03638509,0.14148566,3.25089955,0.00000000,0.03768595,0.00000000,0.00000000,0.01693615,0.01936487,0.00000000,0.00211090,0.00103165,0.00000000,0.09356550,0.00000000,0.00000000,0.01673980,0.05526775,0.32515427,0.00000000,0.05430579,2.10584879,0.00348221,0.00218198,0.36342055,0.00000000,0.00466158,0.00000000,0.01814961,0.25668666,0.05358870,0.13328788,0.02385822,0.03407819,0.00000000,0.00000000,0.00000000,0.47608730,0.00138189,0.02369113,0.00396661,0.00156227,0.02395459,0.01302739,0.05799450,0.00101577,0.00000000,0.00000000,0.00047511,0.17882402,0.00330173,0.52321863,0.01169451,0.00077933,0.75038040,0.00000000,1.72599423,0.00000000,0.01428721,0.16126540,0.00035427,0.01008543,0.00000000,0.00000000,0.00000000,0.15605849,0.00572717,1.05495965,0.00000000,0.00705127,0.07215685,0.16461281,0.00014254,0.00000000,0.07581528,0.00000000,0.64532727,0.00000000,0.00000000,0.00000000,0.15836069,0.12612794,0.00000000,0.00000000,0.04579935,0.00019236,0.00781274,0.02502156,0.66049826,0.26559895,0.25765288,0.06267207,0.00000000,0.00253655,0.00337627,0.00097947,0.01042236,0.00918543,0.00000000,0.00000000,0.88455087,0.00000000,0.00000000,0.01570310,0.01146113,0.00232186,0.02617307,0.35873902,0.00000000,0.00411153,0.00551635,0.00000000,0.01553411,0.01736545,0.22564717,0.14927527,0.00220056,0.07581433,0.00000000,0.02293444,0.19586346,0.00205387,0.17637566,0.00611410,0.00408618,0.00470112,0.00000000,0.00000000,0.11614685,0.01598468,0.01446369,0.21978512,2.47209358,0.01294642,0.68469435,0.00000000,0.00000000,0.14961989,0.04941970,0.00092712,0.67941564,0.52467823,0.06092092,0.01143594,0.00000000,0.00000000,0.00000000,0.01774491,0.00158871,0.00188113,0.41448647,0.00595905,0.10400032,0.21076003,0.01120406,0.00080080,0.09658761,0.00000000,0.01358079,0.56761318,0.56367594,0.02072538,0.00111504,0.00610289,0.04231126,0.00597071,0.17512134,0.00000000,0.06194469,0.00475357,0.05495570,0.47845107,0.00000000,0.09823065,0.01271466,0.04271822,0.00000000,0.02560700,0.00000000,0.00017059,0.09233984,0.00052743,0.00088736,0.02856785,0.00000000,0.00000000,0.10027380,0.06193619,0.01232699,0.00784415,0.00356811,0.89005005,0.11214230,0.01049896,0.04411309,0.01932814,0.05252039,0.00000000,0.02163758,0.24824947,0.09459943,0.00074680,0.00000000,0.00000000,0.00001036,0.17698106,0.38333893,0.01692397,0.00000000,0.40548131,0.00000000,0.13486369,0.05152918,0.09086685,0.04289473,0.00454350,0.00027066,0.00848178,0.03128916,0.00316904,0.00009756,0.04908107,0.03365691,0.00298838,0.00342504,0.00000000,0.00000000,0.00000000,0.22856724,0.00026134,0.00048225,0.06863829,0.00811811,0.00116343,0.31316429,0.03604648,0.37330887,0.00000000,0.00116570,0.06556982,0.11872334,0.00427937,0.07111584,0.48047408,0.06882103,0.00122723,0.00328933,0.01335350,0.00000000,0.00000000,0.00782651,0.01522321,0.20789674,0.00213798,0.06436676,0.12859929,1.57412302,0.00000000,0.02729081,0.00019845,0.01046306,0.00000000,0.00000000,0.26204512,0.00149194,0.03364972,0.01948901,0.00000000,0.00370455,0.00000000,0.00000000,0.05836556,0.01979909,0.00029680,0.01450959,0.01788869,0.00000000,0.00451516,0.00000000,0.00000000,0.10012022,0.03439924,0.00495827,0.09885955,0.01157237,0.00000000,0.05355428,0.00002170,0.00058986,0.00063167,0.26156458,0.75192690,0.00063096,0.05717192,0.30541652,0.28367823,0.03955208,0.00000000,0.08193277,0.04695642,0.00000000,0.00390535,0.00000000,0.00000000,0.00000000,0.22732922,0.02593228,0.17657058,0.09633352,0.10074694,0.00825996,0.11248395,0.01132044,0.08114399,0.00000000,0.00101453,0.00000000,0.44282457,0.00512760,0.00000000,0.30501974,0.02244336,0.00000000,0.41661292,0.17340265,0.00000000,0.01392956,0.00802265,0.00000000,0.00000000,0.32484931,0.00224289,0.08114365,0.00000000,0.28485617,0.00995001,0.00159568,0.00256484,0.04092243,0.00000000,0.00000000,0.00000000,0.01781735,0.06898665,0.00136689,0.00464717,0.10135489,0.00159021,0.00011796,0.41529188,0.00165757,0.44345853,0.03524715,0.00000000,0.02351808,0.02254033,0.02353795,0.26756230,0.12324877,0.07484123,0.01069690,0.11031413,0.78449506,0.00000000,0.00000000,0.00000000,0.78825557,0.22471677,0.31818205,0.03134308,0.00000000,0.00524303,0.04135176,0.00000000,0.00108487,0.26236853,0.00535006,0.00000000,0.23355150,0.00000000,0.12606794,0.11343245,0.48560819,0.47229284,0.06278769,0.03041795,0.00331378,0.01290530,0.00014862,0.00231835,0.00000000,0.24344227,0.00000000,0.03811225,0.12869902,0.00994772,0.01471582,0.99274027,0.03002650,0.00000000,0.06163613,0.16713540,0.00012641,0.13055418,0.08817472,0.05036568,0.03939305,0.00000000,0.06076419,0.00000000,0.11040501,0.00000000,0.04564510,0.01226857,0.00028060,0.02243271,0.04866846,0.12386900,0.00000000,0.02461992,0.00000000,0.00112251,0.00000000,0.01350601,0.04970931,0.01115443,0.03329116,0.01199205,0.00426038,0.07359660,0.01301146,0.00098456,0.04262160,0.03011317,0.00000000,0.10693440,0.06231610,0.07569330,0.00000000,0.01119595,0.00834612,0.00121619,0.00063992,0.16637635,0.00000000,0.00279221,0.00250649,0.00001829,0.09220517,0.04505184,0.00000000,1.03760743,0.00412004,0.00000000,0.01948728,0.00000000,0.11318388,0.00000000,0.00000000,0.07217017,0.31496295,0.00000000,0.05128628,0.00000000,0.05006427,0.56569362,0.25734463,0.00551613,0.06870554,0.00000000,0.00177898,0.11918963,0.02557709,0.00000000,0.00233769,0.74289954,0.01728523,0.00744370,0.29664952,0.25506330,0.09983291,0.00261811,0.15762259,0.00530524,0.00000000,0.12425834,0.00023459,0.00000000,0.12511170,0.00000000,0.06520539,0.00065480,0.01245517,0.00000000,0.00566652,0.10061433,0.00844023,0.00000000,0.42225775,0.13347684,0.00337614,0.00000000,0.01200445,0.00000000,0.02554706,0.00146727,0.34405220,0.01335750,0.03277585,0.08071287,0.00000000,0.00053110,0.04178582,0.38017714,0.05648207,0.00275371,0.00046252,0.00429391,0.00275650,0.00810085,0.00000000,0.00078633,0.08188496,0.01697768,0.04482109,0.01415959,0.14558288,0.00000000,0.00000000,0.00132117,0.06369036,0.02375415,0.00112613,0.02401019,0.73275810,0.28745186,0.02045758,0.01185360,0.00000000,0.00878001,0.00000000,0.06798173,0.00000000,0.09068431,0.00000000,0.00000000,0.00246364,0.00000000,0.32151753,0.11090130,0.00000000,0.02731614,0.00207268,0.00557922,0.00754236,0.28591269,0.03400841,0.00000000,0.00380257,0.07214686,0.01820753,0.05153612,0.00000000,0.14677469,0.04266668,0.03569658,0.00142594,0.00941177,0.00725549,0.00000000,0.00235350,0.00084410,0.00000000,0.00000000,0.00000000,0.20313674,1.11222970,0.00000000,0.00144030,0.00661007,0.00000000,0.01712654,0.03007986,0.05779866,0.09753115,0.00000000,0.16446395,0.00000000,0.00627774,0.00000000,0.09236936,0.00000000,0.01445319,0.00004093,0.05165352,0.00299321,0.48616678,0.01812394,0.00373093,0.00000000,0.23572360,0.03306061,0.03117009,0.00624096,0.00000000,0.99530345,0.45292461,0.00356531,0.00035907,0.00146646,0.05888454,0.06779176,0.00000000,0.00000000,0.01047224,0.01323625,0.00000000,0.07949186,0.32900730,0.19396898,0.00584914,0.00156953,0.18301459,0.00014970,0.62763727,0.33451107,0.00251075,0.43551996,0.00000000,0.00000000,0.09570713,0.01743448,0.05496033,0.00000000,0.00144303,0.00105283,0.00156179,0.00000000,0.00151619,0.05092400,1.56711864,0.07422350,0.01465579,0.01281377,0.01362081,0.14441486,0.03790625,0.00000000,0.00216523,0.01518126,0.02885475,0.00030671,0.00000000,0.23933752,0.15060818,0.00510419,0.26930076,0.01174861,0.00076627,0.24158436,0.01232680,0.00000000,0.00309174,0.11401771,0.02253873,0.00125123,0.00616244,0.01392297,0.00878706,0.00000000,0.03197159,0.00248784,0.00508533,0.00000000,0.08700237,0.00000000,0.00291558,1.44957530,0.00000000,0.00000000,0.00000000,0.00000000,0.20443010,0.00000000,0.01058574,0.00137838,0.00024909,0.00000000,0.24554853,0.02484067,0.00257128,0.00074606,0.06086402,0.00138718,0.16837478,0.20731686,0.00274169,0.00088534,0.00545740,0.00000000,0.05614677,0.36696285,0.00000000,0.00000000,0.00000000,0.03502897,0.12207767,0.00000000,0.16171046,0.10614592,0.00021915,0.00019204,0.23701309,0.03614912,0.06133448,0.00000000,0.02395959,0.78613716,0.09624175,0.00497451,0.00836919,0.00099458,1.22182667,0.00000000,0.00000000,0.00000000,0.00000000,0.00148336,0.00000000,0.08329951,0.00019976,4.75421906,0.05776703,0.00008784,0.00509903,0.00827259,0.00050409,0.02967454,0.06854322,0.01896466,0.07020725,0.46000206,0.15051970,0.06194641,0.00128243,0.00000000,0.00000000,0.01960500,0.00000000,0.11016806,0.01906168,0.00006860,0.11776063,0.15311207,0.00341830,0.25404233,0.16097534,0.02074875,0.40550894,0.00091594,0.60076541,0.00000000,0.40589887,0.00045974,0.24278201,0.56573987,0.00003629,0.71200937,0.01405561,0.00592571,0.00352026,0.04332266,0.00000000,0.00000000,0.05612300,0.29818428,0.00521972,0.01551504,0.00000000,0.13391872,0.08229259,0.00756149,0.00001926,0.00000000,0.03830059,0.03956781,0.00031634,0.00339446,2.79490495,0.00611650,2.10748863,0.00000000,0.04028390,0.01093729,0.00000000,0.00000000,0.00657444,0.13751985,0.07190739,0.00123805,0.00381706,0.06979677,0.00000000,0.47584331,0.13156995,0.01542757,0.96108586,0.06198125,0.02255100,0.01488320,0.56715637,0.00000000,0.11890628,0.00000000,0.01133470,0.00945361,0.00000000,0.00470181,0.03935603,0.33840799,0.13556814,0.20381275,0.00281437,0.02640942,0.00819750,0.02360874,0.05294035,0.00000000,0.04308673,0.00000000,0.03773818,0.00000000,0.00052228,0.27619132,0.00146089,0.01287360,0.00464425,1.30990684,0.00000000,0.00243112,0.71480012,0.00366232,0.00000000,0.00000000,0.37711263,0.00322049,0.00610358,0.68009967,0.00000000,0.01986840,0.00324419,0.06063209,0.02110856,0.02040467,0.44517380,0.03655215,0.00030040,0.00000000,0.00171828,0.00502752,0.00000000,0.02362468,0.06156144,1.37645507,0.00000000,0.00562768,0.83239901,0.00706930,0.00000000,0.00128518,0.27014315,1.34040022,0.01755182,0.00000000,0.05430162,0.00406265,0.00000000,0.00226112,0.02963999,0.16457585,0.18030143,0.00000000,0.00000000,0.00379727,0.00000000,0.02686900,0.00000000,0.00819858,0.08530613,0.02180955,0.12951764,0.03492641,0.06079980,0.00000000,0.33476833,0.03807023,0.42265466,0.01642334,0.08258700,0.01588378,0.00432493,0.00000000,0.00111496,0.00000000,0.00044686,0.00864584,0.00366906,0.02975513,0.00028167,0.05039890,0.00000000,0.00038264,0.01245150,0.00000000,0.00000000,0.01368111,1.17150640,0.00853940,0.77985543,0.04059381,0.01396788,0.18401848,0.00414976,0.19723186,0.04472883,0.43709081,0.52657616,0.54046941,0.00000000,0.01623280,0.00000000,0.62997305,0.00160361,0.38317311,0.08507254,0.00000000,0.05867486,0.01560971,0.00000000,0.00000000,0.01802240,0.00263439,0.00000000,0.18794252,0.00028304,0.00012054,0.10110649,0.65547919,0.00326834,0.42235881,0.00190572,0.01411365,0.09887595,0.00000000,0.00000000,0.00000000,0.00000000,0.00000000,0.01008351,0.00000000,0.05720935,0.00000000,0.06820548,0.00029522,0.14858131,0.00487551,0.05693580,0.00000000,0.00403344,0.24121685,0.00542430,0.00067724,0.00464674,0.03700246,1.21360576,0.12900327,0.00000000,0.00120940,0.02586892,0.56023633,0.01190596,0.00054067,0.00235416,0.35441774,0.06523035,0.00000000,0.00000000,0.01394770,0.08572394,0.02287503,0.01990870,0.06023744,0.25414425,0.08860996,0.05939149,0.02435880,0.03042956,0.00092838,2.12053275,0.01324150,0.03573190,0.00000000,0.09719485,0.35088545,0.00912123,0.02069588,0.02502077,0.00235275,0.03004410,0.21719953,0.00179522,0.00449636,0.00000000,0.00000000,0.07148468,0.26795295,0.00393068,0.31242967,0.83093786,0.01682747,0.00464203,0.01385661,0.00072797,0.00122829,0.03082665,0.00000000,0.05191983,0.00000000,0.00080485,0.01942870,0.02724664,0.00000000,0.19152662,0.09411325,0.00000000,0.00167303,0.00000000,0.00000000,0.04808253,0.06549346,0.06727163,0.00110269,0.75149035,0.00000000,0.02947603,0.00000000,0.00944894,0.00000000,0.03865900,0.28057590,0.04092917,0.02011754,0.02006676,0.02089487,0.00448917,0.04102766,0.00000000,0.11634376,1.23931050,0.22071755,0.11217265,0.00000000,0.32065988,0.07361615,0.04829415,0.00265230,0.04470203,0.00096986,0.00000000,0.00815444,0.00000000,0.02775222,0.00288583,0.00000000,0.03020611,0.00000000,0.05404001,1.03149009,0.00748260,0.01136119,0.23080954,0.00000000,0.00231617,0.00124428,1.20706439,0.00000000,0.02581499,0.00107425,0.00583080,0.00000000,0.05608119,0.33590564,0.00000000,0.00933271,0.00000000,0.33831406,0.00000000,0.15154465,0.06671235,0.02467721,0.00000000,0.01179806,0.03602934,0.49326187,0.00427559,0.00000000,0.14626682,0.00218803,0.19899297,0.07465084,0.13255578,0.00993771,0.04674503,0.76409125,0.09703291,0.56607515,0.00117725,0.03316171,0.00127049,0.04505467,0.48201391,0.00661584,0.44569758,0.00000000,0.00000508,0.00291315,0.02637058,0.02056086,0.00506773,0.00000000,0.00891679,0.00000000,0.01813904,0.00000000,0.00000000,0.00024952,0.01137995,0.00185267,0.64658725,0.00247836,0.00647364,0.09292429,0.00508219,0.06370586,0.00000000,0.00035061,0.30057737,0.00039496,0.00171916,0.00749907,0.00000000,0.12663057,0.00000000,0.00000000,0.56891191,0.00005083,0.17078148,0.00484540,1.10683048,0.99282295,0.00000000,0.01240343,0.01408469,0.13499345,0.57476121,0.01917483,0.00000000,0.00000000,0.00001957,0.02178264,0.03278678,1.10485625,0.33603364,0.00537697,0.00019380,0.00000911,0.00000000,0.33463362,0.08525591,0.17815150,0.00000000,0.00000000,0.05251518,0.00310136,0.82632011,0.03486890,0.00356813,0.00000000,0.00000000,0.23736988,0.12648901,0.05808622,0.05203300,0.00508734,1.59745789,0.00000000,0.00000000,0.03776090,0.78270406,0.01164342,0.03771564,0.08429164,0.00338798,0.00000000,0.92451048,0.12881210,0.00000000,0.01191890,0.00000000,0.01339192,0.03519884,0.44562057,0.00000000,0.33075768,0.01233618,0.01028052,0.00022386,0.00079384,0.00375423,0.04509523,0.00535654,0.00000000,0.00168945,0.00000000,0.10282342,0.13885747,0.00577087,0.00194807,0.07088227,0.08262679,0.00387559,0.14118138,0.00056731,0.00000000,0.38865840,0.02234912,0.13375083,0.05160189,0.12469098,0.04567255,0.08240741,0.00000000,0.00000000,0.01768053,0.01301785,1.94269085,0.27975589,0.00412595,0.01884054,1.87649941,0.00000000,0.00000000,0.00723765,0.26526842,0.09865337,0.37670383,0.00138936,0.10362314,0.00000000,0.02898543,0.00000000,0.02109431,0.73141938,0.00000000,0.00000000,0.01523636,0.17437696,0.00529914,0.84533679,0.00000000,0.00655846,0.00810293,0.12955919,0.00769412,1.67786837,0.34174880,0.04371793,0.00563771,0.00051665,0.00778002,0.08147304,0.00000000,0.03477825,0.00171624,0.02823015,0.10570447,0.32593730,0.00395998,0.00649653,0.11181772,0.02041856,0.00268834,0.11807759,0.00000000,0.21733451,0.01159913,0.00839751,0.40087056,0.21068992,0.07054804,0.00000000,0.00000000,0.07000393,2.41488218,0.02002865,0.00060161,0.01630774,0.06570787,0.00006864,0.00407386,0.17408210,0.00635616,0.00310845,0.00055425,0.03927922,0.21189052,0.00000000,0.00037493,0.00000000,0.01821291,0.00129649,0.02741157,1.07625186,0.00000000,0.00864079,0.18701030,0.50786948,0.00000000,0.01525311,0.00015018,0.00018446,0.00000000,0.01848161,0.27950445,0.03105734,0.00000000,0.05036104,0.09690013,0.06641791,0.24662182,0.46068838,0.01123805,0.00006715,0.17119507,0.05200839,0.00437902,0.00034919,0.39484006,0.42652056,0.00070785,0.08850202,0.00000000,0.00161993,0.00298421,0.01040578,0.07969840,0.10114300,0.00568469,0.00325637,0.00000000,0.11626925,0.00960191,0.22499324,0.00684822,0.00000000,0.03707854,0.38956076,0.00000000,0.00000000,0.00000000,0.05948160,0.09268000,0.00082049,0.00000000,0.18889971,0.00000000,0.29809028,0.00193683,0.00383680,0.00145111,0.00148469,0.00634454,0.05313715,0.09193347,0.03014044,0.00773540,0.05025904,0.00425095,0.00000000,0.07569639,0.00182221,0.00000000,0.00000000,0.20401810,0.00000000,0.00000000,0.02247049,0.00000000,0.03326994,0.64087045,0.33466789,0.02825679,0.00000000,0.08139326,0.05697821,1.97602987,0.00257793,0.00249833,0.01637235,0.03410046,0.00000000,0.88713163,0.22340588,0.00000000,0.02225422,0.66769505,0.03179797,0.00000000,0.00385236,0.00000000,0.00134949,0.22051519,0.02322561,0.00213731,0.00496168,0.00000000,0.00000000,0.00000000,0.00066765,0.15104865,0.42382023,0.00000000,0.00058414,0.14232385,0.00185600,0.39465988,0.26990095,0.00930744,0.05892470,0.00000000,0.00000000,0.00467026,0.05790305,0.01133930,0.00001363,0.00000000,0.05784588,0.05282123,0.00000000,0.00000000,0.09681485,0.54935181,0.04200835,0.00077962,0.00094263,0.23668329,0.09201125,0.00026719,0.00000000,0.03181861,0.00607065,0.00478447,0.02809194,0.75170237,0.01900655,0.00669240,0.46032599,0.00000000,0.02609408,0.00020837,0.04272015,0.00000000,0.00980724,0.00000000,0.14795616,0.00091178,0.00102219,0.00000000,0.00068754,0.00036681,0.02592861,0.00000000,0.04530588,0.00229815,0.00000000,0.00127372,0.56512684,0.00000000,0.00618894,1.03148568,0.00375334,0.00058450,0.15195702,0.00474210,0.00000000,0.00000000,0.00000000,0.00000000,0.03397547,0.28879029,0.01947383,0.00556389,0.01891593,0.00099487,0.00119103,0.00649075,0.00223561,0.00000000,0.02606155,0.04259365,0.00000000,0.11774712,0.05296317,0.01215757,0.20563173,0.00653173,0.11138405,0.08483265,0.13296250,0.00026735,0.41539410,0.06451526,0.00000000,0.00477404,0.00000000,0.37578535,0.00000000,0.09961225,0.57159275,0.00002081,0.58564079,0.04164748,0.00000000,0.00000000,0.00028766,0.00114789,0.00000000,0.00176691,0.00000000,0.00004628,0.02512060,0.00000000,0.01207581,0.20771259,0.92437184,0.02907883,0.00000000,0.00000000,0.00814318,0.13949694,0.00000000,0.10015190,0.17271928,0.00266849,0.00546410,0.00718471,0.01161318,0.00000000,0.24960530,0.00040876,0.00000000,0.00000000,0.00000000,0.00109466,0.16900046,0.01005325,0.00561194,0.00000000,0.01264242,0.00014053,0.35157451,0.00430432,0.00000000,0.00523404,0.02992457,0.01054160,0.00468884,0.22305311,0.38395834,0.21508041,0.00000000,0.01580251,0.08569955,0.21405216,0.00340833,0.00000000,0.00000000,0.06393908,0.08725126,0.06867155,0.01103289,0.02093793,0.00000000,0.04718916,0.00194494,0.00256089,0.00249008,0.03368457,0.02226389,0.01899958,0.00000000,0.05249055,0.09473310,0.00000000,0.00000000,0.00000000,0.28162259,0.00000000,0.00000000,0.00000000,0.01010840,0.03501772,0.02421414,0.11212348,0.04785978,0.00000000,0.57029939,0.00575683,0.13769546,0.48245096,1.10985994,0.02271949,0.02002168,0.07048609,0.14568579,0.00354203,0.00000000,0.00220739,0.00000000,0.59095955,0.00000000,0.00000000,0.07515142,0.93361628,0.00420659,1.57319224,0.00000000,0.01199862,0.06054788,0.00119067,0.00000000,0.00000000,0.05973287,0.00294127,0.93854022,0.27000189,0.00000000,0.00000000,0.02005347,0.00000000,0.00000000,0.00000000,0.00054039,0.00084648,0.07094538,0.00875904,0.00000000,0.27800909,0.00000000,0.72056246,0.00000000,0.00000000,0.02448571,0.00000000,0.28241915,0.00103531,0.04676385,0.06040534,0.00014868,0.33314410,0.00000000,0.01757580,0.03704385,0.00886156,0.00539565,0.03688483,0.00033943,0.00644650,0.10924599,0.76644886,0.01732072,0.09741882,0.03718144,0.00154408,0.00000000,0.00388115,0.00492552,0.00020306,0.00006658,0.00000000,0.00000000,0.19887961,0.05684169,0.01067554,0.00134261,0.53130591,0.00000000,0.00000000,0.00016480,0.00000000,0.05336022,0.01872709,0.01499409,0.03285185,0.04810765,0.23496337,0.03110272,0.09851849,0.07136551,0.00246148,0.01738992,0.00974083,0.43776280,0.01107284,1.13723004,0.17373528,0.20195335,0.01570328,0.01926667,0.00000000,0.00833191,0.00026569,0.01148961,0.00384514,0.05820750,0.01794370,0.05032508,0.00119058,0.00000000,0.00130816,0.00000000,0.17689356,0.05526024,0.00392223,0.05979022,0.00321034,0.08033335,0.00000000,0.00652457,0.02112944,0.75160551,0.21967953,0.00000000,0.00000000,0.53363425,0.00000000,0.01559265,0.00000000,0.04156163,1.06176627,0.40693402,0.18164711,0.04246948,0.55060524,0.00000000,0.00150394,0.00000000,0.00000000,0.00000000,0.00021128,0.00014433,0.13387023,0.00294949,0.03250400,0.01881007,0.03908427,0.00089842,0.00000000,0.01318812,0.00000000,0.41711506,0.00000000,0.06659535,0.00795747,0.01247608,0.03897381,0.00520117,0.15908146,0.00894699,0.00170154,0.16530567,0.05757180,0.01272421,0.10277034,0.05626058,0.01805317,0.03444705,0.24235931,0.00000000,0.01613886,0.00000000,0.02782267,0.03357234,0.00217262,0.00000000,0.00000000,0.02758001,0.02159071,0.08842871,0.16825683,0.00245641,0.01058976,0.00000000,0.03549068,0.00296938,0.04141917,0.01686748,0.00346161,0.25435933,0.00129897,0.00242956,1.28741419,0.00210076,2.00132942,0.00000000,0.00000000,0.37223357,0.02870153,0.01920363,0.33629283,0.01467263,0.00877866,0.21881090,0.00000000,0.00187847,0.33138865,0.00437707,0.00074036,0.00041934,0.00634058,0.01584873,0.01038309,0.26188466,0.10399912,0.00000000,0.00000000,0.00697558,0.13607253,0.04276047,0.04329933,0.03978050,0.00433224,0.00072076,0.02912464,0.00000000,0.15008271,0.35277078,0.24157488,0.00432002,0.14293447,0.00000000,0.28130391,0.00085852,0.00000000,0.00000000,0.00457447,0.00268359,0.00848356,0.00000000,0.00000000,0.04039185,0.00000000,0.05313017,0.01178763,0.95926058,0.00000000,0.00172844,0.02619328,0.29389209,0.12753499,0.00000000,0.00121722,0.01620262,0.00000000,0.13970876,0.00000000,0.00099828,0.00000000,0.00000000,0.07319201,0.00000000,0.04474566,0.08921017,0.00000000,0.24561350,0.00108488,0.19775358,0.02645068,0.03903211,0.00612570,0.44736522,0.14524035,0.05288249,0.00243904,0.02834904,0.00000000,0.05439238,0.00000000,0.00292884,0.03978702,0.01706902,0.14274734,0.00708935,1.17776775,0.09137513,0.60305643,0.01359851,0.00008273,0.00584572,0.00000000,0.00000000,0.04612304,0.01194383,0.00000000,0.15740922,0.21689448,0.26390529,0.00024410,0.02119331,0.00011924,1.08799970,0.02361198,0.12447276,0.01835250,0.05742743,0.26989534,0.00636125,0.04006413,0.01403017,0.09500985,0.03211506,0.03706122,0.00021178,0.20127530,0.00041435,0.12525433,0.02119840,0.06416100,0.00000000,0.74570882,0.00000000,0.00000000,0.01630144,0.04325991,0.00232929,0.11998682,0.00000000,0.04919675,0.13781950,0.85369211,0.05255145,0.00205212,0.00000000,0.02973525,0.00439214,0.05428017,0.14761049,0.00000000,0.01837398,0.03418798,0.00000000,0.46710062,0.00000000,0.00468865,0.10364895,0.00000000,0.00094772,0.00114366,0.00310668,0.00021999,0.13601252,0.00000000,0.00000000,0.00000000,0.05682891,0.01282860,0.02212186,0.04179977,0.01775759,0.00000000,0.00551758,1.00161195,0.00000000,0.00261353,0.00458584,0.00000000,0.00000000,0.38515356,0.01286695,0.02484895,0.01371042,0.00157749,0.21048614,0.00441078,0.00044553,0.00000000,0.00000000,0.00000000,0.00000000,0.00096466,0.07926702,0.00288029,0.42014727,0.04468451,0.00000000,0.00000000,0.62985533,0.00000000,0.38910896,0.09670450,0.09788692,0.00000000,0.25252959,0.00000000,0.20874178,0.00219043,0.00287418,0.24497035,0.01572152,0.05778318,0.00260507,0.02209058,0.00665294,0.00658763,0.00448090,0.02743644,0.00742100,0.04888887,0.04905770,0.00385215,0.00000000,0.00785248,0.09664147,0.04385210,0.00006907,0.09084982,0.04674322,0.00012178,0.00262081,0.18877149,0.01226333,0.03265099,0.10726797,0.00000000,0.06412060,0.00000000,0.02248410,0.00270148,0.01585342,0.04131596,0.30319327,0.00000000,0.02172611,0.00000000,0.00000000,0.03743061,0.01537691,0.00000000,0.00391876,0.00191143,0.00000000,0.05445076,0.00000000,0.00000000,0.01841649,0.07174521,0.14811356,0.00000000,0.05292520,0.21945800,0.00404878,0.00577298,0.12506118,0.00000000,0.01186415,0.00000000,0.01476385,0.06286498,0.11785213,0.04988160,0.01056462,0.02590373,0.00000000,0.00000000,0.00000000,0.10476565,0.00273434,0.01950318,0.01049465,0.00270678,0.01582289,0.01367655,0.04260383,0.00268746,0.00000000,0.00000000,0.00112206,0.07965526,0.00521396,0.18520346,0.01383764,0.00127472,0.27671298,0.00000000,0.21448448,0.00000000,0.01042087,0.08668052,0.00093730,0.00800456,0.00000000,0.00000000,0.00000000,0.05621733,0.00813713,0.32437095,0.00000000,0.00660634,0.03445970,0.06521767,0.00037712,0.00000000,0.06520064,0.00000000,0.13856128,0.00000000,0.00000000,0.00000000,0.07096294,0.05212956,0.00000000,0.00000000,0.03813352,0.00050895,0.00930988,0.02210839,0.15159130,0.11136878,0.08801509,0.04179461,0.00000000,0.00370234,0.00744047,0.00157520,0.02221911,0.00837183,0.00000000,0.00000000,0.11604229,0.00000000,0.00000000,0.01536677,0.01743345,0.00440653,0.02255530,0.11135288,0.00000000,0.01087808,0.01157307,0.00000000,0.01603978,0.02445067,0.09076907,0.10849027,0.00252609,0.03567567,0.00000000,0.02286134,0.06009020,0.00356658,0.07799465,0.00483805,0.00617487,0.00681558,0.00000000,0.00000000,0.03821867,0.01572893,0.02831269,0.11455561,0.28651732,0.01517628,0.19069712,0.00000000,0.00000000,0.08880074,0.05106049,0.00245294,0.26909229,0.11025264,0.05171519,0.02358649,0.00000000,0.00000000,0.00000000,0.01842017,0.00295712,0.00381472,0.11211868,0.00494400,0.07504050,0.04680771,0.01299070,0.00211872,0.03039606,0.00000000,0.01973270,0.07960267,0.18589836,0.02173259,0.00196930,0.01015516,0.02673505,0.01079409,0.09677529,0.00000000,0.05063576,0.00585078,0.02877793,0.21747471,0.00000000,0.04261881,0.00968456,0.03725854,0.00000000,0.02104173,0.00000000,0.00045135,0.05959212,0.00095474,0.00234774,0.03425092,0.00000000,0.00000000,0.08219074,0.05921402,0.00962274,0.01293231,0.00753905,0.28163564,0.04897307,0.01144821,0.03201398,0.01931420,0.02738594,0.00000000,0.03638928,0.18382305,0.09535290,0.00134334,0.00000000,0.00000000,0.00002741,0.05038521,0.16706866,0.02088036,0.00000000,0.15611674,0.00000000,0.06408640,0.03867448,0.05695423,0.07375994,0.00913192,0.00055187,0.00868830,0.02050461,0.00468403,0.00025812,0.06988055,0.02109643,0.00790652,0.00394814,0.00000000,0.00000000,0.00000000,0.08489973,0.00069145,0.00127591,0.06020365,0.00702108,0.00208073,0.08544540,0.02606195,0.10041427,0.00000000,0.00227473,0.02771219,0.02912470,0.00562321,0.03035048,0.23620653,0.04601104,0.00324695,0.00768576,0.03204943,0.00000000,0.00000000,0.00840014,0.01609587,0.10207341,0.00419309,0.03185610,0.06284805,0.22218165,0.00000000,0.02173002,0.00052504,0.01377418,0.00000000,0.00000000,0.10530913,0.00394730,0.04281325,0.01427645,0.00000000,0.00500712,0.00000000,0.00000000,0.01501302,0.01805965,0.00078527,0.01096028,0.01945912,0.00000000,0.00477763,0.00000000,0.00000000,0.03635766,0.02844113,0.00860133,0.05544697,0.01340912,0.00000000,0.05677927,0.00005741,0.00156063,0.00167125,0.11489014,0.18055153,0.00166937,0.04032506,0.09438292,0.09934954,0.01694216,0.00000000,0.05247633,0.03577510,0.00000000,0.00338213,0.00000000,0.00000000,0.00000000,0.10424929,0.01915378,0.10696673,0.06372549,0.05578034,0.00833928,0.07377995,0.01025750,0.04254868,0.00000000,0.00268418,0.00000000,0.18124248,0.00612790,0.00000000,0.09042097,0.02811830,0.00000000,0.11127540,0.09723813,0.00000000,0.01152890,0.01107324,0.00000000,0.00000000,0.18001400,0.00524219,0.05979065,0.00000000,0.10246146,0.02340258,0.00422178,0.00467857,0.03522115,0.00000000,0.00000000,0.00000000,0.01323964,0.05449577,0.00161955,0.00994296,0.04834048,0.00262671,0.00030393,0.12956701,0.00352373,0.18642373,0.03881254,0.00000000,0.01386724,0.02673681,0.02203283,0.08942210,0.03616039,0.06026426,0.00761929,0.08409487,0.28833339,0.00000000,0.00000000,0.00000000,0.17816761,0.06861435,0.11138678,0.05242779,0.00000000,0.01162988,0.02505643,0.00000000,0.00287029,0.07302186,0.00702649,0.00000000,0.05760381,0.00000000,0.03886494,0.02825475,0.11311788,0.04998592,0.03746200,0.02255256,0.00410063,0.01627075,0.00039321,0.00427397,0.00000000,0.05965042,0.00000000,0.03237312,0.07816251,0.01022331,0.03526102,0.18847229,0.02769487,0.00000000,0.02569355,0.07883783,0.00033444,0.05650181,0.04456545,0.04934409,0.02547101,0.00000000,0.04738692,0.00000000,0.04603990,0.00000000,0.02407085,0.00825345,0.00065366,0.01970087,0.02880398,0.01878529,0.00000000,0.01153747,0.00000000,0.00156393,0.00000000,0.01036274,0.03515642,0.01390116,0.02968788,0.01788730,0.00991781,0.03971085,0.01396792,0.00260491,0.03231008,0.04789158,0.00000000,0.07261913,0.04796319,0.03026019,0.00000000,0.01083552,0.02144425,0.00197657,0.00146764,0.08483052,0.00000000,0.00717850,0.00594431,0.00004839,0.02846712,0.03975337,0.00000000,0.16792354,0.00823159,0.00000000,0.01754923,0.00000000,0.04533500,0.00000000,0.00000000,0.03148916,0.10914411,0.00000000,0.03695510,0.00000000,0.02214845,0.14694309,0.06963704,0.00854574,0.01564080,0.00000000,0.00420111,0.10761238,0.03001075,0.00000000,0.00615752,0.29807264,0.01519829,0.01236766,0.10558870,0.08792423,0.07300492,0.00494472,0.07789821,0.00701508,0.00000000,0.03852647,0.00062067,0.00000000,0.04858301,0.00000000,0.05627785,0.00173243,0.01671153,0.00000000,0.00943983,0.05813067,0.00770325,0.00000000,0.12472206,0.04344634,0.00893242,0.00000000,0.00688992,0.00000000,0.04282181,0.00388204,0.14498356,0.02534521,0.04627431,0.02498146,0.00000000,0.00140515,0.02311711,0.10672627,0.03728359,0.00521387,0.00122371,0.00859405,0.00699445,0.00833761,0.00000000,0.00208043,0.03060810,0.03275307,0.04156124,0.01464909,0.06957366,0.00000000,0.00000000,0.00346808,0.02743858,0.01067148,0.00154649,0.02409373,0.12684283,0.15936780,0.02391804,0.01676411,0.00000000,0.01300243,0.00000000,0.03288113,0.00000000,0.06025011,0.00000000,0.00000000,0.00458366,0.00000000,0.09208052,0.09594195,0.00000000,0.02814885,0.00548380,0.01090945,0.01047042,0.06349135,0.01987896,0.00000000,0.00668026,0.04108201,0.01783817,0.02121954,0.00000000,0.06500294,0.04340931,0.03214659,0.00367209,0.00966401,0.01001915,0.00000000,0.00348502,0.00223329,0.00000000,0.00000000,0.00000000,0.11962330,0.21143778,0.00000000,0.00381068,0.00839966,0.00000000,0.01541634,0.02287438,0.02102960,0.03487346,0.00000000,0.07422499,0.00000000,0.01439421,0.00000000,0.04619790,0.00000000,0.02425084,0.00010830,0.03511345,0.00791928,0.18305558,0.01109190,0.00443776,0.00000000,0.12087902,0.01904726,0.02537002,0.00981340,0.00000000,0.14998099,0.19415069,0.00436744,0.00095000,0.00255544,0.05681831,0.03780935,0.00000000,0.00000000,0.01612708,0.01184574,0.00000000,0.05722485,0.06735667,0.11680891,0.01139736,0.00415259,0.07666436,0.00026045,0.12512921,0.06309438,0.00664282,0.15481748,0.00000000,0.00000000,0.07501750,0.01230620,0.02448096,0.00000000,0.00307275,0.00227152,0.00262964,0.00000000,0.00290347,0.01826898,0.19273046,0.04966124,0.02314751,0.02160956,0.01990929,0.10266215,0.05910860,0.00000000,0.00300529,0.00728308,0.02317897,0.00081148,0.00000000,0.08335202,0.05600770,0.00480988,0.08362991,0.02357146,0.00202736,0.12720919,0.01663688,0.00000000,0.00478608,0.07143709,0.05963187,0.00137513,0.01630429,0.01702625,0.00945637,0.00000000,0.02590891,0.00532983,0.00815402,0.00000000,0.03870640,0.00000000,0.00580011,0.32402208,0.00000000,0.00000000,0.00000000,0.00000000,0.12576395,0.00000000,0.01069651,0.00289420,0.00043157,0.00000000,0.11240786,0.02479508,0.00374094,0.00197390,0.13201787,0.00344356,0.06909735,0.08420130,0.00518726,0.00225057,0.00506071,0.00000000,0.02533718,0.13405462,0.00000000,0.00000000,0.00000000,0.03779077,0.14124097,0.00000000,0.08284343,0.08307062,0.00057982,0.00050810,0.09801515,0.03287731,0.07422325,0.00000000,0.04470180,0.34291217,0.05178150,0.01316132,0.00657052,0.00173791,0.58613634,0.00000000,0.00000000,0.00000000,0.00000000,0.00257460,0.00000000,0.06406961,0.00052852,0.26983321,0.04672205,0.00023242,0.00869206,0.01328150,0.00133370,0.03025781,0.03137988,0.01955203,0.02150714,0.06319285,0.06163693,0.02268665,0.00172232,0.00000000,0.00000000,0.01991977,0.00000000,0.03441714,0.01449784,0.00018150,0.08829124,0.05746528,0.00904398,0.08160296,0.06059062,0.02437242,0.09903581,0.00242336,0.14716388,0.00000000,0.09308338,0.00121637,0.02742130,0.19365965,0.00009602,0.19509503,0.00761617,0.00790193,0.00592317,0.03486359,0.00000000,0.00000000,0.03593485,0.16058624,0.00620215,0.01930258,0.00000000,0.05819961,0.03668955,0.00977439,0.00003588,0.00000000,0.03743203,0.03106825,0.00083696,0.00501912,0.35660872,0.00819759,0.18658699,0.00000000,0.02740317,0.01808402,0.00000000,0.00000000,0.00624603,0.06812025,0.05432186,0.00224945,0.00392102,0.05448659,0.00000000,0.06813542,0.05330278,0.01838913,0.14739767,0.02649158,0.01987907,0.01648972,0.15308596,0.00000000,0.04301361,0.00000000,0.01746392,0.01366652,0.00000000,0.00559817,0.02137303,0.09469217,0.03757381,0.05148345,0.00699258,0.01819474,0.01023355,0.02645194,0.03863985,0.00000000,0.03267988,0.00000000,0.03302313,0.00000000,0.00138182,0.07669965,0.00376584,0.02499216,0.01054208,0.24215439,0.00000000,0.00371571,0.21223179,0.00577552,0.00000000,0.00000000,0.09025223,0.00458123,0.01142486,0.23841932,0.00000000,0.01777985,0.00565199,0.05621018,0.01456459,0.02118935,0.21312609,0.02374904,0.00079478,0.00000000,0.00368706,0.01257163,0.00000000,0.04156028,0.03640688,0.47721350,0.00000000,0.00787420,0.13606231,0.01531130,0.00000000,0.00340027,0.06394306,0.22416392,0.01780806,0.00000000,0.02954867,0.00722146,0.00000000,0.00201845,0.02618091,0.07334116,0.05259435,0.00000000,0.00000000,0.01004664,0.00000000,0.03233846,0.00000000,0.01076056,0.09180920,0.00942820,0.02525727,0.02889033,0.02929487,0.00000000,0.22165002,0.01945850,0.08346733,0.01296118,0.03727116,0.02445069,0.01144269,0.00000000,0.00294991,0.00000000,0.00118228,0.01104785,0.00939741,0.03175733,0.00052055,0.02507166,0.00000000,0.00067921,0.01839920,0.00000000,0.00000000,0.01837467,0.27390388,0.01091877,0.17549457,0.02718692,0.01727756,0.11968575,0.00617731,0.07712466,0.03021802,0.11935430,0.11429970,0.23443219,0.00000000,0.01399689,0.00000000,0.19489025,0.00398987,0.13038264,0.05088842,0.00000000,0.04137479,0.01837677,0.00000000,0.00000000,0.02149339,0.00602599,0.00000000,0.09573094,0.00062117,0.00031891,0.02107706,0.23640159,0.00619026,0.08264475,0.00352303,0.01964329,0.03607505,0.00000000,0.00000000,0.00000000,0.00000000,0.00000000,0.01319125,0.00000000,0.04676143,0.00000000,0.04482807,0.00078107,0.03471653,0.00739481,0.02912309,0.00000000,0.00935032,0.09695747,0.00831699,0.00179182,0.00633528,0.01998354,0.09474002,0.09916004,0.00000000,0.00169028,0.01257853,0.09720971,0.02717799,0.00103777,0.00622852,0.13938031,0.04013540,0.00000000,0.00000000,0.01519243,0.06053060,0.01485506,0.02118366,0.03594999,0.06308836,0.04515133,0.09049198,0.01340574,0.01576157,0.00162055,0.42320353,0.02324247,0.02488045,0.00000000,0.08797403,0.08748648,0.01560681,0.02413870,0.02114152,0.00273432,0.01935027,0.04701754,0.00474971,0.01189625,0.00000000,0.00000000,0.03712739,0.04285376,0.00623217,0.03722664,0.14917991,0.01769599,0.01145113,0.01156766,0.00192604,0.00324974,0.02319031,0.00000000,0.03374711,0.00000000,0.00212943,0.02109623,0.01820374,0.00000000,0.08632315,0.08709037,0.00000000,0.00260332,0.00000000,0.00000000,0.03390087,0.03887377,0.03658819,0.00291744,0.13464196,0.00000000,0.01952432,0.00000000,0.00524701,0.00000000,0.01774066,0.09173907,0.02184002,0.02626520,0.02557635,0.01060413,0.00649024,0.01044181,0.00000000,0.04273810,0.25125575,0.10846803,0.07611808,0.00000000,0.10426082,0.03937839,0.02626114,0.00337525,0.04648932,0.00209583,0.00000000,0.01345432,0.00000000,0.02616447,0.00432215,0.00000000,0.02876790,0.00000000,0.04424236,0.31745109,0.00687013,0.01305028,0.05936177,0.00000000,0.00597423,0.00329206,0.13619311,0.00000000,0.02183852,0.00196534,0.00841589,0.00000000,0.05777141,0.08484340,0.00000000,0.01619266,0.00000000,0.14909008,0.00000000,0.06465443,0.06181592,0.02120664,0.00000000,0.01098818,0.01893763,0.21715052,0.00813446,0.00000000,0.03155753,0.00578898,0.04179857,0.02193376,0.11846441,0.00748880,0.02568439,0.24176414,0.04957784,0.06412350,0.00306481,0.02933878,0.00336140,0.04322860,0.07552645,0.01231526,0.12297020,0.00000000,0.00001344,0.00633464,0.02445594,0.01433233,0.01074195,0.00000000,0.00642659,0.00000000,0.02452910,0.00000000,0.00000000,0.00062646,0.00926091,0.00490170,0.24460186,0.00655711,0.01486983,0.09518728,0.00532184,0.04057155,0.00000000,0.00092763,0.12767513,0.00104498,0.00454848,0.01299640,0.00000000,0.07021841,0.00000000,0.00000000,0.12354860,0.00013448,0.03638825,0.00491566,0.37735677,0.36135754,0.00000000,0.01098016,0.01550707,0.07771276,0.13313282,0.02570993,0.00000000,0.00000000,0.00005178,0.02237421,0.02894577,0.19457607,0.15730299,0.00765338,0.00051276,0.00002411,0.00000000,0.13526021,0.03706785,0.08561267,0.00000000,0.00000000,0.03309773,0.00640736,0.16453941,0.02148019,0.00525067,0.00000000,0.00000000,0.09739678,0.08473037,0.03843772,0.05488190,0.00615100,0.32753819,0.00000000,0.00000000,0.02412335,0.12139694,0.02509802,0.03681251,0.06746116,0.00482971,0.00000000,0.27319071,0.04629220,0.00000000,0.01437691,0.00000000,0.01748845,0.03368310,0.14249134,0.00000000,0.13553618,0.00636040,0.02719970,0.00059227,0.00173593,0.00448431,0.02264437,0.00496042,0.00000000,0.00434871,0.00000000,0.05102027,0.07539099,0.00609235,0.00354993,0.04463609,0.02843438,0.00323129,0.06325911,0.00133139,0.00000000,0.22846942,0.01277496,0.12962270,0.00816893,0.06852345,0.04798832,0.03044698,0.00000000,0.00000000,0.01569182,0.01276450,0.21343620,0.12233453,0.00902725,0.02314253,0.31479314,0.00000000,0.00000000,0.01200026,0.12487229,0.12684685,0.18855165,0.00241883,0.01544822,0.00000000,0.01795244,0.00000000,0.04203312,0.29369709,0.00000000,0.00000000,0.01444049,0.03253599,0.00773749,0.13511638,0.00000000,0.01735205,0.01516592,0.06715269,0.01648268,0.15972227,0.09692767,0.04119707,0.00508115,0.00136693,0.02058399,0.06023831,0.00000000,0.04169824,0.00379646,0.04923282,0.04331943,0.17362233,0.00538215,0.01537301,0.04374851,0.02279867,0.00711267,0.08468919,0.00000000,0.06148688,0.01140079,0.01166045,0.06539869,0.05214407,0.05194840,0.00000000,0.00000000,0.04096530,0.21865480,0.01766472,0.00159170,0.03627732,0.03977620,0.00014875,0.00744625,0.07219683,0.00885425,0.00673635,0.00146640,0.02579375,0.09657777,0.00000000,0.00099197,0.00000000,0.01507278,0.00236846,0.02074707,0.19547229,0.00000000,0.02159346,0.04842716,0.14859091,0.00000000,0.01841050,0.00039734,0.00048802,0.00000000,0.01264438,0.07446469,0.03095491,0.00000000,0.05329619,0.04580908,0.03103505,0.07996888,0.05735417,0.01209928,0.00017766,0.05070593,0.03723898,0.00709696,0.00092388,0.11782782,0.17239812,0.00150108,0.09140976,0.00000000,0.00428593,0.00535580,0.01383295,0.03744813,0.04709320,0.01005226,0.00478201,0.00000000,0.05498900,0.00603426,0.12656708,0.00754434,0.00000000,0.01990868,0.13159321,0.00000000,0.00000000,0.00000000,0.03605702,0.03407532,0.00217080,0.00000000,0.12620221,0.00000000,0.07201365,0.00296979,0.01015121,0.00383928,0.00259916,0.01678607,0.04874397,0.04368184,0.02932669,0.00722855,0.03039266,0.00328232,0.00000000,0.03531305,0.00331093,0.00000000,0.00000000,0.08721878,0.00000000,0.00000000,0.00928825,0.00000000,0.02401739,0.12870343,0.07913393,0.01974893,0.00000000,0.06806097,0.07855722,0.24596743,0.00682057,0.00335277,0.02840048,0.04327983,0.00000000,0.15219730,0.07364134,0.00000000,0.02165152,0.21170171,0.01593106,0.00000000,0.01019239,0.00000000,0.00345467,0.12651928,0.01963172,0.00359885,0.00706659,0.00000000,0.00000000,0.00000000,0.00176644,0.06564040,0.12561272,0.00000000,0.00154548,0.06420172,0.00469217,0.15651007,0.11224072,0.01424715,0.05470063,0.00000000,0.00000000,0.00664395,0.04456175,0.01406922,0.00003606,0.00000000,0.03936062,0.02277545,0.00000000,0.00000000,0.05284992,0.08984671,0.02166333,0.00191190,0.00249396,0.07544748,0.03970115,0.00070692,0.00000000,0.03055339,0.00740814,0.00913816,0.02635245,0.22169450,0.01480970,0.01770644,0.16590975,0.00000000,0.04017178,0.00055130,0.02252410,0.00000000,0.01041374,0.00000000,0.02930063,0.00201184,0.00152381,0.00000000,0.00178348,0.00097050,0.01163549,0.00000000,0.03374843,0.00541482,0.00000000,0.00336786,0.11382458,0.00000000,0.00970097,0.20506246,0.00401493,0.00108465,0.05208500,0.00699043,0.00000000,0.00000000,0.00000000,0.00000000,0.03395217,0.09117553,0.01895742,0.01199093,0.01617075,0.00263219,0.00188437,0.00796793,0.00591487,0.00000000,0.03536652,0.03490629,0.00000000,0.04419407,0.02644525,0.01839210,0.03582563,0.00962273,0.05543778,0.04790131,0.06534551,0.00070733,0.11573589,0.03959386,0.00000000,0.00522776,0.00000000,0.06843256,0.00000000,0.09496485,0.09058315,0.00005506,0.26194140,0.03942429,0.00000000,0.00000000,0.00063172,0.00303704,0.00000000,0.00467481,0.00000000,0.00012244,0.02258816,0.00000000,0.01566216,0.08403645,0.20133454,0.02039257,0.00000000,0.00000000,0.01043084,0.07371390,0.00000000,0.03489221,0.07324253,0.00535397,0.00386680,0.01834468,0.00761944,0.00000000,0.05012469,0.00108149,0.00000000,0.00000000,0.00000000,0.00173849,0.07322594,0.00708331,0.00501922,0.00000000,0.00901092,0.00037181,0.16332312,0.00602648,0.00000000,0.01006473,0.02275584,0.00758132,0.00511790,0.13973220,0.10678455,0.06912595,0.00000000,0.01062899,0.06763870,0.07486866,0.00901760,0.00000000,0.00000000,0.02901474,0.03968349,0.08023403,0.01945247,0.02393847,0.00000000,0.01867155,0.00514584,0.00449955,0.00378637,0.02204331,0.02042008,0.01327123,0.00000000,0.04328687,0.07444473,0.00000000,0.00000000,0.00000000,0.06360956,0.00000000,0.00000000,0.00000000,0.01245893,0.04650109,0.02325724,0.05912078,0.03934912,0.00000000,0.15796541,0.01523114,0.08101477,0.14586797,0.21064815,0.02322514,0.01111870,0.03367663,0.03387732,0.00828294,0.00000000,0.00387320,0.00000000,0.22346523,0.00000000,0.00000000,0.04329170,0.21883151,0.00585949,0.43919605,0.00000000,0.00933950,0.09515598,0.00311342,0.00000000,0.00000000,0.02734290,0.00375378,0.21041748,0.06311877,0.00000000,0.00000000,0.01487668,0.00000000,0.00000000,0.00000000,0.00142974,0.00169709,0.10083741,0.01700270,0.00000000,0.06525147,0.00000000,0.17174697,0.00000000,0.00000000,0.02107588,0.00000000,0.08156134,0.00174693,0.04672945,0.04099919,0.00029389,0.12336141,0.00000000,0.01247677,0.04492385,0.01026641,0.00945242,0.03197593,0.00089805,0.00739502,0.03842827,0.18395145,0.01450217,0.05546053,0.04253983,0.00378957,0.00000000,0.00230382,0.01096808,0.00053725,0.00017616,0.00000000,0.00000000,0.07819937,0.04143918,0.01890974,0.00287362,0.20215109,0.00000000,0.00000000,0.00043602,0.00000000,0.01558327,0.02179579,0.01895244,0.01982867,0.03476565,0.20789355,0.04012787,0.10769087,0.05526929,0.00350607,0.00678038,0.01938473,0.23730952,0.00689699,0.14160830,0.04467241,0.07498445,0.01287776,0.02073710,0.00000000,0.00852973,0.00070295,0.00983465,0.00600012,0.05561852,0.03471717,0.02811329,0.00237375,0.00000000,0.00346106,0.00000000,0.09627315,0.03712995,0.00794454,0.03384732,0.00262884,0.05737331,0.00000000,0.00492802,0.02160887,0.27921560,0.11363301,0.00000000,0.00000000,0.23483898,0.00000000,0.01324096,0.00000000,0.02152320,0.20113163,0.09481266,0.11390008,0.02777765,0.08980253,0.00000000,0.00363288,0.00000000,0.00000000,0.00000000,0.00055898,0.00038186,0.05819843,0.00560740,0.02449841,0.01978987,0.02348574,0.00237700,0.00000000,0.02845086,0.00000000,0.09395628,0.00000000,0.03177304,0.00872050,0.01117382,0.04088509,0.01376100,0.06212667,0.01100178,0.00450185,0.06441445,0.01914126,0.01394938,0.07143096,0.02576352,0.02000647,0.02412819,0.08510084,0.00000000,0.01218056,0.00000000,0.03123053,0.01630099,0.00205802,0.00000000,0.00000000,0.02080122,0.00952511,0.04041474,0.04504159,0.00429899,0.00580330,0.00000000,0.03153505,0.00663624,0.04172667,0.01459356,0.00808061,0.06828646,0.00343676,0.00324034,0.20333904,0.00261705,0.38956711,0.00000000,0.00000000,0.09283657,0.02464551,0.02606178,0.07905722,0.01609878,0.01533850,0.06347312,0.00000000,0.00496996,0.08701617,0.00993861,0.00187732,0.00110947,0.01677560,0.01633517,0.01097204,0.13790832,0.03447382,0.00000000,0.00000000,0.01845564,0.05903322,0.02107830,0.03464918,0.04197878,0.01146203,0.00181499,0.02697835,0.00000000,0.07197291,0.08073109,0.08074048,0.00457998,0.08587888,0.00000000,0.13448447,0.00151869,0.00000000,0.00000000,0.00612469,0.00391694,0.02112294,0.00000000,0.00000000,0.02955708,0.00000000,0.03043687,0.01042784,0.17319079,0.00000000,0.00316029,0.01998013,0.04401908,0.10605484,0.00000000,0.00322045,0.01545549,0.00000000,0.04690195,0.00000000,0.00264119,0.00000000,0.00000000,0.07518651,0.00000000,0.03750126,0.07897232,0.00000000,0.16992702,0.00287032,0.05461570,0.03282578,0.03559583,0.00831578,0.14832602,0.08055417,0.05195047,0.00554484,0.01776905,0.00000000,0.01556078,0.00000000,0.00491048,0.03038506,0.01346167,0.06732661,0.00427341,0.23881233,0.03363208,0.21163408,0.00615881,0.00021887,0.00916753,0.00000000,0.00000000,0.02923767,0.01013876,0.00000000,0.08529840,0.04808991,0.09806406,0.00064582,0.02415346,0.00031549,0.25459120,0.01724535,0.04457298,0.02045068,0.02710566,0.13210161,0.00618357,0.02548434,0.02650351,0.05216677,0.04813613,0.01936422,0.00053317,0.06588515,0.00086765,0.05627570,0.01831589,0.03764044,0.00000000,0.13713525,0.00000000,0.00000000,0.01265394,0.04794274,0.00616272,0.07782036,0.00000000,0.04577838,0.13038254,0.19605304,0.02014393,0.00323698,0.00000000,0.01768372,0.01101700,0.03089633,0.10564226,0.00000000,0.01435383,0.02077001,0.00000000,0.14134994,0.00000000,0.00445742,0.03401395,0.00000000,0.00191229,0.00302584,0.00561269,0.00058205,0.05092144,0.00000000,0.00000000,0.00000000,0.02332062,0.01478771,0.01155599,0.03699809,0.02348920,0.00000000,0.00540251,0.21782152,0.00000000,0.00387053,0.00600943,0.00000000,0.00000000,0.10604820,0.01306618,0.02913936,0.02613516,0.00289829,0.11004723,0.00523574,0.00101901,0.00000000,0.00000000,0.00000000,0.00000000,0.00168408,0.01850212,0.00564323,0.15345158,0.02088528,0.00000000,0.00000000,0.08287856,0.00000000,0.07251016,0.03124965,0.04019174,0.00000000,0.04858440,0.00000000,0.04828861,0.00449644,0.00498204
6078,data/pair/6078/RHEED/Oxide Desorption.MOV,manifest_specified_rheed_path,17.930000,538,8,0.54781127,0.01759906,0.11617593,0.00072644,0.00000000,0.00000000,0.01125036,0.00000000,0.00156193,0.00000000,0.24435857,0.06244595,0.00000000,0.00000000,0.00116356,0.17177361,0.15735756,0.00084793,0.00336029,0.02893965,0.00000000,0.00146221,1.26131344,0.00796861,0.05642825,0.11196645,0.00015631,0.32783857,0.00000000,0.30371323,0.00060103,0.07319206,0.07356896,2.86660480,0.00000000,0.04179029,0.00000000,0.00023960,0.00084869,0.02980218,0.00007341,0.01307163,0.00206955,0.00000000,0.01216689,0.00187454,0.00201626,0.07648646,0.00205245,0.01670236,0.00676320,0.03961900,0.79783559,0.02510850,0.00923995,0.29084721,0.00128674,0.00000000,0.00000000,0.02723156,0.08461292,0.00340856,0.08744505,0.00799349,0.03443232,0.00619762,0.00494098,0.00029866,0.29413050,0.01237232,0.15440290,0.00852121,0.00496808,0.18113154,0.03504868,0.00395286,0.00000000,0.00000000,0.00279591,0.00000000,0.35212070,0.00388444,1.18082774,0.02259832,0.00391651,0.68820387,0.00000000,1.56354177,0.00000000,0.02852792,0.27177203,0.00000000,0.00363027,0.00301588,0.03631147,0.00000000,0.06434361,0.00000000,0.54486310,0.00045483,0.00276794,0.03227495,0.19839492,0.00000000,0.00000000,0.00632559,0.00077352,0.29809952,0.00000000,0.00000000,0.00000000,0.63993073,0.06868403,0.00000000,0.00000000,0.01062497,0.00317096,0.00000000,0.00217822,0.76486772,0.28669354,0.05034777,0.03061289,0.00343149,0.00696679,0.00316225,0.00059227,0.00000000,0.13486385,0.00000000,0.00000000,0.24321558,0.00000000,0.00000000,0.01587607,0.00824461,0.00000000,0.03537476,0.19567813,0.00000000,0.00000000,0.00271522,0.00000000,0.00037129,0.00000000,0.27579027,0.14641322,0.00759215,0.03788158,0.00053361,0.03152048,0.03833271,0.00858199,0.03662703,0.00754480,0.00000000,0.00000000,0.00000000,0.00000000,0.15463975,0.03170009,0.06376140,0.00306898,1.03742313,0.02062570,0.35621285,0.00240610,0.00000000,0.13775814,0.07789440,0.00057868,1.18909824,0.26383576,0.06196914,0.00205130,0.03042519,0.00000000,0.00227311,0.20592728,0.00000000,0.00049415,0.30856779,0.01213871,0.01021695,0.32925934,0.00079489,0.04070695,0.01096405,0.00271377,0.00050280,0.08679999,0.99494499,0.00011302,0.00119663,0.00819956,0.18866360,0.00232998,0.03679708,0.00000000,0.01468592,0.00000000,0.01232520,0.89254951,0.00000000,0.04495957,0.00189012,0.03244301,0.00435888,0.01862122,0.00000000,0.00000000,0.15942930,0.00303072,0.00042663,0.00813643,0.00000000,0.00000000,0.03344820,0.00293715,0.07809377,0.00000000,0.00028404,1.01584065,0.11213963,0.02494068,0.02422588,0.02744018,0.07866666,0.00000000,0.05421793,0.26482040,0.04580521,0.04291311,0.00000000,0.00487754,0.00574188,0.23791727,0.87491888,0.00793490,0.00000000,0.39974391,0.00000000,0.11827100,0.05043787,0.07124702,0.02199085,0.00009840,0.06020975,0.00551193,0.00155075,0.00249642,0.00000000,0.07490978,0.02099448,0.01165415,0.00008458,0.00000000,0.00000000,0.00161774,0.08275334,0.00304626,0.00000000,0.10643902,0.00269241,0.00000000,0.36860555,0.00182125,0.36161950,0.00009626,0.00012681,0.00999165,0.08950546,0.00750301,0.05999571,0.31359556,0.06318328,0.00000000,0.06581816,0.01267733,0.00000000,0.00014958,0.00027948,0.01688964,0.21701689,0.00000000,0.05556952,0.03578734,1.53258550,0.00000000,0.21941470,0.00000000,0.01208271,0.00000000,0.00000000,0.24981436,0.00000000,0.00360866,0.00174138,0.00220966,0.00000000,0.00271152,0.00076996,0.01877180,0.04193055,0.00367251,0.01210339,0.03567977,0.00000000,0.00000000,0.00000000,0.00000000,0.00815294,0.02656465,0.00118445,0.22277315,0.01386246,0.00000000,0.01710184,0.00460382,0.00400235,0.00000000,0.07852922,0.21859676,0.00058480,0.09117179,0.18080893,0.15071453,0.08756501,0.00000000,0.10812139,0.03801231,0.01351439,0.00000000,0.02570781,0.00000000,0.00419329,0.16559182,0.04753914,0.10729963,0.08064603,0.12297861,0.00008817,0.11413868,0.00611664,0.04826671,0.00000000,0.00000440,0.00000000,0.51105887,0.00038292,0.00219732,0.25089675,0.00775467,0.00000000,0.07142943,0.13667482,0.00000000,0.00141862,0.00320910,0.00000000,0.00000000,0.02778261,0.01123355,0.13424471,0.00000000,0.31284106,0.00005234,0.04339962,0.00571417,0.01270594,0.03146576,0.00000000,0.00566444,0.01018155,0.10813261,0.00314215,0.00000000,0.12952904,0.00126154,0.00745616,0.82811403,0.00396914,0.30732784,0.13826214,0.00000000,0.01374316,0.00145458,0.01559346,0.55301034,0.20118432,0.09008864,0.00957501,0.19463313,1.35993636,0.00000000,0.00471076,0.00000000,0.49500841,0.11346692,0.29680967,0.03794662,0.00248213,0.00015517,0.06183632,0.00000000,0.00318325,0.29725799,0.00366040,0.00021708,0.12574492,0.01039652,0.04820983,0.15527731,0.31309485,0.22094937,0.18786195,0.05169875,0.00842218,0.00298273,0.00000000,0.00000000,0.00000000,0.10773769,0.00583107,0.01753446,0.24147904,0.00606735,0.00000000,1.45307946,0.03328991,0.00000000,0.01433090,0.08464098,0.00028535,0.14958259,0.15864980,0.01768657,0.00112122,0.00000000,0.02610638,0.00245870,0.22932476,0.00000000,0.05579821,0.02145079,0.00059868,0.04460220,0.03414312,0.03200091,0.00000000,0.01063395,0.00056155,0.02536064,0.00629835,0.02543139,0.22858524,0.01847936,0.19471566,0.01340463,0.00031617,0.05694876,0.01824249,0.00023696,0.17204276,0.01982478,0.00080262,0.00285924,0.08437619,0.04973748,0.00300749,0.00230281,0.05810140,0.00280697,0.00000000,0.15290272,0.00076590,0.00000000,0.00000000,0.00002642,0.05883975,0.00000000,0.00000000,1.14251316,0.00232696,0.00000000,0.00535460,0.00000000,0.01285145,0.00000000,0.00000000,0.05540569,0.08781083,0.00000000,0.01551268,0.00000000,0.05133697,0.53923655,0.04502224,0.00000000,0.08268720,0.00083895,0.00086962,0.03017221,0.00000000,0.00052581,0.00000000,0.73020536,0.02424389,0.00119868,0.36595356,0.24147622,0.02103784,0.00341113,0.23284267,0.01218258,0.00000000,0.10221576,0.00761462,0.00000000,0.18316491,0.00000000,0.05952874,0.02582134,0.01263349,0.00338754,0.00000000,0.19774982,0.03326127,0.00000000,0.26430953,0.09603430,0.00000000,0.00000000,0.01538293,0.00255043,0.12190039,0.02657500,0.35357192,0.00771990,0.00105077,0.02922993,0.00000000,0.00216053,0.03124310,0.39391214,0.08493599,0.00626871,0.00000000,0.00000000,0.00665781,0.01832846,0.01060482,0.00000000,0.15777269,0.00000000,0.01204223,0.02011851,0.17733617,0.00000000,0.00000000,0.04564780,0.13066310,0.09754252,0.00000000,0.00067928,0.25755116,0.38572127,0.00212708,0.00583301,0.00000000,0.01527660,0.00000000,0.12165461,0.00000000,0.21999528,0.00000000,0.00000000,0.00168328,0.00321441,0.12698208,0.26271278,0.00000000,0.01413647,0.00786625,0.00378055,0.01584566,0.04991670,0.02431007,0.00034497,0.05700073,0.04675800,0.00187858,0.01342229,0.00041372,0.05506188,0.06183987,0.00225546,0.00000000,0.00000000,0.01703078,0.00059106,0.01464084,0.00000000,0.00020199,0.00000000,0.00000000,0.08526349,0.66440445,0.00000000,0.00000000,0.02329750,0.00000000,0.00000000,0.03560051,0.01926130,0.08181306,0.00000000,0.20992082,0.00000000,0.00000000,0.00027230,0.21090554,0.00000000,0.00284803,0.01961926,0.06990359,0.00000000,0.75007951,0.02560616,0.01294914,0.00034816,0.07691689,0.03038500,0.03527865,0.00000000,0.00000000,0.96798790,0.31130865,0.00000000,0.00000000,0.01582413,0.01430421,0.00815269,0.01338598,0.00000000,0.00762238,0.00174266,0.00000000,0.15593833,0.14953230,0.18622062,0.00501885,0.03788408,0.36565197,0.00085369,1.02770030,0.42935914,0.00047163,0.77600968,0.00000000,0.00007292,0.05802714,0.00391494,0.10418601,0.00000000,0.00161405,0.00023261,0.00000000,0.00000000,0.00236972,0.01884403,0.84855777,0.15410799,0.00831065,0.01340267,0.00206392,0.14864254,0.10348652,0.00000000,0.00000000,0.03114453,0.02048283,0.00000000,0.00056707,0.05421113,0.13474083,0.04376820,0.30461174,0.02062068,0.00000000,0.04496319,0.00260405,0.00000000,0.00196280,0.03407845,0.00866624,0.00297804,0.00000000,0.00543866,0.00888727,0.00000000,0.10365997,0.00000000,0.00558596,0.00000000,0.14125492,0.00000000,0.00871371,0.91965264,0.00158401,0.00000000,0.00000000,0.00303379,0.08823244,0.00000000,0.02971229,0.00462731,0.00013240,0.00000000,0.16278499,0.00712168,0.00074653,0.00701544,0.00339707,0.01560114,0.04324604,0.19747411,0.00374717,0.00469531,0.00911431,0.00000000,0.06304633,0.30636251,0.00282182,0.00000000,0.00000000,0.01921304,0.15889528,0.00000000,0.13027631,0.01827980,0.00000000,0.00125556,0.08206271,0.02251793,0.16869572,0.00000000,0.00000820,0.89937335,0.03962351,0.00000000,0.00294568,0.00659796,1.50055766,0.00550356,0.00301680,0.00000000,0.00000000,0.00002785,0.00000000,0.02101760,0.00377732,5.06052208,0.06457641,0.00038589,0.02279437,0.05363523,0.00961185,0.09842162,0.07524487,0.02521232,0.00000000,0.20554237,0.00674150,0.00000000,0.02496349,0.00000000,0.00000000,0.02111020,0.02289531,0.00097123,0.02852716,0.00000000,0.27010351,0.06813070,0.01032797,0.14264779,0.09051780,0.00041706,0.44056714,0.00846510,0.35257751,0.00556897,0.29052341,0.00000000,0.17050469,0.30160844,0.01573447,0.58194846,0.06869630,0.00091369,0.00040827,0.02344402,0.00075735,0.00112552,0.03951937,0.19036976,0.00000000,0.00168638,0.00000000,0.33581939,0.16209841,0.00561633,0.00030476,0.00420783,0.00439627,0.02578633,0.00055712,0.00225355,1.94698548,0.01639807,1.79577386,0.00000000,0.02768924,0.00399990,0.00284078,0.00000000,0.00954725,0.13306631,0.00282878,0.00000000,0.00297409,0.05566882,0.00000000,0.42571351,0.16140766,0.08936746,0.92502522,0.00260477,0.00056586,0.00147624,0.24616060,0.00000000,0.05135540,0.00000000,0.02169272,0.03879092,0.00000000,0.00215771,0.04040829,0.02612726,0.05495229,0.00568012,0.00086239,0.06925654,0.00536302,0.00127672,0.02137885,0.00039775,0.00592536,0.00000000,0.03244571,0.03237295,0.00034535,0.02163853,0.00333729,0.00026425,0.02002236,0.56102830,0.00000000,0.00990027,0.45800886,0.00930647,0.00406313,0.00000000,0.09234970,0.00000000,0.01753649,0.56665087,0.03321178,0.00706064,0.00728958,0.06392485,0.00267643,0.03348944,0.56680971,0.04053755,0.00011364,0.00027293,0.00000000,0.00000000,0.00000000,0.00000000,0.01067936,0.97278142,0.00000000,0.00000000,1.38595819,0.00088248,0.00000000,0.00893322,0.14603741,1.23938084,0.00417723,0.00000000,0.01892478,0.00754350,0.00000000,0.00674364,0.07675175,0.18389048,0.06321604,0.00056080,0.00000000,0.00000000,0.00000000,0.00000000,0.00000000,0.00752772,0.00413169,0.00283153,0.04049239,0.00084842,0.03557211,0.00000000,0.00592459,0.05308533,0.68605292,0.01878097,0.02377238,0.00234659,0.00506686,0.00158541,0.00338569,0.00000000,0.00000000,0.00683047,0.00000000,0.01975220,0.00000000,0.06540114,0.00589999,0.22289449,0.00000000,0.00000000,0.00257080,0.05224292,1.28011572,0.03864049,1.07192981,0.07213641,0.04800539,0.08673902,0.00000000,0.06308211,0.03925174,0.06480192,0.63795811,0.21058472,0.00000000,0.01589243,0.00000000,0.84799963,0.00061996,0.35846272,0.08176074,0.00760715,0.14988883,0.02162605,0.00000000,0.00000000,0.00116312,0.00755739,0.00035435,0.27322635,0.00000000,0.01141394,0.03293900,0.37933806,0.01822005,0.31841424,0.00518877,0.00000000,0.00748932,0.00000000,0.00000000,0.00000000,0.00959480,0.00000000,0.00304772,0.00000000,0.05004483,0.00262548,0.03901768,0.00000000,0.05168440,0.01547070,0.16629051,0.00000000,0.01553497,0.13830437,0.01348541,0.00142768,0.00256798,0.04470984,0.64374733,0.17460151,0.01359574,0.00425662,0.03079973,0.31035033,0.00184870,0.00300868,0.00023016,0.09243313,0.04581858,0.01886609,0.00000000,0.00761573,0.04349519,0.03067906,0.04975134,0.01833855,0.12937266,0.16762576,0.00041475,0.02756154,0.20186344,0.00337188,1.23831403,0.00000000,0.10334640,0.00000000,0.10479793,0.12390385,0.02600526,0.01055660,0.00883755,0.00000000,0.04223594,0.09833384,0.00000000,0.00000000,0.00000000,0.00000000,0.06113852,0.14490548,0.00248088,0.13613549,0.40593722,0.00562945,0.03380242,0.12458123,0.00138972,0.00036264,0.18800391,0.00000000,0.01262222,0.00000000,0.00000000,0.05009155,0.00486973,0.00000000,0.15402140,0.00635562,0.00000000,0.00703123,0.00000000,0.00000000,0.03818971,0.04237051,0.03441281,0.00000000,0.79590046,0.00000000,0.05799949,0.00495465,0.00018915,0.00000000,0.01391752,0.60830802,0.06974633,0.00892301,0.04375700,0.01294762,0.02268641,0.00972232,0.00000000,0.01602559,1.07234299,0.22384217,0.11519733,0.00445974,0.23356897,0.05957736,0.02159784,0.13503456,0.03592331,0.00468851,0.00141114,0.01757201,0.00000000,0.10370278,0.00000000,0.00000000,0.03298090,0.00000000,0.03967204,0.59175527,0.06986248,0.01837532,0.02420906,0.00482117,0.00000000,0.00000000,0.87292933,0.00157814,0.02150244,0.00853877,0.00509434,0.00000000,0.11419951,0.56814164,0.00000000,0.03542120,0.00061539,0.21016657,0.00022192,0.26487777,0.14856742,0.13209620,0.00000000,0.00000000,0.01719309,0.87962520,0.00333153,0.00000000,0.09116237,0.00818104,0.09488330,0.00286908,0.00000000,0.00631984,0.01275499,0.38182658,0.04530225,0.56224889,0.00059534,0.04843070,0.00068864,0.07766371,0.29430586,0.02888490,0.36299843,0.00000000,0.00112674,0.00068537,0.00435678,0.01200876,0.03397128,0.00000000,0.02620552,0.00000000,0.01669332,0.00000000,0.00000000,0.00235591,0.00597217,0.00000000,0.94400579,0.00000000,0.00000000,0.03921736,0.00144310,0.13482484,0.00000000,0.00028987,0.18406826,0.00000000,0.00000000,0.00148300,0.00000000,0.06588356,0.00000000,0.00000000,0.64587885,0.00000000,0.03694371,0.00152180,0.65164322,1.00480795,0.00000000,0.00679091,0.03467432,0.21081799,0.20205022,0.06510323,0.00276795,0.00000000,0.00213262,0.02731515,0.01993926,0.49009076,0.26239431,0.00325794,0.00019528,0.00113564,0.00000000,0.28505129,0.02087507,0.83496284,0.00014140,0.00000000,0.07909089,0.00196690,0.71588492,0.02038815,0.01290879,0.00000000,0.00000000,0.24596356,0.01178810,0.09541702,0.02882498,0.00523387,2.72127557,0.00035523,0.00000000,0.01475293,0.92854714,0.00000000,0.05070679,0.00056150,0.00014340,0.00000000,0.92353189,0.09885487,0.00514510,0.00676973,0.00014667,0.00425150,0.05846076,0.25057286,0.00000000,0.09447578,0.00195827,0.00000000,0.00277587,0.01380828,0.01265025,0.04640034,0.00706499,0.00000000,0.00461381,0.00000000,0.06859519,0.04830793,0.00000000,0.00000000,0.04304100,0.09475371,0.00176398,0.03783938,0.00000000,0.00008190,0.54994678,0.01034322,0.02843916,0.05006844,0.09393106,0.00000000,0.01504206,0.00376514,0.00919135,0.01115973,0.02863798,0.77061921,0.38112599,0.00023469,0.00038013,1.51282728,0.00000000,0.00000000,0.00531522,0.01730570,0.09126643,0.32796019,0.00000000,0.22426163,0.00000000,0.00302991,0.00000000,0.00629094,0.65934533,0.00000000,0.00000000,0.00000000,0.10743113,0.00000000,0.68113244,0.00015652,0.00000000,0.09572549,0.04301932,0.00000000,1.03779161,0.45031011,0.01278050,0.00000000,0.00000000,0.00000000,0.01239097,0.00000000,0.05870199,0.03946643,0.00000000,0.12153044,0.63616461,0.00976005,0.00521465,0.08155791,0.10564457,0.01074112,0.07508969,0.00138440,0.36422500,0.00000000,0.06868739,0.18010050,0.03608241,0.06741748,0.00000000,0.00000000,0.06875420,2.08493161,0.00000000,0.02975510,0.03950242,0.07054442,0.00060584,0.02783551,0.04970489,0.00005256,0.00590644,0.00000000,0.00703050,0.09799428,0.00000000,0.00000000,0.00000000,0.00000000,0.00000000,0.02685009,0.89496398,0.00000000,0.00000000,0.01360100,0.32038853,0.00012588,0.01504203,0.00432139,0.00000000,0.00000000,0.06300433,0.10789427,0.01601681,0.00000000,0.00478861,0.02746418,0.11618079,0.33901709,0.05843053,0.01495324,0.00238411,0.25359622,0.11956285,0.00039781,0.00000000,0.76877469,0.28306442,0.00000000,0.01189667,0.00157039,0.00086298,0.00096757,0.00000000,0.00149034,0.10819969,0.00000000,0.06029441,0.00000000,0.02647907,0.00118179,0.18925254,0.00164255,0.00000000,0.07098076,0.50804085,0.00000000,0.00000000,0.00000000,0.05472827,0.07312273,0.00000000,0.00000000,0.21317963,0.00000000,0.07716760,0.00000000,0.00108082,0.00000000,0.07212914,0.00495116,0.03217023,0.02278832,0.38450590,0.00000000,0.09576585,0.00299294,0.00488291,0.06884935,0.00000000,0.00000000,0.00000000,0.30876812,0.00000000,0.00300118,0.11610296,0.00000000,0.07718056,0.17864691,0.03387059,0.01490015,0.00441217,0.01605370,0.02097921,1.94705677,0.00889573,0.02040015,0.00000000,0.02093329,0.00000000,0.47927326,0.17628931,0.00000000,0.02539757,0.90388823,0.03225816,0.00006026,0.00562519,0.00000000,0.00143394,0.09025979,0.00214988,0.00013392,0.00000000,0.00874436,0.00000000,0.00000000,0.00000000,0.07300449,0.54298955,0.00000000,0.00518606,0.02113091,0.01141646,0.69430548,0.02560768,0.00000000,0.09944943,0.00565275,0.00357554,0.10084730,0.08444101,0.01640147,0.00083585,0.00001272,0.03644997,0.00116831,0.00000000,0.00052124,0.12918755,0.47344601,0.01038896,0.00424757,0.00000000,0.30018666,0.09141572,0.00000000,0.00000000,0.00599908,0.07099067,0.06804812,0.09368900,1.02231658,0.05852695,0.00186586,1.62162852,0.00000000,0.02860863,0.00000000,0.06412969,0.00000000,0.00756759,0.00383211,0.10845229,0.00215650,0.00000000,0.00000000,0.01165980,0.00000000,0.01341098,0.00000000,0.07299469,0.00017483,0.00000000,0.00122660,0.54245603,0.00136517,0.00000000,0.41046849,0.01137347,0.00169672,0.06411143,0.02511607,0.00000000,0.00000000,0.00065304,0.00364536,0.05271681,0.21124372,0.03663425,0.03971395,0.02291572,0.01557926,0.02535933,0.00259972,0.01603952,0.00000000,0.01618790,0.04644641,0.01815889,0.27403313,0.06462494,0.01698521,0.24280822,0.00439706,0.12032017,0.02357247,0.02624548,0.00000000,0.31365407,0.03146149,0.00000000,0.00332722,0.00000000,0.50732762,0.00173531,0.00587998,0.27327025,0.00000000,0.50130463,0.00000000,0.00000000,0.00000000,0.00471922,0.00000000,0.00000000,0.00188498,0.00000000,0.00000000,0.02142561,0.00000000,0.02375202,0.10199222,0.89171463,0.00166723,0.00000000,0.00000000,0.00146510,0.14818370,0.00000000,0.02651084,0.02511680,0.00193114,0.00000000,0.00422658,0.00278265,0.00000000,0.19118035,0.00750501,0.00000000,0.00000000,0.00000000,0.00000000,0.17225347,0.00824855,0.01635706,0.00000000,0.00538262,0.00139586,0.44991714,0.15913440,0.00015982,0.02054217,0.00595906,0.00614368,0.08285558,0.46176997,0.20966476,0.19457261,0.00000000,0.00563548,0.22727628,0.09105975,0.00021775,0.00000000,0.00280731,0.24657527,0.02403940,0.01252872,0.00409567,0.01417588,0.00836794,0.04778267,0.00092926,0.00054953,0.00557260,0.00927162,0.00000000,0.00142151,0.00000000,0.00263692,0.00000000,0.00000000,0.02891181,0.00000000,0.37281680,0.00000000,0.01257854,0.00041530,0.00319437,0.01535671,0.05420649,0.04668054,0.02232018,0.00000000,0.21558401,0.00116234,0.25661862,0.41814584,0.77582282,0.01871576,0.01354185,0.09773538,0.14763498,0.00000000,0.01506199,0.00578250,0.00000000,0.78826940,0.01256235,0.00000000,0.07100638,1.25203466,0.00652222,2.60129523,0.00000000,0.00850663,0.01123991,0.00038712,0.00000000,0.00017101,0.01777609,0.00276352,1.04324853,0.11787758,0.00000000,0.00391682,0.00971789,0.00054939,0.00018856,0.00000000,0.00254834,0.01060660,0.00478304,0.01278166,0.00000000,0.07999470,0.00000000,0.06655823,0.00000000,0.00241792,0.01278571,0.00000000,0.34700772,0.00000000,0.09095743,0.03426478,0.00000000,0.35109711,0.00000000,0.03412780,0.06905602,0.00556429,0.00180045,0.00726375,0.00000000,0.01046856,0.06216916,0.57369983,0.01328300,0.04575413,0.00183018,0.00000000,0.00471400,0.00792129,0.00057257,0.00339976,0.00028432,0.00853204,0.00020741,0.19902502,0.07324307,0.00285104,0.00341914,0.16608556,0.00000000,0.00017124,0.00000000,0.00000000,0.05010436,0.00457755,0.01013806,0.00000000,0.03828108,0.10694307,0.00000000,0.05004580,0.10455322,0.01032134,0.00605095,0.00829641,0.94824266,0.00000000,1.03015375,0.11807726,0.18911341,0.03505605,0.00530715,0.00000000,0.02318466,0.00000000,0.00000000,0.00383487,0.00203815,0.00988950,0.03424211,0.00032458,0.00001283,0.00000000,0.00000000,0.04828192,0.03847496,0.00189329,0.00231544,0.00000000,0.00028886,0.00000000,0.00000000,0.00672256,0.55665433,0.01049745,0.00000000,0.00000000,0.27531004,0.00000000,0.00315670,0.00372115,0.07425856,0.33157960,0.47765896,0.17099220,0.02439092,0.31387049,0.00000000,0.00623297,0.00075376,0.00000000,0.00000000,0.00000000,0.00000000,0.12994446,0.00082392,0.24382088,0.01272143,0.05998172,0.00198466,0.00000000,0.00000000,0.00000000,0.18034561,0.00000000,0.09341702,0.00666156,0.03292894,0.01555250,0.00000000,0.09032311,0.02345320,0.00100394,0.18544962,0.01422481,0.00351885,0.14315630,0.04232645,0.01604637,0.02569688,0.36313632,0.00074662,0.01824516,0.00000000,0.00912013,0.00228148,0.00620264,0.00000000,0.00000000,0.01697896,0.00771911,0.00076088,0.25813758,0.01917354,0.01285834,0.00000000,0.01520113,0.01429539,0.07227089,0.00086606,0.00954294,0.10446350,0.00000000,0.01531697,1.32089889,0.00188231,1.82299304,0.00000000,0.00000000,0.28864574,0.10161486,0.01127336,0.22966941,0.03234946,0.00911553,0.08529811,0.00000000,0.00238739,0.19868602,0.00192657,0.00000000,0.01195567,0.00000000,0.04908846,0.01692438,0.02876315,0.00598519,0.00000000,0.00000000,0.02646013,0.05632282,0.01219761,0.00103915,0.00631718,0.00177494,0.00199666,0.00971061,0.00000000,0.19823217,0.26821634,0.45381004,0.01859530,0.18875444,0.00000000,0.26305351,0.00059537,0.00061576,0.00000000,0.00733310,0.00125891,0.00009553,0.00000000,0.00000000,0.00101039,0.01439920,0.12520826,0.03492163,1.30578005,0.00137106,0.00081052,0.07837936,0.90726745,0.22134480,0.00000000,0.00852721,0.02655604,0.00000000,0.12663986,0.00000000,0.00335488,0.00000000,0.00010084,0.03676699,0.00000000,0.09118555,0.00838517,0.00000000,0.02759221,0.00000000,0.08680179,0.00556696,0.01065474,0.00502384,0.21804737,0.15205780,0.01340020,0.00270850,0.00148530,0.00114898,0.09747393,0.00000000,0.00735698,0.02334766,0.00905441,0.06939565,0.01212007,0.86983788,0.06768399,0.76446360,0.02603452,0.00174685,0.00115495,0.00000000,0.00000000,0.08323940,0.01270489,0.00000000,0.10687727,0.07541239,0.37971410,0.00107316,0.00815289,0.00576241,0.71625412,0.00982121,0.06681660,0.07137819,0.01210804,0.37461427,0.00000000,0.08491474,0.00000000,0.04554802,0.13971718,0.01774964,0.00002729,0.53085899,0.00114594,0.02349829,0.00000000,0.09208050,0.00052524,0.63773328,0.00000000,0.00000000,0.00279156,0.08570217,0.00000000,0.03611956,0.00000000,0.00533601,0.00835579,0.97359419,0.01744303,0.01689078,0.00000000,0.01051587,0.00010410,0.01667695,0.40797725,0.00000000,0.00517629,0.00064011,0.00000000,0.51671141,0.00000000,0.00752608,0.04956754,0.00000000,0.00324705,0.00000000,0.07152871,0.00113459,0.34616008,0.00232190,0.00741637,0.00000000,0.00175645,0.01450333,0.04930297,0.02556719,0.01507458,0.00000000,0.00961199,0.80896550,0.00217936,0.00039182,0.00000000,0.00000000,0.00000000,0.24537553,0.00107983,0.07636718,0.01452764,0.00055689,0.08192857,0.00236359,0.00097079,0.00000000,0.00000000,0.00000000,0.00548147,0.00000000,0.01015577,0.00849441,0.48039395,0.05674705,0.00000000,0.00243669,0.27597484,0.00000000,0.15722984,0.26384872,0.01182473,0.00375418,0.76468486,0.00011498,0.35065028,0.00861284,0.00141979,0.25216717,0.01749790,0.06770170,0.00192198,0.00000000,0.00000000,0.00862129,0.00000000,0.00283853,0.00000000,0.12973227,0.04378115,0.00000000,0.00000000,0.00307849,0.13507755,0.05243217,0.00224340,0.00889048,0.04294108,0.00000000,0.00286609,0.46927804,0.00996063,0.06768850,0.05460309,0.00041356,0.07397450,0.00000000,0.17881770,0.00159016,0.05326844,0.06880613,0.52924925,0.00000000,0.03226334,0.00000000,0.00042162,0.00192741,0.04081642,0.00019422,0.01980234,0.00451783,0.00000000,0.01310636,0.00404515,0.00533453,0.06455702,0.00293789,0.02410913,0.00870831,0.02538170,0.47454625,0.01999036,0.00698839,0.16505124,0.00340440,0.00000000,0.00000000,0.02328381,0.04756465,0.00901821,0.04938419,0.01528971,0.02577920,0.01124511,0.00992652,0.00079017,0.08223760,0.01834330,0.11943527,0.01477078,0.00810511,0.12586179,0.04572579,0.00749283,0.00000000,0.00000000,0.00498126,0.00000000,0.13645855,0.01027726,0.39652741,0.03433665,0.00492633,0.36530933,0.00000000,0.66856050,0.00000000,0.02461377,0.14341161,0.00000000,0.00443884,0.00583268,0.03190001,0.00000000,0.04919746,0.00000000,0.50730360,0.00120338,0.00518058,0.01095363,0.06491791,0.00000000,0.00000000,0.01034882,0.00204653,0.17975219,0.00000000,0.00000000,0.00000000,0.31809634,0.05343315,0.00000000,0.00000000,0.01195689,0.00384772,0.00000000,0.00282147,0.24011216,0.14123318,0.04478443,0.05457929,0.00495299,0.01311378,0.00493825,0.00156699,0.00000000,0.06475104,0.00000000,0.00000000,0.08569641,0.00000000,0.00000000,0.01294335,0.01511053,0.00000000,0.03786961,0.10195848,0.00000000,0.00000000,0.00565617,0.00000000,0.00098234,0.00000000,0.10324859,0.11612117,0.01000988,0.00976893,0.00141180,0.02617525,0.03489932,0.01439450,0.01987485,0.00821522,0.00000000,0.00000000,0.00000000,0.00000000,0.06264468,0.03417742,0.04726810,0.00611590,0.17065702,0.02915264,0.14399168,0.00321148,0.00000000,0.07401767,0.03085095,0.00153105,0.48391700,0.08679315,0.03217766,0.00398237,0.03388149,0.00000000,0.00398303,0.07913154,0.00000000,0.00130740,0.14668760,0.02498009,0.00966381,0.15266019,0.00210308,0.07677232,0.02900816,0.00551859,0.00128861,0.06164092,0.19279641,0.00029902,0.00316599,0.01431328,0.12798916,0.00616455,0.01794421,0.00000000,0.01834500,0.00000000,0.02444618,0.23604378,0.00000000,0.04257720,0.00358094,0.03279424,0.00604384,0.02609782,0.00000000,0.00000000,0.09599262,0.00524522,0.00112875,0.01802281,0.00000000,0.00000000,0.03429385,0.00646734,0.05741515,0.00000000,0.00075151,0.35421783,0.09249970,0.03244745,0.02076408,0.02547660,0.05572221,0.00000000,0.05341605,0.10586916,0.01646936,0.03127859,0.00000000,0.01290476,0.01037528,0.11381880,0.42543998,0.01542571,0.00000000,0.17980900,0.00000000,0.07938760,0.05390024,0.04066794,0.02512797,0.00026034,0.05199841,0.01015294,0.00410289,0.00660491,0.00000000,0.05510744,0.02179498,0.01756135,0.00022378,0.00000000,0.00000000,0.00401561,0.02229582,0.00591122,0.00000000,0.11567561,0.00532095,0.00000000,0.20971802,0.00355159,0.07137009,0.00025469,0.00033550,0.01092208,0.08478277,0.01290340,0.04902451,0.09154662,0.04538887,0.00000000,0.08694998,0.01874672,0.00000000,0.00039576,0.00073944,0.01985824,0.09594716,0.00000000,0.03946918,0.03791378,0.25279880,0.00000000,0.15418325,0.00000000,0.01939577,0.00000000,0.00000000,0.10069979,0.00000000,0.00604057,0.00460725,0.00584622,0.00000000,0.00528104,0.00203713,0.01793705,0.03108115,0.00400676,0.01587857,0.05815003,0.00000000,0.00000000,0.00000000,0.00000000,0.01720438,0.03231618,0.00199182,0.11924217,0.01496632,0.00000000,0.01331889,0.00882852,0.01058922,0.00000000,0.04149682,0.10237159,0.00154722,0.06802003,0.10213687,0.10810009,0.07027585,0.00000000,0.07167417,0.02540295,0.03187611,0.00000000,0.03312197,0.00000000,0.01100551,0.04284834,0.04630232,0.06560290,0.07454067,0.05205535,0.00022228,0.05157774,0.01090410,0.05611527,0.00000000,0.00001163,0.00000000,0.30764490,0.00071005,0.00448725,0.17732064,0.01302590,0.00000000,0.11046141,0.10357343,0.00000000,0.00229250,0.00417019,0.00000000,0.00000000,0.03794316,0.01744460,0.08747614,0.00000000,0.17559114,0.00013848,0.04677719,0.00734879,0.02335341,0.01954634,0.00000000,0.01015982,0.00917855,0.02630029,0.00831335,0.00000000,0.08599340,0.00333772,0.01261224,0.43477166,0.00637884,0.22926554,0.09977205,0.00000000,0.02086203,0.00384845,0.02360923,0.14740320,0.13275783,0.08284788,0.01913193,0.19579874,0.62841380,0.00000000,0.00658896,0.00000000,0.15822841,0.09820238,0.15574123,0.03059125,0.00656709,0.00041053,0.02825389,0.00000000,0.00816517,0.16311625,0.00968451,0.00057433,0.05463443,0.01586086,0.05064229,0.04941596,0.24738969,0.11814956,0.12066118,0.03627419,0.00737426,0.00450141,0.00000000,0.00000000,0.00000000,0.07117412,0.01542757,0.02718115,0.13241044,0.01293311,0.00000000,0.47135437,0.02045763,0.00000000,0.01265340,0.03079834,0.00075497,0.06580923,0.11861167,0.04679425,0.00296647,0.00000000,0.02930341,0.00476033,0.12584190,0.00000000,0.02171128,0.01216414,0.00111040,0.03224487,0.04118690,0.04906694,0.00000000,0.01032734,0.00148572,0.02008100,0.00652476,0.02935058,0.12148894,0.01787677,0.07752699,0.02186323,0.00083650,0.04127606,0.03089811,0.00062693,0.07179572,0.03729087,0.00212352,0.00402452,0.06105051,0.04516035,0.00533553,0.00546916,0.02672568,0.00742656,0.00000000,0.07109077,0.00134598,0.00000000,0.00000000,0.00006989,0.08387530,0.00000000,0.00000000,0.32872528,0.00308765,0.00000000,0.00805122,0.00000000,0.01692034,0.00000000,0.00000000,0.02976825,0.07424369,0.00000000,0.01194306,0.00000000,0.04314154,0.14921191,0.04814279,0.00000000,0.12504534,0.00221965,0.00230080,0.02907795,0.00000000,0.00139116,0.00000000,0.40949619,0.01984936,0.00248926,0.18949254,0.11393998,0.03334734,0.00379771,0.30023462,0.01187610,0.00000000,0.08095066,0.00801581,0.00000000,0.14026359,0.00000000,0.03599802,0.04472630,0.01542888,0.00896258,0.00000000,0.11745767,0.03416828,0.00000000,0.08663110,0.09680684,0.00000000,0.00000000,0.01844431,0.00674781,0.06020738,0.02348803,0.13303337,0.01968908,0.00278008,0.02585042,0.00000000,0.00485839,0.03123838,0.16941079,0.06848740,0.01306305,0.00000000,0.00000000,0.01691842,0.02231896,0.01935981,0.00000000,0.14020814,0.00000000,0.01513842,0.01762028,0.16951925,0.00000000,0.00000000,0.02630152,0.09245601,0.07517324,0.00000000,0.00148038,0.09114695,0.20538728,0.00507925,0.00631209,0.00000000,0.02793617,0.00000000,0.04350078,0.00000000,0.15267572,0.00000000,0.00000000,0.00445353,0.00482412,0.09151121,0.13095117,0.00000000,0.01930905,0.01274005,0.00486791,0.02751954,0.02885590,0.02109529,0.00091270,0.06373085,0.02334413,0.00372030,0.00923202,0.00098941,0.03032563,0.06679156,0.00485512,0.00000000,0.00000000,0.02291210,0.00156379,0.01446806,0.00000000,0.00053440,0.00000000,0.00000000,0.05588327,0.18578790,0.00000000,0.00000000,0.04067031,0.00000000,0.00000000,0.02992151,0.01564256,0.06627576,0.00000000,0.11024038,0.00000000,0.00000000,0.00072043,0.09845861,0.00000000,0.00533326,0.02126729,0.05221925,0.00000000,0.31736973,0.03318226,0.01520919,0.00092113,0.02784052,0.01869435,0.05473894,0.00000000,0.00000000,0.33862665,0.12691590,0.00000000,0.00000000,0.01833083,0.01916686,0.00953661,0.02017911,0.00000000,0.01331628,0.00437147,0.00000000,0.11611070,0.06167885,0.09131969,0.00879382,0.03663388,0.07541789,0.00225864,0.12533152,0.18742564,0.00124781,0.27750596,0.00000000,0.00019293,0.03312355,0.00489510,0.03929071,0.00000000,0.00281864,0.00061542,0.00000000,0.00000000,0.00425900,0.01571566,0.35417035,0.09413750,0.01103905,0.01342226,0.00280693,0.17221017,0.05196323,0.00000000,0.00000000,0.02885698,0.02500256,0.00000000,0.00150033,0.05474483,0.08736799,0.04540609,0.11179789,0.02755547,0.00000000,0.02346312,0.00294484,0.00000000,0.00360403,0.02208446,0.00731170,0.00343502,0.00000000,0.00707718,0.01344083,0.00000000,0.02763778,0.00000000,0.00717236,0.00000000,0.07151408,0.00000000,0.01372265,0.31829235,0.00419088,0.00000000,0.00000000,0.00442342,0.04803293,0.00000000,0.03107827,0.00855152,0.00035030,0.00000000,0.10256747,0.00943903,0.00197514,0.01214937,0.00470698,0.02241313,0.03900305,0.08240446,0.00466414,0.00862436,0.01095942,0.00000000,0.02286318,0.06681206,0.00343838,0.00000000,0.00000000,0.01529836,0.10386312,0.00000000,0.10494069,0.02830895,0.00000000,0.00183000,0.06618994,0.01481679,0.10263132,0.00000000,0.00002169,0.23359589,0.03788524,0.00000000,0.00405011,0.01214092,0.58782953,0.01118530,0.00522938,0.00000000,0.00000000,0.00007369,0.00000000,0.01528878,0.00784921,0.23939782,0.07277279,0.00102096,0.02853093,0.08757041,0.00973938,0.04878270,0.04468971,0.03328107,0.00000000,0.04897747,0.01783632,0.00000000,0.04033665,0.00000000,0.00000000,0.03494830,0.02142563,0.00256964,0.02879869,0.00000000,0.10639966,0.06960664,0.02671874,0.05590471,0.05169242,0.00110342,0.07648806,0.02139180,0.19105245,0.01473411,0.14536130,0.00000000,0.14374335,0.11254755,0.01966214,0.19731285,0.04105152,0.00183014,0.00108019,0.01927066,0.00141557,0.00297784,0.03654187,0.12111179,0.00000000,0.00446173,0.00000000,0.12321148,0.07644390,0.00664213,0.00080631,0.00835848,0.00952997,0.04604648,0.00147401,0.00415790,0.32897514,0.02380517,0.24725085,0.00000000,0.02639350,0.01058274,0.00404016,0.00000000,0.00802306,0.13807978,0.00748426,0.00000000,0.00375813,0.03012360,0.00000000,0.20402308,0.06256758,0.12516706,0.11020362,0.00393093,0.00140063,0.00302295,0.22789876,0.00000000,0.02793366,0.00000000,0.03786148,0.03513743,0.00000000,0.00570877,0.02759215,0.03209403,0.03426125,0.00596112,0.00175761,0.06154440,0.00811927,0.00337788,0.02245696,0.00077232,0.01051890,0.00000000,0.04038377,0.00965368,0.00069849,0.02462735,0.00516346,0.00069915,0.01982132,0.12728466,0.00000000,0.00887442,0.11961830,0.01345989,0.00703775,0.00000000,0.03944540,0.00000000,0.01326036,0.21124813,0.01396612,0.00826295,0.01139271,0.03524923,0.00708116,0.03074038,0.20033744,0.03756793,0.00030066,0.00072210,0.00000000,0.00000000,0.00000000,0.00000000,0.01806158,0.26086655,0.00000000,0.00000000,0.29528847,0.00156248,0.00000000,0.01636636,0.08325452,0.40586320,0.00517248,0.00000000,0.02780162,0.01765744,0.00000000,0.00860788,0.05247197,0.09361235,0.04174924,0.00148374,0.00000000,0.00000000,0.00000000,0.00000000,0.00000000,0.01582666,0.00729876,0.00749151,0.02187687,0.00154229,0.02396476,0.00000000,0.00850477,0.03246145,0.19487286,0.01844554,0.02223411,0.00613395,0.01226724,0.00412107,0.00593551,0.00000000,0.00000000,0.01399577,0.00000000,0.04095140,0.00000000,0.04405094,0.01071772,0.20773226,0.00000000,0.00000000,0.00680171,0.06856856,0.48259115,0.04855745,0.28205326,0.03014741,0.03169792,0.04306752,0.00000000,0.03140650,0.03313538,0.03500785,0.24080467,0.05682052,0.00000000,0.02142247,0.00000000,0.22047830,0.00164027,0.23173100,0.03016457,0.00951486,0.04152739,0.05120290,0.00000000,0.00000000,0.00206264,0.01026431,0.00093752,0.09351826,0.00000000,0.01284944,0.02039947,0.10380152,0.02542951,0.07951275,0.01372818,0.00000000,0.01194714,0.00000000,0.00000000,0.00000000,0.02193103,0.00000000,0.00470579,0.00000000,0.05464182,0.00523993,0.05713005,0.00000000,0.03304333,0.02034565,0.06034242,0.00000000,0.02408557,0.16404554,0.01671327,0.00262072,0.00530887,0.04284168,0.10798948,0.11808278,0.01617338,0.00644612,0.01838024,0.11254278,0.00319178,0.00348077,0.00060894,0.07663095,0.07015850,0.02749812,0.00000000,0.01389749,0.02664130,0.03022704,0.03670823,0.02129173,0.07958961,0.04290594,0.00109733,0.02863190,0.12784682,0.00640781,0.30254686,0.00000000,0.10859722,0.00000000,0.04573818,0.04742506,0.01993418,0.01808870,0.01817362,0.00000000,0.03108803,0.04830272,0.00000000,0.00000000,0.00000000,0.00000000,0.02270635,0.05715909,0.00419408,0.07481132,0.13940062,0.00746950,0.01565645,0.07844406,0.00367684,0.00095946,0.11090820,0.00000000,0.01584065,0.00000000,0.00000000,0.04153197,0.01082933,0.00000000,0.05589997,0.00934419,0.00000000,0.00742740,0.00000000,0.00000000,0.02661695,0.03980803,0.04208531,0.00000000,0.19723682,0.00000000,0.04954230,0.00775156,0.00050045,0.00000000,0.02274069,0.26194429,0.06772169,0.01163607,0.04196993,0.01524145,0.03890422,0.00914362,0.00000000,0.01648544,0.22623038,0.08058269,0.06766553,0.01179935,0.17802271,0.04041815,0.02151204,0.09520428,0.03180506,0.00946032,0.00292851,0.02055274,0.00000000,0.06588468,0.00000000,0.00000000,0.04627247,0.00000000,0.03299541,0.24273737,0.07115950,0.02010184,0.02451736,0.00720297,0.00000000,0.00000000,0.22966912,0.00417536,0.02856657,0.00941656,0.01209417,0.00000000,0.11185297,0.19950184,0.00000000,0.02913986,0.00162817,0.08547510,0.00058714,0.08045524,0.07855836,0.06712772,0.00000000,0.00000000,0.02515859,0.45635322,0.00837726,0.00000000,0.03849023,0.00815444,0.07671810,0.00296509,0.00000000,0.00829271,0.01621583,0.22296880,0.04422056,0.16815826,0.00124185,0.07662792,0.00157262,0.08031055,0.09512966,0.00959270,0.11962495,0.00000000,0.00199221,0.00181332,0.01152696,0.01559021,0.02272138,0.00000000,0.02478786,0.00000000,0.03070955,0.00000000,0.00000000,0.00524309,0.00572704,0.00000000,0.35245138,0.00000000,0.00000000,0.03138809,0.00253596,0.04300466,0.00000000,0.00076693,0.07831488,0.00000000,0.00000000,0.00346906,0.00000000,0.07922184,0.00000000,0.00000000,0.32029867,0.00000000,0.02264937,0.00400113,0.19684914,0.40060067,0.00000000,0.00867696,0.03306580,0.11898477,0.08220103,0.04360034,0.00481229,0.00000000,0.00471205,0.02963818,0.03116181,0.11627635,0.09774451,0.00503007,0.00036965,0.00217642,0.00000000,0.06284703,0.02604436,0.47961235,0.00037411,0.00000000,0.07147614,0.00520393,0.32308495,0.01570071,0.02251608,0.00000000,0.00000000,0.13426015,0.01892564,0.11218429,0.01066994,0.00646891,0.48769298,0.00093986,0.00000000,0.01456614,0.14971168,0.00000000,0.03771862,0.00148558,0.00026189,0.00000000,0.29184693,0.04649372,0.01083566,0.00961704,0.00038806,0.00540388,0.05565968,0.07225582,0.00000000,0.07044556,0.00289118,0.00000000,0.00549340,0.02431645,0.01224338,0.04279962,0.01148750,0.00000000,0.00910922,0.00000000,0.04984598,0.02364265,0.00000000,0.00000000,0.02815036,0.05413774,0.00256164,0.03538400,0.00000000,0.00021669,0.24588023,0.00807587,0.01995068,0.04207484,0.05163286,0.00000000,0.02278167,0.00651569,0.01680642,0.01123215,0.02936345,0.27356923,0.13694201,0.00062094,0.00100572,0.23068489,0.00000000,0.00000000,0.00491362,0.01498932,0.06123333,0.09560154,0.00000000,0.08047795,0.00000000,0.00552362,0.00000000,0.01001805,0.22199801,0.00000000,0.00000000,0.00000000,0.04667957,0.00000000,0.25438359,0.00041412,0.00000000,0.03658136,0.03796303,0.00000000,0.27186456,0.18625686,0.01457256,0.00000000,0.00000000,0.00000000,0.01171121,0.00000000,0.06077457,0.05868607,0.00000000,0.07496034,0.28182411,0.01411087,0.01379667,0.08395141,0.08751836,0.00712324,0.04213428,0.00271819,0.15903448,0.00000000,0.05540735,0.08127308,0.02525064,0.03922972,0.00000000,0.00000000,0.09540393,0.25988570,0.00000000,0.02445159,0.07827994,0.06477404,0.00108231,0.03023537,0.02886960,0.00012977,0.00779697,0.00000000,0.01713831,0.03506711,0.00000000,0.00000000,0.00000000,0.00000000,0.00000000,0.02079768,0.20420170,0.00000000,0.00000000,0.01616541,0.19337206,0.00033305,0.02310473,0.00589424,0.00000000,0.00000000,0.03901425,0.05899590,0.01666375,0.00000000,0.00653259,0.04224984,0.04947555,0.11742318,0.06761732,0.01869722,0.00540165,0.04021882,0.03990220,0.00105250,0.00000000,0.24740268,0.22628407,0.00000000,0.01566450,0.00253288,0.00228323,0.00212691,0.00000000,0.00394308,0.18241642,0.00000000,0.04424744,0.00000000,0.03970356,0.00312672,0.12258522,0.00353817,0.00000000,0.04687895,0.25769061,0.00000000,0.00000000,0.00000000,0.09533915,0.05657504,0.00000000,0.00000000,0.09256077,0.00000000,0.05189032,0.00000000,0.00285959,0.00000000,0.05854459,0.00982412,0.02205817,0.02712686,0.24872336,0.00000000,0.06586749,0.00571136,0.01214310,0.04389713,0.00000000,0.00000000,0.00000000,0.21101990,0.00000000,0.00572045,0.07401750,0.00000000,0.07114411,0.07643418,0.01970955,0.01585148,0.00719166,0.01768673,0.03929133,0.50056911,0.01263131,0.03092303,0.00000000,0.02443223,0.00000000,0.12694752,0.05658204,0.00000000,0.02461412,0.37106302,0.02368783,0.00015942,0.00914893,0.00000000,0.00379385,0.06067341,0.00568804,0.00035433,0.00000000,0.01128465,0.00000000,0.00000000,0.00000000,0.07111866,0.33333874,0.00000000,0.01372103,0.01455177,0.02071543,0.23522414,0.03624020,0.00000000,0.08047312,0.00962021,0.00651764,0.08013412,0.04118779,0.01647036,0.00201971,0.00003367,0.03259667,0.00205685,0.00000000,0.00137908,0.09471963,0.13166118,0.01280778,0.00460141,0.00000000,0.18525426,0.04653282,0.00000000,0.00000000,0.01432961,0.09249467,0.02023968,0.09310260,0.47421521,0.03541467,0.00493659,0.28123197,0.00000000,0.03135615,0.00000000,0.07193877,0.00000000,0.01727863,0.00833967,0.10346965,0.00350358,0.00000000,0.00000000,0.02817293,0.00000000,0.01153214,0.00000000,0.08731943,0.00046255,0.00000000,0.00165744,0.33137202,0.00237279,0.00000000,0.11052920,0.01258194,0.00298645,0.06759282,0.01819989,0.00000000,0.00000000,0.00172779,0.00587591,0.02568188,0.16322245,0.03579766,0.02051714,0.03717568,0.03527611,0.03139250,0.00615289,0.02370710,0.00000000,0.02200166,0.04286718,0.00630167,0.22341906,0.03621652,0.04381107,0.07870188,0.00363661,0.05990211,0.02334144,0.01416846,0.00000000,0.10431877,0.01677891,0.00000000,0.00586706,0.00000000,0.15258253,0.00459119,0.00805744,0.11656160,0.00000000,0.36441705,0.00000000,0.00000000,0.00000000,0.00819855,0.00000000,0.00000000,0.00335960,0.00000000,0.00000000,0.02223570,0.00000000,0.04403629,0.03943268,0.64552885,0.00409262,0.00000000,0.00000000,0.00261275,0.04070107,0.00000000,0.02891652,0.03702883,0.00510933,0.00000000,0.00744316,0.00395046,0.00000000,0.10995637,0.01349881,0.00000000,0.00000000,0.00000000,0.00000000,0.05426063,0.01148379,0.01536027,0.00000000,0.00407092,0.00369309,0.15755340,0.06943307,0.00042284,0.04551791,0.00957075,0.01055500,0.08141252,0.18373868,0.10284846,0.10044557,0.00000000,0.00787998,0.14338370,0.05141781,0.00057345,0.00000000,0.00742745,0.13958128,0.01774020,0.01445717,0.01083613,0.01062694,0.01109656,0.02564325,0.00245860,0.00145391,0.01334082,0.01263166,0.00000000,0.00278008,0.00000000,0.00391195,0.00000000,0.00000000,0.01863470,0.00000000,0.11449262,0.00000000,0.02070434,0.00109877,0.00842015,0.02685594,0.06713504,0.08059754,0.01846885,0.00000000,0.09494753,0.00307526,0.07783692,0.25991720,0.28663146,0.02208072,0.01370808,0.06893826,0.05315907,0.00000000,0.01689537,0.01050570,0.00000000,0.27378544,0.03323686,0.00000000,0.05361527,0.27954507,0.00626045,0.46286464,0.00000000,0.01766296,0.01846183,0.00102422,0.00000000,0.00045246,0.01921097,0.00524370,0.22605622,0.09082570,0.00000000,0.00690009,0.01797578,0.00145356,0.00049887,0.00000000,0.00449691,0.01810305,0.00541112,0.02787096,0.00000000,0.05756328,0.00000000,0.08781977,0.00000000,0.00455561,0.01160251,0.00000000,0.10961676,0.00000000,0.03339417,0.03391105,0.00000000,0.13496043,0.00000000,0.02880017,0.05188122,0.00927492,0.00367448,0.01560437,0.00000000,0.00726882,0.05676778,0.14971705,0.01891298,0.03235591,0.00316633,0.00000000,0.00947534,0.01512801,0.00151489,0.00899491,0.00075223,0.00916658,0.00054874,0.10400797,0.09272945,0.00641142,0.00626011,0.05389660,0.00000000,0.00045306,0.00000000,0.00000000,0.03133880,0.00639788,0.01954550,0.00000000,0.03740399,0.10362524,0.00000000,0.02405027,0.07079005,0.00958990,0.00599457,0.01141055,0.40634528,0.00000000,0.14884056,0.06992505,0.12788971,0.05210828,0.01144645,0.00000000,0.01936980,0.00000000,0.00000000,0.00580224,0.00410984,0.01468163,0.03807695,0.00056241,0.00003395,0.00000000,0.00000000,0.05033600,0.03353010,0.00500917,0.00612608,0.00000000,0.00076426,0.00000000,0.00000000,0.00867254,0.20440577,0.01127885,0.00000000,0.00000000,0.13585711,0.00000000,0.00492319,0.00984524,0.06650545,0.08625004,0.25286216,0.16943611,0.02115262,0.20920566,0.00000000,0.00566007,0.00199426,0.00000000,0.00000000,0.00000000,0.00000000,0.09221607,0.00217988,0.08558114,0.00954816,0.06158485,0.00342038,0.00000000,0.00000000,0.00000000,0.09836171,0.00000000,0.09002616,0.01025927,0.03952577,0.01508235,0.00000000,0.02790711,0.02034426,0.00191139,0.09890372,0.01611668,0.00931001,0.06952237,0.03209361,0.02494315,0.02159979,0.24040332,0.00197538,0.02073407,0.00000000,0.01159384,0.00603622,0.01219354,0.00000000,0.00000000,0.01937631,0.00518539,0.00161815,0.07332987,0.02753948,0.02729516,0.00000000,0.01606216,0.02592209,0.06145113,0.00229139,0.01463248,0.12857597,0.00000000,0.03185833,0.34082663,0.00361702,0.42054135,0.00000000,0.00000000,0.08254631,0.08646617,0.00662328,0.10665341,0.06499548,0.01561732,0.04308992,0.00000000,0.00493772,0.11589222,0.00392599,0.00000000,0.01259094,0.00000000,0.06115187,0.01948717,0.01971859,0.00812890,0.00000000,0.00000000,0.06487066,0.04613734,0.01628618,0.00126866,0.01442435,0.00469605,0.00352668,0.01486936,0.00000000,0.05682687,0.12852973,0.08936771,0.02589905,0.11052381,0.00000000,0.18096745,0.00138599,0.00162915,0.00000000,0.00776668,0.00333078,0.00025276,0.00000000,0.00000000,0.00178883,0.02965015,0.20045388,0.07186775,0.11631134,0.00362748,0.00214444,0.05614321,0.25263515,0.21675922,0.00000000,0.01483599,0.03737831,0.00000000,0.06778546,0.00000000,0.00467844,0.00000000,0.00026679,0.09413946,0.00000000,0.03701469,0.02111928,0.00000000,0.03515301,0.00000000,0.03915939,0.00947910,0.01073579,0.00639355,0.13740246,0.11262552,0.01933428,0.00466469,0.00392972,0.00303991,0.04298072,0.00000000,0.01060841,0.01495196,0.01144405,0.05717648,0.01401950,0.15875372,0.10189366,0.13287552,0.02027706,0.00462173,0.00224740,0.00000000,0.00000000,0.05310800,0.01805937,0.00000000,0.01082159,0.07672750,0.18031403,0.00283932,0.01142735,0.00594738,0.22464962,0.01588824,0.04917271,0.04833844,0.00808262,0.07471118,0.00000000,0.02826891,0.00000000,0.02804318,0.10165846,0.02476596,0.00007219,0.25561288,0.00303186,0.02101083,0.00000000,0.06641606,0.00138966,0.23292634,0.00000000,0.00000000,0.00468927,0.03704030,0.00000000,0.03055071,0.00000000,0.00953352,0.01059713,0.29757416,0.03332472,0.01181877,0.00000000,0.01580731,0.00027541,0.01453460,0.21794650,0.00000000,0.00642454,0.00169357,0.00000000,0.25772911,0.00000000,0.01571132,0.03592660,0.00000000,0.00545275,0.00000000,0.05960849,0.00238140,0.10014383,0.00614318,0.01284602,0.00000000,0.00364587,0.01136793,0.06992979,0.04563796,0.01822513,0.00000000,0.00921979,0.21467642,0.00303643,0.00103666,0.00000000,0.00000000,0.00000000,0.14719866,0.00278610,0.05055667,0.02756012,0.00147338,0.06482624,0.00493245,0.00256847,0.00000000,0.00000000,0.00000000,0.01336159,0.00000000,0.01259394,0.01280298,0.18820135,0.04830106,0.00000000,0.00434404,0.07573063,0.00000000,0.07667735,0.15192878,0.01271299,0.00875101,0.23109868,0.00030422,0.29338390,0.01379976,0.00343836
6080,data/pair/6080/RHEED/5 min of AlSb.MOV,manifest_specified_rheed_path,18.800000,564,8,0.29721674,0.05664509,0.05814390,0.00000000,0.00438642,0.00469917,0.02178722,0.02830547,0.06317788,0.00003045,0.12116122,0.07975758,0.00030379,0.00877843,0.08068675,0.10024507,0.03747829,0.00174242,0.04132555,0.01783160,0.00820222,0.00909810,0.63026536,0.14197823,0.13753593,0.01269776,0.00499627,0.29948252,0.00648061,0.35004866,0.02094831,0.02519480,0.19334742,1.30198836,0.00142798,0.01506450,0.00000000,0.04484232,0.07355416,0.00278735,0.12859218,0.02073537,0.03979569,0.00284955,0.03162494,0.00230743,0.00696477,0.12486998,0.00253369,0.18926857,0.02893733,0.02653465,0.89430606,0.00215910,0.13054678,0.38268933,0.02459528,0.00073184,0.02491182,0.02860700,0.10170965,0.00897694,0.00426809,0.05833307,0.06020293,0.00488077,0.01334018,0.26570219,0.28056180,0.20700049,0.20092048,0.00624752,0.00596723,0.06099956,0.01171055,0.03977626,0.00000000,0.00000000,0.02957165,0.11069968,0.19288644,0.01272771,0.70655334,0.01448704,0.01990474,0.73242188,0.00000000,1.31233561,0.00000000,0.01827557,0.19800302,0.00066084,0.00361991,0.02789010,0.07985768,0.00133310,0.07681838,0.00000000,0.98703015,0.00377926,0.00105380,0.03748360,0.17139295,0.00406330,0.00000000,0.00384375,0.00000000,0.96777010,0.00000000,0.00492331,0.00168327,0.25198060,0.09395198,0.15715200,0.00393807,0.02976489,0.00000000,0.00000000,0.05253144,0.21900973,0.06662405,0.12637274,0.07590517,0.01324495,0.00000000,0.07581236,0.01021249,0.00092403,0.14394735,0.00056057,0.14134094,0.52432257,0.00000000,0.01249599,0.01509828,0.11946744,0.00000000,0.03387342,0.17383151,0.00000000,0.04298635,0.00913846,0.00023698,0.00327915,0.06391005,0.41212308,0.10301630,0.07280984,0.07061908,0.05323825,0.02256835,0.17112195,0.02547272,0.07283612,0.05847231,0.02112874,0.00000000,0.00000000,0.00000000,0.30834669,0.01750559,0.17594238,0.04009303,2.72315812,0.04578516,1.13658416,0.00077595,0.00748175,0.12831490,0.08197631,0.00392748,0.93914074,0.48336986,0.02205060,0.19459181,0.11648390,0.00354315,0.00216040,0.11169653,0.00000000,0.20786393,0.21229592,0.02071437,0.05201424,0.04511037,0.01313034,0.02153633,0.08601469,0.02932477,0.01751135,0.47515810,1.14108300,0.00322441,0.01908112,0.04518230,0.06755680,0.10673903,0.07849697,0.00000000,0.02865046,0.00158452,0.03934696,0.38213101,0.05957009,0.01146214,0.01685270,0.00000000,0.02862026,0.04726769,0.15921298,0.00740419,0.58451617,0.04493523,0.12078194,0.00898350,0.00016286,0.00132917,0.03172039,0.01655741,0.09516794,0.00148873,0.01891109,0.58347237,0.36628607,0.20227212,0.41472882,0.00914299,0.12683859,0.00065408,0.01464016,0.48859382,0.38932252,0.17370832,0.00135852,0.05032301,0.02732037,0.04522669,0.89729488,0.00452968,0.00040401,0.21752079,0.00704113,0.09094638,0.17074169,0.03112057,0.15724370,0.02370835,0.19552706,0.09326749,0.00527483,0.00000000,0.00091051,0.38883153,0.06218533,0.19597629,0.06772336,0.00263642,0.00091689,0.00000000,0.21476306,0.00885168,0.00000000,0.09609654,0.01477915,0.00000000,0.12367750,0.01866166,0.54583114,0.00000000,0.00171327,0.10359370,0.06297528,0.00612017,0.04982666,0.25947946,0.09793276,0.08188081,0.00000000,0.02231034,0.01266935,0.04961023,0.00143234,0.06850875,0.21350273,0.00000000,0.05926412,0.01143413,2.93454337,0.00408437,0.23658368,0.02141549,0.00905296,0.00172804,0.00069215,0.08476277,0.04671666,0.04153921,0.03073826,0.07661420,0.00241366,0.00697993,0.00768811,0.21137644,0.02468312,0.00695194,0.05374672,0.00750420,0.00000000,0.09387016,0.00327914,0.00804036,0.05968254,0.00571189,0.00428931,0.14991289,0.11929446,0.00030134,0.07707508,0.03578502,0.08897551,0.00095127,0.03998557,0.26549447,0.02209153,0.07400441,0.34657645,0.21647152,0.05478942,0.00029959,0.03587467,0.01184645,0.00658055,0.00917311,0.03462076,0.01179790,0.00037792,0.21747330,0.02554404,0.01086701,0.08024887,0.13800827,0.04561909,0.01971191,0.00015936,0.01070161,0.00000000,0.00527620,0.00000000,0.70753062,0.00000000,0.02975567,0.32189596,0.03851134,0.00000000,0.18386246,0.07810222,0.00454210,0.00714963,0.04221547,0.00000000,0.01267003,0.00764767,0.04136430,0.01434285,0.00306142,0.13467626,0.01059635,0.02533323,0.00672215,0.00578702,0.00983255,0.00000000,0.43466932,0.02573284,0.04642827,0.13598800,0.15606731,0.25289220,0.00023338,0.00381013,0.11322989,0.01018643,0.20087302,0.15757431,0.02301095,0.02060116,0.00000000,0.00105477,0.11128973,0.10998163,0.03664001,0.02125859,0.18978222,1.05929708,0.01343256,0.00050142,0.00274787,0.04598463,0.21936059,0.14590046,0.05600476,0.03590160,0.00180367,0.00139879,0.02974432,0.00451441,0.10676929,0.01936558,0.02385848,0.16039604,0.04340974,0.06856749,0.25157169,0.14400271,0.17456669,0.14781833,0.06878345,0.05416621,0.00097082,0.03553212,0.02590086,0.00270190,0.19079746,0.04184629,0.03291206,0.96198368,0.07222199,0.01858873,0.21125498,0.02274151,0.05260863,0.02693152,0.17495011,0.01450818,0.07559668,1.31396079,0.29877490,0.15997547,0.03116195,0.12229942,0.06238743,0.07686052,0.00539591,0.02397380,0.03258330,0.00137127,0.09227252,0.02054485,0.05955509,0.00072699,0.00317675,0.00636945,0.02163062,0.03302073,0.01239637,0.06802507,0.01254283,0.11182387,0.00000000,0.02233521,0.05276085,0.00012829,0.01119206,0.51002747,0.00259093,0.00000000,0.14695801,0.08359461,0.00214343,0.00745611,0.01783291,0.03490140,0.01038085,0.01565875,0.08676452,0.00000000,0.00678024,0.03539897,0.00408946,0.07170886,0.01985478,0.19937201,0.93319672,0.00331055,0.00050985,0.01407978,0.00179554,0.14947179,0.03913505,0.00136689,0.08797369,0.21489087,0.00000000,0.02805357,0.01854434,0.00875296,0.74619687,0.23174819,0.02302621,0.28384739,0.00407481,0.00045505,0.04387728,0.04167480,0.00952077,0.03290069,0.54457456,0.05665184,0.02985212,0.17186365,0.16908284,0.02436163,0.02506192,0.00605631,0.07224243,0.00000000,0.06092411,0.21497320,0.00000000,0.07680830,0.00000000,0.04871032,0.02994837,0.00355040,0.03051340,0.02674326,0.35084775,0.02120568,0.00000000,0.82163864,0.10472274,0.01549592,0.00000000,0.04838329,0.00780651,0.76966244,0.08644970,0.14336300,0.12992999,0.04637792,0.06222569,0.00000000,0.02599507,0.03635247,0.20579898,0.05523584,0.08392606,0.00100048,0.00910180,0.00094050,0.00610770,0.10614210,0.08828153,0.04723592,0.04159105,0.00006855,0.00946619,0.05203402,0.01081958,0.00000000,0.04321026,0.01628350,0.23797081,0.01502848,0.04104043,0.52275521,0.33417365,0.06728768,0.02908302,0.02828583,0.00357783,0.00000000,0.18956164,0.00142754,0.11468900,0.00284041,0.00000000,0.00000000,0.00000000,0.12399219,0.02781222,0.04226182,0.14929250,0.01126552,0.05206376,0.03168413,0.17777857,0.04045632,0.07419369,0.19606139,0.27964041,0.03264190,0.04900846,0.00663617,0.17010066,0.18496478,0.00142139,0.00637821,0.00530105,0.00899201,0.03619534,0.02501566,0.00566114,0.00000000,0.00000000,0.05635393,0.01518440,1.16740692,0.01059812,0.01112986,0.08681658,0.00699831,0.00790678,0.01506837,0.13709500,0.04706866,0.09322490,0.23028186,0.00000000,0.00000000,0.01299119,0.05048270,0.04660165,0.07130297,0.06828924,0.09150827,0.00463879,0.34511015,0.00765664,0.38016635,0.04983968,0.04632008,0.00102348,0.44998646,0.00000000,0.00118550,0.64895844,0.26496103,0.00083577,0.00643966,0.00102282,0.01484298,0.03484999,0.00582033,0.02779540,0.01089588,0.00014894,0.00000000,0.08101188,0.34464356,0.26220638,0.02579992,0.08170533,0.53445446,0.05455796,0.37728852,0.14081722,0.02202325,0.43173954,0.00000000,0.00040103,0.14807718,0.00630859,0.02061626,0.05048212,0.00000000,0.02070916,0.00349736,0.00126207,0.06388969,0.06178935,0.60040802,0.13369435,0.00158962,0.07169935,0.00541179,0.10031910,0.08140196,0.00425663,0.01330852,0.00146994,0.02023983,0.01693873,0.01145938,0.06846605,0.05932380,0.08747990,0.21604335,0.13405427,0.00000000,0.02790150,0.00228032,0.00000000,0.03374947,0.03928271,0.02297180,0.03931573,0.00266592,0.00000000,0.02970536,0.00239262,0.13998583,0.02918581,0.01366719,0.00193840,0.19768222,0.00082559,0.02520587,0.21701266,0.04858519,0.00514855,0.00846453,0.00021406,0.30309400,0.02176117,0.21108818,0.00000000,0.00380111,0.04815141,0.14199838,0.01497554,0.06724706,0.09069482,0.06655434,0.00876890,0.06828681,0.30214724,0.00232269,0.02745757,0.00705072,0.00147534,0.11914211,0.27062836,0.00257318,0.00000000,0.00000000,0.01838377,0.02634080,0.00088400,0.31819153,0.23602337,0.01135831,0.00786231,0.14750655,0.03353152,0.42246678,0.00337230,0.01769387,1.00622165,0.01040730,0.01684227,0.11371697,0.00268030,0.49573222,0.17937884,0.00000000,0.02141868,0.02631388,0.00396293,0.00022497,0.13804223,0.00349880,4.89904594,0.17349738,0.00373610,0.00731067,0.00000000,0.00210610,0.60024828,0.01460179,0.05812548,0.05005387,0.46057674,0.10358647,0.01922237,0.00205094,0.00000000,0.00067855,0.00829306,0.03493148,0.01121112,0.03341430,0.03161008,0.13095477,0.03376979,0.04752865,0.24501961,0.07184689,0.00000000,0.52970719,0.00000000,0.05863591,0.00000000,0.24135214,0.02260411,0.21194863,0.25937003,0.01661080,0.40033191,0.01502601,0.01119857,0.00205874,0.05192166,0.02708181,0.00541111,0.02271798,0.08222336,0.06420334,0.02043691,0.00756644,0.22687629,0.09584490,0.13304612,0.00452727,0.00000000,0.00408088,0.25800645,0.00713183,0.00818256,1.04282379,0.05075321,1.58321738,0.00000000,0.04527027,0.23194355,0.08775801,0.01672288,0.01097334,0.19448265,0.00222210,0.00245373,0.00285902,0.03482230,0.00137681,0.16744018,0.08874848,0.04969939,0.57020050,0.00021091,0.00896279,0.02356387,0.24534023,0.00000000,0.03657125,0.02639746,0.01401574,0.00354004,0.00000000,0.00885117,0.07254703,0.05637125,0.06742597,0.08089840,0.04537996,0.02927098,0.00403502,0.01498483,0.03594309,0.00935216,0.04997851,0.00824873,0.00236155,0.04633081,0.02565484,0.09812658,0.01887393,0.00139182,0.03034183,0.75459945,0.00487500,0.20693600,0.25185293,0.02895518,0.01102466,0.00734191,0.17577252,0.00066734,0.29677582,0.14059937,0.03548204,0.00365772,0.00809864,0.08302931,0.07263658,0.03608499,0.15775074,0.05477652,0.00437348,0.00500620,0.00181059,0.02581014,0.02874125,0.01632994,0.00291553,0.53718704,0.00721765,0.02296059,1.23557639,0.01527862,0.00000000,0.00000000,0.10735285,0.75302219,0.04265388,0.00028010,0.01922598,0.05913799,0.00000000,0.02349145,0.01907602,0.35633415,0.08760649,0.00364479,0.00164059,0.00998391,0.00000000,0.00002711,0.00000000,0.04732992,0.04774668,0.00154871,0.02945390,0.03174311,0.10880185,0.02412810,0.04489836,0.00796810,0.38072541,0.01484825,0.04670445,0.00651519,0.01522169,0.00128848,0.03712959,0.01076795,0.01072386,0.00897939,0.01745585,0.01950295,0.00409544,0.03261618,0.00993580,0.51904821,0.00153625,0.00849990,0.03240945,0.07420785,0.92028004,0.06269932,0.93155277,0.32587397,0.41302109,0.56088048,0.00118991,0.00547250,0.13047521,0.07827193,1.30306184,0.57875681,0.01819570,0.01786330,0.04565035,0.31067353,0.12036051,0.10764497,0.01743800,0.00303339,0.03655621,0.01223104,0.00049823,0.06484486,0.00523566,0.01289983,0.01503712,0.18926464,0.02061631,0.00965711,0.03087633,0.10796869,0.18611184,0.18534733,0.01348571,0.00000000,0.05819886,0.00000000,0.00000000,0.01276247,0.00417186,0.00459415,0.09228271,0.00000000,0.00308186,0.00406732,0.06585465,0.00048081,0.04246569,0.00031220,0.04817515,0.00189054,0.04929292,0.28563726,0.09106342,0.00000000,0.00095327,0.08084809,0.69335997,0.06153017,0.29333666,0.01866668,0.00858999,0.23654111,0.24387085,0.10799515,0.00914287,0.10529383,0.08176462,0.04205389,0.00362413,0.05129417,0.02057561,0.02896180,0.07969881,0.06011723,0.20574242,0.06530181,0.04834108,0.05583035,1.05885649,0.04144283,0.64014977,0.08966228,0.06766602,0.00000000,0.06376573,0.06596331,0.06583381,0.11453368,0.07186836,0.00210026,0.02937574,0.15026599,0.11180485,0.02059295,0.00501579,0.00108284,0.01837992,0.29167119,0.03243048,0.25423229,0.69570667,0.00146647,0.12194080,0.07963842,0.07624605,0.00261163,0.13340724,0.01487150,0.09555214,0.00000000,0.00202571,0.05082828,0.07512663,0.01026864,0.44333863,0.09503265,0.01268687,0.00022500,0.01164476,0.00157849,0.17246187,0.03872934,0.11941305,0.04938555,0.16470635,0.00172397,0.04341175,0.08754498,0.00474393,0.01007202,0.00987270,0.20612568,0.04635182,0.00364146,0.02491532,0.04837082,0.10610087,0.00893550,0.00000000,0.25918427,0.91494751,0.05850665,0.34062347,0.00000000,0.06192521,0.09327758,0.29824752,0.07521033,0.02607911,0.00360829,0.00306210,0.07478623,0.04491865,0.14332658,0.03935340,0.00000000,0.18251781,0.01190140,0.00445755,0.70350856,0.02109721,0.06450883,0.02805890,0.00000000,0.01479223,0.00000000,0.26639387,0.00803931,0.05607295,0.00055301,0.02602948,0.00913279,1.19630742,0.22341350,0.00031172,0.11111189,0.00478721,0.13801478,0.00014382,0.27283257,0.02790297,0.07289399,0.00000000,0.02445556,0.04773587,0.50699270,0.00998971,0.00149850,0.09484849,0.02310943,0.10568230,0.06699860,0.02566029,0.01209360,0.00100824,0.32442212,0.15947849,0.22085862,0.01879379,0.06266579,0.08310512,0.07479744,0.39057744,0.02277760,0.18402037,0.00219344,0.00000000,0.06578428,0.02866461,0.00886456,0.15004325,0.00000000,0.04343443,0.01048583,0.00126406,0.00007150,0.00000000,0.00954092,0.00853722,0.02937828,1.17341101,0.00000000,0.21709624,0.10247798,0.04753040,0.08584797,0.09003681,0.00000000,0.08330669,0.00000000,0.00390048,0.09295849,0.00000000,0.11714648,0.01040748,0.00133111,0.54258955,0.00034249,0.09114424,0.01315843,0.15982069,1.04252410,0.00133088,0.01796780,0.00663833,0.28400284,0.30452797,0.09404311,0.00000000,0.00000000,0.01957918,0.00371287,0.21318974,0.64888269,0.21702002,0.00653877,0.00475087,0.04619518,0.05946666,0.40906298,0.02523896,0.06086495,0.00000000,0.00000000,0.02430842,0.00573437,0.18294182,0.05768104,0.01122870,0.00000000,0.00085197,0.10486639,0.11524662,0.06122696,0.12757026,0.01417696,2.76610041,0.00685213,0.00223584,0.00346590,0.48260662,0.00811973,0.11651769,0.34757417,0.02254242,0.00000000,0.46636248,0.02706492,0.00979836,0.00023593,0.01049926,0.00761168,0.03237462,0.11341396,0.00000000,0.01974370,0.01576305,0.00146148,0.04081528,0.00029198,0.08856557,0.03553662,0.01873143,0.00468248,0.01372125,0.03218847,0.07863718,0.03220438,0.02100862,0.00079279,0.08686619,0.04499924,0.00732359,0.08292509,0.00000000,0.00018110,0.07999535,0.11728328,0.09723957,0.11492953,0.08306905,0.09242510,0.01882419,0.00046449,0.01110775,0.01231325,0.03342837,0.59432662,0.20365754,0.01988715,0.03769763,0.85276437,0.00197692,0.00377155,0.00170582,0.02816035,0.20548744,0.10012539,0.00000000,0.21901594,0.00000000,0.00996293,0.00000000,0.08659598,0.39405409,0.07463421,0.00000000,0.06634247,0.10719509,0.00969434,0.63405699,0.00000000,0.01030563,0.14126703,0.01354659,0.13305672,1.37318993,0.20712307,0.02844374,0.00170449,0.00752945,0.19045317,0.01008108,0.00000000,0.01620036,0.00124963,0.06954747,0.24027683,0.57010794,0.01485353,0.02764247,0.04330010,0.04555029,0.15035985,0.39162251,0.05067483,0.28551158,0.00774924,0.18349351,0.22706908,0.08818839,0.14260149,0.10970429,0.02602961,0.10351361,1.51681232,0.02882113,0.03239702,0.06856173,0.06134371,0.00000000,0.05765198,0.13815792,0.02357929,0.01282139,0.08389724,0.03414006,0.18207595,0.00146299,0.00222315,0.00000000,0.01680698,0.06408565,0.11149821,0.90149713,0.00942550,0.03525873,0.02304212,0.28296733,0.03511861,0.07332707,0.07469822,0.00278099,0.00000000,0.15851241,0.06677268,0.00868998,0.00165807,0.00016166,0.04015286,0.01635410,0.25931039,0.44774911,0.00955995,0.07970046,0.07509170,0.22076316,0.01808580,0.00169678,0.99720252,0.45264205,0.00266798,0.00852280,0.00689968,0.04039909,0.20450220,0.01452509,0.07682854,0.32342419,0.00015680,0.00447870,0.00000000,0.05575276,0.00836110,0.24320646,0.00000000,0.03542915,0.00398690,0.10799246,0.00799215,0.00007926,0.02387949,0.27304906,0.06703325,0.00011964,0.00000000,0.17619345,0.00000000,0.09038986,0.01729497,0.02404745,0.00555428,0.08425616,0.01951479,0.08966658,0.04678916,0.24571234,0.00768824,0.03447602,0.00000000,0.00915940,0.04622870,0.07187851,0.00000000,0.00169590,0.41040730,0.01552603,0.00130299,0.16739577,0.00350295,0.13499355,0.43060654,0.08852897,0.03652873,0.08431540,0.10797878,0.08381782,2.18127441,0.01809921,0.01101184,0.01968382,0.03796348,0.00606218,0.33871254,0.46368912,0.00000000,0.03053514,0.49710014,0.03918193,0.01225557,0.01411174,0.00222982,0.01408886,0.93071038,0.00758437,0.01460613,0.00966399,0.00129622,0.00479580,0.00128419,0.00086650,0.08632503,0.13070545,0.00000000,0.01628371,0.06584188,0.00742891,0.50073260,0.01684436,0.00000000,0.30848253,0.00183253,0.01047138,0.01661057,0.10351199,0.00104320,0.03263098,0.00000000,0.01592391,0.03796573,0.00000000,0.00009861,0.05219266,0.19678007,0.03022541,0.09380403,0.01860113,0.24639145,0.10097803,0.01782692,0.01577459,0.08801967,0.00994214,0.14515568,0.08313587,0.45719770,0.03807804,0.02454193,0.54477775,0.01455991,0.12508589,0.02769471,0.16367903,0.01480966,0.01696469,0.14533162,0.03571941,0.04233734,0.00259575,0.00123657,0.00000000,0.00275552,0.00349966,0.00067343,0.06077836,0.09644850,0.02505927,0.00426310,0.79574955,0.01608860,0.01422589,0.11918403,0.03649909,0.00118614,0.15378173,0.10474277,0.00013204,0.00000000,0.00100734,0.00384229,0.21320589,0.10248347,0.00000000,0.18387464,0.05181856,0.08778861,0.01108734,0.00000000,0.08400038,0.00000000,0.03402423,0.11679452,0.00374626,0.03370111,0.10298611,0.06385683,0.26003909,0.03912587,0.08245091,0.07290950,0.21390487,0.00438824,0.31516171,0.06594003,0.00000000,0.00423792,0.00000000,0.90647018,0.00147097,0.06471900,0.32679442,0.00000000,0.24838293,0.04022907,0.00023925,0.00000000,0.00281818,0.00146590,0.00296404,0.02952978,0.00000000,0.00052559,0.02608594,0.00000000,0.03304641,0.05279771,0.79623955,0.03086190,0.00000000,0.18101460,0.07734032,0.11012284,0.00029168,0.28473449,0.19422075,0.00000000,0.00900532,0.00064548,0.00000000,0.03596531,0.35211733,0.03535377,0.00429446,0.00250162,0.00000000,0.00015779,0.04239914,0.00689904,0.02829237,0.00000000,0.00000000,0.00675289,0.24678381,0.11264768,0.00000000,0.00958538,0.00791422,0.00119716,0.05920616,0.08938020,0.09821696,0.15698373,0.00742154,0.01360118,0.38829654,0.29095408,0.03910771,0.00061286,0.01081761,0.23416691,0.11882980,0.15717627,0.01659528,0.00247506,0.00997614,0.12479107,0.00000000,0.05487549,0.02404438,0.09636973,0.00215914,0.05255541,0.03138790,0.07963936,0.06824833,0.00246999,0.02598545,0.00143510,0.31350690,0.00682348,0.03766202,0.00000000,0.00392355,0.02379210,0.04067726,0.30341688,0.00806842,0.00000000,0.16144642,0.00004920,0.18838526,0.31117645,1.12998629,0.20168157,0.01910568,0.02348859,0.16131040,0.00730750,0.00158211,0.01770858,0.00000000,0.54071808,0.00090849,0.00182836,0.02443675,0.31311253,0.02932346,2.09233665,0.01152808,0.05110360,0.03762202,0.00561240,0.10935636,0.01242573,0.07592835,0.01803873,0.24821706,0.15045759,0.01523115,0.14293076,0.04693506,0.00350526,0.00000000,0.05353909,0.02457184,0.01685882,0.00272468,0.00454889,0.00568435,0.05342875,0.00000000,0.64542377,0.00000000,0.00153273,0.00747053,0.00000000,0.10144379,0.00000000,0.11753220,0.06933551,0.00388608,0.24898687,0.00337928,0.16328025,0.01560976,0.00445656,0.01193760,0.11821398,0.26152986,0.00041665,0.06321570,1.02908146,0.04494017,0.03717306,0.02683111,0.00052901,0.00528715,0.03894541,0.00381916,0.00000000,0.02618399,0.06059334,0.10624210,0.12881850,0.09507732,0.06973021,0.02923259,0.14883538,0.00535319,0.15883492,0.00000000,0.00263592,0.14415096,0.01374280,0.00937948,0.00442874,0.08058423,0.05993944,0.12864290,0.20671403,0.08877562,0.07149817,0.00556612,0.30326807,1.14673400,0.00307066,0.57964605,0.10527015,0.10824721,0.07485635,0.01898174,0.00000000,0.03888920,0.00000000,0.01000959,0.01108557,0.10592381,0.08177634,0.13306211,0.01238459,0.00187262,0.05271469,0.00000000,0.02708987,0.04295521,0.11396170,0.00449170,0.00057235,0.03263634,0.01074690,0.00836985,0.00357563,0.61221480,0.04638407,0.00000000,0.00055103,0.21738246,0.00942110,0.01762819,0.00000000,0.00000000,0.46861514,0.15592992,0.50706971,0.57982397,0.48284239,0.02257496,0.01546436,0.02589387,0.01167468,0.00050411,0.01706219,0.00073740,0.02607552,0.00717398,0.11785626,0.03553150,0.02172440,0.02156735,0.00995294,0.11108153,0.00530616,0.70054561,0.01188096,0.04960936,0.00642557,0.05418384,0.02536541,0.02975995,0.10817683,0.06051838,0.00193650,0.09818903,0.07456848,0.00932090,0.11598085,0.08100569,0.01523320,0.02112161,0.29577446,0.01498492,0.00455810,0.00495328,0.16984956,0.03552314,0.00611542,0.00000000,0.00464595,0.02135080,0.00622505,0.00846527,0.09166191,0.20124605,0.02963296,0.00117639,0.00875949,0.01115416,0.01615029,0.01356103,0.00757358,0.22505023,0.00000000,0.01249101,1.40646303,0.02918049,0.74331188,0.02497079,0.00742156,0.23424534,0.07169057,0.04413713,0.28857020,0.02915026,0.06268004,0.22953489,0.00202305,0.06716499,0.25763217,0.00392034,0.04939788,0.15235610,0.00875156,0.05494076,0.06921691,0.02686266,0.01347705,0.00254909,0.04779790,0.04238160,0.08723078,0.04316736,0.21807748,0.01048849,0.11388584,0.00344687,0.00934096,0.00062884,0.03542048,0.06957832,0.68313658,0.00981369,0.00917499,0.02465057,0.18130043,0.01325539,0.01596803,0.00955908,0.01288681,0.01115611,0.08171958,0.00000000,0.00000000,0.01320653,0.02297744,0.18864188,0.01817508,1.67494297,0.00544496,0.00923041,0.02419774,0.31837162,0.24226135,0.00000000,0.36869377,0.02183321,0.02841384,0.29090112,0.00579831,0.02198054,0.00000000,0.01066221,0.04312375,0.01963177,0.01156820,0.05106229,0.00375574,0.00907516,0.00078501,0.08308865,0.10738088,0.01352762,0.09538028,0.11891605,0.14221555,0.01632519,0.06602304,0.09715982,0.03626708,0.13291979,0.04017266,0.04888222,0.05728123,0.00884523,0.02993726,0.03982936,0.72304195,0.29383802,0.22907054,0.03854667,0.00000000,0.00309520,0.01413085,0.02447866,0.02928591,0.01401862,0.04069228,0.52651525,0.10344796,0.24066624,0.00422385,0.05825241,0.03337046,0.79400438,0.12642613,0.14959714,0.03648116,0.00458359,0.18070617,0.00773412,0.16147175,0.05508275,0.02572290,0.17862771,0.01391548,0.00078653,0.38493583,0.00433207,0.02143335,0.05176783,0.11236753,0.00267228,0.47418323,0.00000000,0.07839093,0.03292421,0.03275021,0.00000000,0.01056787,0.00634605,0.02182939,0.27504927,0.37673572,0.13799810,0.02723143,0.03228665,0.03299367,0.00700734,0.02204228,0.59260082,0.00010657,0.00028603,0.00622157,0.00000000,0.08094682,0.00000000,0.00000000,0.23748955,0.04903265,0.01695830,0.00169049,0.08742719,0.00004877,0.24082476,0.00736500,0.00477910,0.01516482,0.06403606,0.07511462,0.01335200,0.10397130,0.00049957,0.01739302,0.01060512,0.31120276,0.10311949,0.00000000,0.00040337,0.00011288,0.00223289,0.28262392,0.01035463,0.02962662,0.03936519,0.00361244,0.07200807,0.18076763,0.00346417,0.00174032,0.00000000,0.00016135,0.00763219,0.11883353,0.08107367,0.01816016,0.21774697,0.06509718,0.00515237,0.00491808,0.48472819,0.00242743,0.35512593,0.11928253,0.11448371,0.00000000,0.62034154,0.02554579,0.31315115,0.01829825,0.00451567,0.18435435,0.04257619,0.04287990,0.00000000,0.01160537,0.00625991,0.02565135,0.04659532,0.07002102,0.00008056,0.11715471,0.03927784,0.00080376,0.01175279,0.13203870,0.09301744,0.07575730,0.00305744,0.09952697,0.01086548,0.01686535,0.01320163,0.17697901,0.07377823,0.13261037,0.03139073,0.00525140,0.16231374,0.01049883,0.28960961,0.03975867,0.02510615,0.13825364,0.71786916,0.00377809,0.02351277,0.00000000,0.06908745,0.11337785,0.00292806,0.05560663,0.04187286,0.03929268,0.00658527,0.03813821,0.00610489,0.00764109,0.11237710,0.00631958,0.16667984,0.03506296,0.03195842,0.62940961,0.00350227,0.16359106,0.18452039,0.01489407,0.00185367,0.03537482,0.02077608,0.09308105,0.01749856,0.01129231,0.06161914,0.06273832,0.00737619,0.02294547,0.24060121,0.19976667,0.20121647,0.22981727,0.00593298,0.00527780,0.07917224,0.01474469,0.05081068,0.00000000,0.00000000,0.04638316,0.16496530,0.22756194,0.02184579,0.35251039,0.03832911,0.02393835,0.63011926,0.00000000,0.62020946,0.00000000,0.01850690,0.09779932,0.00174841,0.00749422,0.03486353,0.08724198,0.00352706,0.07757099,0.00000000,0.33844221,0.00999899,0.00192220,0.03304265,0.11280703,0.00705369,0.00000000,0.00434329,0.00000000,0.25255802,0.00000000,0.01302585,0.00334214,0.20862980,0.06649423,0.20689319,0.01041915,0.03799208,0.00000000,0.00000000,0.07540002,0.13365379,0.07631909,0.09246094,0.06360660,0.02745694,0.00000000,0.12505934,0.01190195,0.00244474,0.21013296,0.00148312,0.16884792,0.12827060,0.00000000,0.02786249,0.01610971,0.13864154,0.00000000,0.03854470,0.13187820,0.00000000,0.01515657,0.01581938,0.00062698,0.00627121,0.04453274,0.34502906,0.08981369,0.14107567,0.05780112,0.06183994,0.02669828,0.11565627,0.02283662,0.08008563,0.04045765,0.03616259,0.00000000,0.00000000,0.00000000,0.12725683,0.02456608,0.15729107,0.05022712,0.70362765,0.07805999,0.46549395,0.00205297,0.01125106,0.05730833,0.07769135,0.00524690,0.56942654,0.24255420,0.02766908,0.08500794,0.10717143,0.00704731,0.00459411,0.11415893,0.00000000,0.20732926,0.10090577,0.04194648,0.04431241,0.04592697,0.01714653,0.05063508,0.13352464,0.02141362,0.02288162,0.35147518,0.67064035,0.00558914,0.04010892,0.04400096,0.05396325,0.14855926,0.07856314,0.00000000,0.04750060,0.00276710,0.04956649,0.31348762,0.12776993,0.01420065,0.02584166,0.00000000,0.05729006,0.05867149,0.25259435,0.01678859,0.42604786,0.07422411,0.07255303,0.01934608,0.00043088,0.00351666,0.02470876,0.03234630,0.10391936,0.00393880,0.03117691,0.18698335,0.14721461,0.17433383,0.27872393,0.01517526,0.16197948,0.00173054,0.03562919,0.16794524,0.19358936,0.19256823,0.00359432,0.08973939,0.01526904,0.04539447,0.42192382,0.01198440,0.00106891,0.21807265,0.01378822,0.11520297,0.06523935,0.03337231,0.16867527,0.01635641,0.24333207,0.09147266,0.00749869,0.00000000,0.00240898,0.42171213,0.07573168,0.23497280,0.04624888,0.00580557,0.00242586,0.00000000,0.22779168,0.01447161,0.00000000,0.13698770,0.02476165,0.00000000,0.06560914,0.03899176,0.50639313,0.00000000,0.00305519,0.07379623,0.04345475,0.01123103,0.04929344,0.22754626,0.10398505,0.05244353,0.00000000,0.03881801,0.01897208,0.10670239,0.00378963,0.07748999,0.31283119,0.00000000,0.05792436,0.02435021,0.31536269,0.01080623,0.16502321,0.03879425,0.01209593,0.00301584,0.00183126,0.06440661,0.08858797,0.02507291,0.01539322,0.07387439,0.00433569,0.00964333,0.02034084,0.09597921,0.02224466,0.00792309,0.08731326,0.01344935,0.00000000,0.12282132,0.00867578,0.00705179,0.05646154,0.01072906,0.00780022,0.13564399,0.15615350,0.00079726,0.03180127,0.04910785,0.13372068,0.00226883,0.05658978,0.21131438,0.02494112,0.07777182,0.15620840,0.15108411,0.05158684,0.00079265,0.03682171,0.01014852,0.01234348,0.01190531,0.05633687,0.01638603,0.00099988,0.11480304,0.02856396,0.01542672,0.05540131,0.13424990,0.02498177,0.03145865,0.00042164,0.01028405,0.00000000,0.01089919,0.00000000,0.36630571,0.00000000,0.05179624,0.22582059,0.03880468,0.00000000,0.07666263,0.05082162,0.01201727,0.01161591,0.02387254,0.00000000,0.01981026,0.01469787,0.03319009,0.01752561,0.00600765,0.06741183,0.01554551,0.04091087,0.01778514,0.01440525,0.02347109,0.00000000,0.66083139,0.02486943,0.03390464,0.11304091,0.14732650,0.14401565,0.00045231,0.00684098,0.11636387,0.01713979,0.21868333,0.19205169,0.04229563,0.02831129,0.00000000,0.00279066,0.18123208,0.09940554,0.03523552,0.02754620,0.15024354,0.32226345,0.03553922,0.00132662,0.00596934,0.06330664,0.05129026,0.10974895,0.04896143,0.04965205,0.00477207,0.00322444,0.01399491,0.00670711,0.05036346,0.03607576,0.03311525,0.06803156,0.07574914,0.05320405,0.07227431,0.05452665,0.09752063,0.13509493,0.08947390,0.05670714,0.00256855,0.03800178,0.05280958,0.00682638,0.15219796,0.03190447,0.02628051,0.34560975,0.11599220,0.01762746,0.17463908,0.02217043,0.01859990,0.02666896,0.06812885,0.01183506,0.06522710,0.85669953,0.43235898,0.13521688,0.05293880,0.17585786,0.08791421,0.08709087,0.00673751,0.02447844,0.05817029,0.00362805,0.06709977,0.02790315,0.05833825,0.00192343,0.00520161,0.00913285,0.02519908,0.03488757,0.01710998,0.03164748,0.02291647,0.14454623,0.00000000,0.03839968,0.04755170,0.00033943,0.02033899,0.31002659,0.00398246,0.00000000,0.09802131,0.06610067,0.00440206,0.01137650,0.03881272,0.05301459,0.01338606,0.02687411,0.10806175,0.00000000,0.00585655,0.01474973,0.01062425,0.05891934,0.02085324,0.23704919,0.38452914,0.00705175,0.00134893,0.01227316,0.00475055,0.08216538,0.05476452,0.00361645,0.08794875,0.23365331,0.00000000,0.03423611,0.01911636,0.01666664,0.31905907,0.14383307,0.01921088,0.29553035,0.01078094,0.00120395,0.05599849,0.06764487,0.02518958,0.04253161,0.40733364,0.04476744,0.02476932,0.16567329,0.08892591,0.03722051,0.03317149,0.01571404,0.10963199,0.00000000,0.04922749,0.18966651,0.00000000,0.06573833,0.00000000,0.04689162,0.05637290,0.00913133,0.05397929,0.03929723,0.41791111,0.01566740,0.00000000,0.31809303,0.08807226,0.01634764,0.00000000,0.06216097,0.02065408,0.50500548,0.19095416,0.11278511,0.10749722,0.04064950,0.06158245,0.00000000,0.05592250,0.03332103,0.16858873,0.05477656,0.11102250,0.00264703,0.02199754,0.00248833,0.01133754,0.07669152,0.04040117,0.06016328,0.04505259,0.00018137,0.02134524,0.03756774,0.02260739,0.00000000,0.04397915,0.02663343,0.22679462,0.01521927,0.05519221,0.26334774,0.17271313,0.10235725,0.04048914,0.04071224,0.00946606,0.00000000,0.13203423,0.00377691,0.09258669,0.00496347,0.00000000,0.00000000,0.00000000,0.04244114,0.04106504,0.03913781,0.18770990,0.00934076,0.07526962,0.03255126,0.10311639,0.03400444,0.09892949,0.12577134,0.12344585,0.04063898,0.04961982,0.01755766,0.06011551,0.12935740,0.00376065,0.01687516,0.00744507,0.01449480,0.03077778,0.02597533,0.01497798,0.00000000,0.00000000,0.11111212,0.02829023,0.35502797,0.02010589,0.01333787,0.17759979,0.00987921,0.01459887,0.02590257,0.25580251,0.04531454,0.15014493,0.20847590,0.00000000,0.00000000,0.02528810,0.04717921,0.04693453,0.05452205,0.03379675,0.06015676,0.00813737,0.27264759,0.00689406,0.25419027,0.04115009,0.06345377,0.00270787,0.28979531,0.00000000,0.00175547,0.41716301,0.25326744,0.00197299,0.00663314,0.00222448,0.02026096,0.03452107,0.01105468,0.06554443,0.01621701,0.00039406,0.00000000,0.08589728,0.25981483,0.32897374,0.02722112,0.05354897,0.35054320,0.11103557,0.35621586,0.14511991,0.05379190,0.25796711,0.00000000,0.00106103,0.07962017,0.00781961,0.03043023,0.07154740,0.00000000,0.02436220,0.00452976,0.00333913,0.06402601,0.04524879,0.29184952,0.14400396,0.00224904,0.12542254,0.00732823,0.11365090,0.04791422,0.00821482,0.02932954,0.00319028,0.03457776,0.02893835,0.01367585,0.06807177,0.03596773,0.10817354,0.11534645,0.12280300,0.00000000,0.03422496,0.00603317,0.00000000,0.02957887,0.04982737,0.01537948,0.03377065,0.00367395,0.00000000,0.03264260,0.00633027,0.09504141,0.05323211,0.01345713,0.00512853,0.14125530,0.00218431,0.03253800,0.15072238,0.03171315,0.00937316,0.01649341,0.00041427,0.16050872,0.03152388,0.24196252,0.00000000,0.01005679,0.01966243,0.08288148,0.01830705,0.11380699,0.13650177,0.12135906,0.01076524,0.07662203,0.13577637,0.00422456,0.06478401,0.00972378,0.00380957,0.09669976,0.13798527,0.00680799,0.00000000,0.00000000,0.02531083,0.06007246,0.00233884,0.23789389,0.13069895,0.02957889,0.01450296,0.22956146,0.02155584,0.40420857,0.00892227,0.03117655,0.41714180,0.02358563,0.01659224,0.11954033,0.00592185,0.32870904,0.10560143,0.00000000,0.01653314,0.03414647,0.01004428,0.00059521,0.13991863,0.00465004,1.02790570,0.15389313,0.00988480,0.01347557,0.00000000,0.00548628,0.45749247,0.02539753,0.05502771,0.06433589,0.21070670,0.07321918,0.01505134,0.00358777,0.00000000,0.00179528,0.01271715,0.04720669,0.02142294,0.05639444,0.02327709,0.20042896,0.04049807,0.06380792,0.15139069,0.07828579,0.00000000,0.14461637,0.00000000,0.05659448,0.00000000,0.15361528,0.02585668,0.18456118,0.13267654,0.01586479,0.31144491,0.03183594,0.01524636,0.00544691,0.06332672,0.03645577,0.00824780,0.04268483,0.03686326,0.04095685,0.05407096,0.01163896,0.31878108,0.08170693,0.15887921,0.00716417,0.00000000,0.00885798,0.09680095,0.01460209,0.01414124,0.36298180,0.04272869,0.43612447,0.00000000,0.04668663,0.16846359,0.14462738,0.02848576,0.01585075,0.19796260,0.00582552,0.00528846,0.00683871,0.03655142,0.00267590,0.13371183,0.07816572,0.06427864,0.16095410,0.00055802,0.01562234,0.03120563,0.18633485,0.00000000,0.02367161,0.04151350,0.03056640,0.00817619,0.00000000,0.00991042,0.05940026,0.07035643,0.07653861,0.06257439,0.03872642,0.03992577,0.00477203,0.01551384,0.06452224,0.01871246,0.02898921,0.01496005,0.00327295,0.04573625,0.05421175,0.10118619,0.02464918,0.00368242,0.03985329,0.17674361,0.00912603,0.20985326,0.22054230,0.05083504,0.02262503,0.01481699,0.18995038,0.00176562,0.12507863,0.07615526,0.02620901,0.00610913,0.02142699,0.06750041,0.09320040,0.03618463,0.12175769,0.08338878,0.01018103,0.01075019,0.00441732,0.04750254,0.05490023,0.02065282,0.00317387,0.33012357,0.01188747,0.02472975,0.56285465,0.01734490,0.00000000,0.00000000,0.11958695,0.20523092,0.03689066,0.00074108,0.02713537,0.05853188,0.00000000,0.02710162,0.01409054,0.22160411,0.10820626,0.00964322,0.00434058,0.01598844,0.00000000,0.00007173,0.00000000,0.04003196,0.08399589,0.00332400,0.02840323,0.03759879,0.06029354,0.02391806,0.05893576,0.01260654,0.18340422,0.01690074,0.02953374,0.01465611,0.02309430,0.00340900,0.06930604,0.01283755,0.01459752,0.01119373,0.02153961,0.01965408,0.00714203,0.02439276,0.01933901,0.36942187,0.00406453,0.02248863,0.06464107,0.12759018,0.22534364,0.02339997,0.23916958,0.31237197,0.39449668,0.20900774,0.00220670,0.00798101,0.10589410,0.06614126,0.47794619,0.31942314,0.04814129,0.02704700,0.02080286,0.26232487,0.14772843,0.10892188,0.03763421,0.00802559,0.04711530,0.01237248,0.00131819,0.05934383,0.00569849,0.01923117,0.01789017,0.22179633,0.02087858,0.01838749,0.04128591,0.08328620,0.15849479,0.11756624,0.03567982,0.00000000,0.06818383,0.00000000,0.00000000,0.01410024,0.00711006,0.01021300,0.15012866,0.00000000,0.00814364,0.00850907,0.09822890,0.00127211,0.04092131,0.00082600,0.05446345,0.00500190,0.05611002,0.19228445,0.06823544,0.00000000,0.00166905,0.10131558,0.44690225,0.05687668,0.16732322,0.02726290,0.01481815,0.17414610,0.23026927,0.14147247,0.00929606,0.06776354,0.08725059,0.08748176,0.00660123,0.03509314,0.03697680,0.03872405,0.09812837,0.05200691,0.24366328,0.04805978,0.07206110,0.04754785,0.50739473,0.03080642,0.34700093,0.03598677,0.09575235,0.00000000,0.06323031,0.05675898,0.07864931,0.12843889,0.07216861,0.00555676,0.02655676,0.17149515,0.05535201,0.04380031,0.01327053,0.00271420,0.02465674,0.09704799,0.03750034,0.19969635,0.51251370,0.00387991,0.08481431,0.06973523,0.03126043,0.00552527,0.14559147,0.01736485,0.06008857,0.00000000,0.00375706,0.03635288,0.10090304,0.02678495,0.26868373,0.11673650,0.02614957,0.00059530,0.01293188,0.00417631,0.15296119,0.05171898,0.08790024,0.03100519,0.12391999,0.00355385,0.02045900,0.04786894,0.00603900,0.02066145,0.01360109,0.29173791,0.06936467,0.00623091,0.02265584,0.05490424,0.10257328,0.01103300,0.00000000,0.21012607,0.19476558,0.03382317,0.41620606,0.00000000,0.05272763,0.07724532,0.13704945,0.06199931,0.04277193,0.00908805,0.00502269,0.03697221,0.01740454,0.16305906,0.03345323,0.00000000,0.23582254,0.03148814,0.00782732,0.37148935,0.03144029,0.10122174,0.02721317,0.00000000,0.02392629,0.00000000,0.19786215,0.01801719,0.05925391,0.00146314,0.06499469,0.01255621,0.73364276,0.15977378,0.00082474,0.09601367,0.00852178,0.09348264,0.00038052,0.19669831,0.04042655,0.08854701,0.00000000,0.01884246,0.05587116,0.32565391,0.02596023,0.00372142,0.06579832,0.03758900,0.07911763,0.05691338,0.04447223,0.01983844,0.00174855,0.37382427,0.15587614,0.19202925,0.01389412,0.06796964,0.20869632,0.12171959,0.33828697,0.03477821,0.13588847,0.00335695,0.00000000,0.06949889,0.03336556,0.01613052,0.12853588,0.00000000,0.06698056,0.00934718,0.00314659,0.00018917,0.00000000,0.01437022,0.01109415,0.04066031,0.35700148,0.00000000,0.29445451,0.09524399,0.09268893,0.04288752,0.02522771,0.00000000,0.04618968,0.00000000,0.01031970,0.03783296,0.00000000,0.07989468,0.02284059,0.00352180,0.16719817,0.00090615,0.05980660,0.02305113,0.07980686,0.72217071,0.00248982,0.04731267,0.00784953,0.22767618,0.16226262,0.05824450,0.00000000,0.00000000,0.02869400,0.00774630,0.10957515,0.17768240,0.30322579,0.01432077,0.00898535,0.04693749,0.09513719,0.14634424,0.02777796,0.07299630,0.00000000,0.00000000,0.02307201,0.01008912,0.24077129,0.05576189,0.01916914,0.00000000,0.00153720,0.11167507,0.16047809,0.07446314,0.11824166,0.02364045,0.48811445,0.01812904,0.00424133,0.00916992,0.26269856,0.01459504,0.09756954,0.31401625,0.05701572,0.00000000,0.22342059,0.02838685,0.02592404,0.00062422,0.01505672,0.01184063,0.07805021,0.08405075,0.00000000,0.03420993,0.01916982,0.00173539,0.06450091,0.00050575,0.13458623,0.05840359,0.01907805,0.01238867,0.03319354,0.02837841,0.06296697,0.03606996,0.02171123,0.00180263,0.08362679,0.05871590,0.01132298,0.05949349,0.00000000,0.00047914,0.10229269,0.10407623,0.11840295,0.06797536,0.07173806,0.06675515,0.02274560,0.00089203,0.02938835,0.01526748,0.04117904,0.42047751,0.20134845,0.03414301,0.05098813,0.41292945,0.00523045,0.00532767,0.00451317,0.02838561,0.14472456,0.06650277,0.00000000,0.26864979,0.00000000,0.01740057,0.00000000,0.07344602,0.36489630,0.03755750,0.00000000,0.07707407,0.12953679,0.01348136,0.35669488,0.00000000,0.01221356,0.06428152,0.01905916,0.06190283,0.83056104,0.17409338,0.04464772,0.00314151,0.01761565,0.08093695,0.01574552,0.00000000,0.02102029,0.00330622,0.06486560,0.14336726,0.51666874,0.01707814,0.05134500,0.03741179,0.04363880,0.12366543,0.34859851,0.07138394,0.20234205,0.01468903,0.43677610,0.13657148,0.06263341,0.10211468,0.05116577,0.04759631,0.04538498,0.55695188,0.03418029,0.03305314,0.13226990,0.08812335,0.00000000,0.06236656,0.10851324,0.02493410,0.02266990,0.03957440,0.08939292,0.15159097,0.00387070,0.00408499,0.00000000,0.02501491,0.08607111,0.14089049,0.33632442,0.01745592,0.07433680,0.02212538,0.22378370,0.02310390,0.07913676,0.15422958,0.00735781,0.00000000,0.15660578,0.08154564,0.01296086,0.00304420,0.00042771,0.05341169,0.02646958,0.13790362,0.18841001,0.01034179,0.18886679,0.06517291,0.17282507,0.03220791,0.00346502,0.39132318,0.21865892,0.00430372,0.01278925,0.01089823,0.09908385,0.08863128,0.02142601,0.08792133,0.39217937,0.00041484,0.00764712,0.00000000,0.07792912,0.01546333,0.14049926,0.00000000,0.03764401,0.00775003,0.06581983,0.01340680,0.00020971,0.03124476,0.15072922,0.08719425,0.00031653,0.00000000,0.11880382,0.00000000,0.10777326,0.03156092,0.05417883,0.01004884,0.10038139,0.03411901,0.14924408,0.02960617,0.24668404,0.01644102,0.04438090,0.00000000,0.01074539,0.05628384,0.11386038,0.00000000,0.00397030,0.11679310,0.00916767,0.00344739,0.08214252,0.00926793,0.07632522,0.18354635,0.07745581,0.04089758,0.04957542,0.07849478,0.12702999,0.30839127,0.04610671,0.02164627,0.05207848,0.06104278,0.01160271,0.16522773,0.34667253,0.00000000,0.03627697,0.20625076,0.04541393,0.03242519,0.01650891,0.00374524,0.01331274,0.46050546,0.01520865,0.02732382,0.02276294,0.00342948,0.01268850,0.00285552,0.00229254,0.02840011,0.23735906,0.00000000,0.02147535,0.05788759,0.01287881,0.27107114,0.01693084,0.00000000,0.22226422,0.00387839,0.02692552,0.01602258,0.08631503,0.00211328,0.02878897,0.00000000,0.02532414,0.05226755,0.00000000,0.00026089,0.07066026,0.16847038,0.04088458,0.12592082,0.04127536,0.24046671,0.09346543,0.02294513,0.00800887,0.20981975,0.01038455,0.04982371,0.05659967,0.33575025,0.05253286,0.03441874,0.36730966,0.01833479,0.11490228,0.04511277,0.18222770,0.02592966,0.02275391,0.30190626,0.03494738,0.06231584,0.00686770,0.00323267,0.00000000,0.00520376,0.00925923,0.00178173,0.04860067,0.16686574,0.02324209,0.00481443,0.62199211,0.03104997,0.01164648,0.14770824,0.02908918,0.00313824,0.16243854,0.09307637,0.00034933,0.00000000,0.00266516,0.01016575,0.09597296,0.07950909,0.00000000,0.17086926,0.06370677,0.09765363,0.02504516,0.00000000,0.11486530,0.00000000,0.05289376,0.07879856,0.00991167,0.03413726,0.11168795,0.09288461,0.11952798,0.03009901,0.11004917,0.02960031,0.23710936,0.01161020,0.16809441,0.08577428,0.00000000,0.00686284,0.00000000,0.43766341,0.00389181,0.06107002,0.32990745,0.00000000,0.24937969,0.02594970,0.00063299,0.00000000,0.00745621,0.00387840,0.00347632,0.04658024,0.00000000,0.00139058,0.04247126,0.00000000,0.07577406,0.07647082,0.21049953,0.03932951,0.00000000,0.09796374,0.13750549,0.07879319,0.00077170,0.32188436,0.11993692,0.00000000,0.01511569,0.00144850,0.00000000,0.01416017,0.28653386,0.07673395,0.00890502,0.00452032,0.00000000,0.00041747,0.04049125,0.00883583,0.02929136,0.00000000,0.00000000,0.01596520,0.21163118,0.08307276,0.00000000,0.01386715,0.00892893,0.00316738,0.04321810,0.17599450,0.07027762,0.11229284,0.00987927,0.01535495,0.12477385,0.29905328,0.03753139,0.00107007,0.02182786,0.54535246,0.06877382,0.24095716,0.03174644,0.00529127,0.01823137,0.09310211,0.00000000,0.02654627,0.02469287,0.18147002,0.00571256,0.04880545,0.04368861,0.05506859,0.06078234,0.00428584,0.02411995,0.00259229,0.23210388,0.01295735,0.04146609,0.00000000,0.00842785,0.05335791,0.03876599,0.14619447,0.01542079,0.00000000,0.09064706,0.00013016,0.17905892,0.27835238,0.46755338,0.12171424,0.02139468,0.02663033,0.09425856,0.01148187,0.00279362,0.02316980,0.00000000,0.29240260,0.00203781,0.00365357,0.04062866,0.19607121,0.03493787,0.80113071,0.02296575,0.03780167,0.02510634,0.01158517,0.16753037,0.02566144,0.05102666,0.01405716,0.12347122,0.11762201,0.03041203,0.24943820,0.04863790,0.00927406,0.00000000,0.07234081,0.03054613,0.02052304,0.00430721,0.01203522,0.00803436,0.04911643,0.00000000,0.29882011,0.00000000,0.00267037,0.01083256,0.00000000,0.06752965,0.00000000,0.10259287,0.06920825,0.00986753,0.14929223,0.00742028,0.09258597,0.01526092,0.00774284,0.01988893,0.10214573,0.10604406,0.00110234,0.07169172,0.31319374,0.05199625,0.05433829,0.04334461,0.00128288,0.01214129,0.05707452,0.00826811,0.00000000,0.03001148,0.10183884,0.04484602,0.09129316,0.06251218,0.07154602,0.03532538,0.05142090,0.00925381,0.11880664,0.00000000,0.00619279,0.09980921,0.02533245,0.01034442,0.01171736,0.10115272,0.05010663,0.06538976,0.25625354,0.13218963,0.02416021,0.00518534,0.12623590,0.60465789,0.00560047,0.25416377,0.10765776,0.05527407,0.06055721,0.02029671,0.00000000,0.07990420,0.00000000,0.00992478,0.01867891,0.06655667,0.04874289,0.14805254,0.02408743,0.00345020,0.02406801,0.00000000,0.02797534,0.08498986,0.07102514,0.00619603,0.00094168,0.02821186,0.01836408,0.01055324,0.00591741,0.50788224,0.04306960,0.00000000,0.00145788,0.16351888,0.01080660,0.02950743,0.00000000,0.00000000,0.30164722,0.17772035,0.26448247,0.78424627,0.16537596,0.03741684,0.02230147,0.02570864,0.01081463,0.00133375,0.02727269,0.00195097,0.03850566,0.01034305,0.20669819,0.03867407,0.02603480,0.04416613,0.01345408,0.06223214,0.01080779,0.19711950,0.02196273,0.04942166,0.00754572,0.04576430,0.05385739,0.03324598,0.06815743,0.05509606,0.00430466,0.07232981,0.03690083,0.01088731,0.10494568,0.04531145,0.03312574,0.01760903,0.16086209,0.02250853,0.00740842,0.00788920,0.11629663,0.03651076,0.01567472,0.00000000,0.00499683,0.03900220,0.00794381,0.01601434,0.09365802,0.28073555,0.03364135,0.00232508,0.01417848,0.02052912,0.02639819,0.01518953,0.01394426,0.21758372,0.00000000,0.01347559,0.44578648,0.03167504,0.46653888,0.04663883,0.01442793,0.16977295,0.07570824,0.04471345,0.09702471,0.03694750,0.06416853,0.13687128,0.00535249,0.11145234,0.17513478,0.00997948,0.05801935,0.18814616,0.00903647,0.10495453,0.05640483,0.04427527,0.01662412,0.00400704,0.05273093,0.05227866,0.05730528,0.04252635,0.17754591,0.02135371,0.18823591,0.00536021,0.01323264,0.00146768,0.03726844,0.10994613,0.35088646,0.01799410,0.01592876,0.01096833,0.12558247,0.03366446,0.02517607,0.02231464,0.01388429,0.01888653,0.12723754,0.00000000,0.00000000,0.01344269,0.05717234,0.12034290,0.03677259,0.49695414,0.01440602,0.01424849,0.03087002,0.32074529,0.09687013,0.00000000,0.45220301,0.02918590,0.04334033,0.28136173,0.01534089,0.02429115,0.00000000,0.01507388,0.04949839,0.02261591,0.02855708,0.11606915,0.00780573,0.01050485,0.00162245,0.06777304,0.17160244,0.01811324,0.11326982,0.03689724,0.11420853,0.01935511,0.06401716,0.18753907,0.03526178,0.08891667,0.02531640,0.05282290,0.05773131,0.01943611,0.03413638,0.05336083,0.33116999,0.18095182,0.14306411,0.07569141,0.00000000,0.00818912,0.01953679,0.01876873,0.03649157,0.01710032,0.01747204,0.51091236,0.10100729,0.14238630,0.01094186,0.05772878,0.06877904,0.87554961,0.07621304,0.08827628,0.06139261,0.01212705,0.19598897,0.01559346,0.14340799,0.03741119,0.02908771,0.10222220,0.02697411,0.00208096,0.44448993,0.00479071,0.02844052,0.04171897,0.07505099,0.00462880,0.23419265,0.00000000,0.09230885,0.03271059,0.03628467,0.00000000,0.01465815,0.00940462,0.02267567,0.26010066,0.16062969,0.13265362,0.03497453,0.05655952,0.03390738,0.01096597,0.02007141,0.28384280,0.00028196,0.00075676,0.00849153,0.00000000,0.14850923,0.00000000,0.00000000,0.12154476,0.06485262,0.01503065,0.00447263,0.18468837,0.00012904,0.31682670,0.01061965,0.00799890,0.02833506,0.05179498,0.09774385,0.02396779,0.16259076,0.00132174,0.02020751,0.01021581,0.22551773,0.11991115,0.00000000,0.00072786,0.00029866,0.00404272,0.14360949,0.01174482,0.02511991,0.03585007,0.00608159,0.06361542,0.14091831,0.00804478,0.00460446,0.00000000,0.00042688,0.01884471,0.04560070,0.06113492,0.02061009,0.11266649,0.05736485,0.00823235,0.01030236,0.17727843,0.00423709,0.12437263,0.07017255,0.11395534,0.00000000,0.37361386,0.03979003,0.31953070,0.01744082,0.00567652
6081,data/pair/6081/RHEED/5 min of AlSb.MOV,manifest_specified_rheed_path,18.560000,557,8,0.54704452,0.02559874,0.12141825,0.01285133,0.02806581,0.00573755,0.08628501,0.02731722,0.01752354,0.00109778,0.06887944,0.08230582,0.00423178,0.00034952,0.00403302,0.31230611,0.06074452,0.00005242,0.00166889,0.05067271,0.02640619,0.00172997,1.27764821,0.04423305,0.10885055,0.03660464,0.00000000,0.44068059,0.00000000,0.02603795,0.00032117,0.00467535,0.16771314,2.98698664,0.00000000,0.02657633,0.00000000,0.00000000,0.03833211,0.03212148,0.13411388,0.00288311,0.00226265,0.00000000,0.12480102,0.00062013,0.00000000,0.03656596,0.00000000,0.05162326,0.00297874,0.05942880,2.23925066,0.00307102,0.03122042,0.37631473,0.03567659,0.00024051,0.00000000,0.06281237,0.23701993,0.00000000,0.06191678,0.08387424,0.03076311,0.00000000,0.00761380,0.01135354,0.49254942,0.00476818,0.01188580,0.00241909,0.00958403,0.02281411,0.07519697,0.08062144,0.00000000,0.00000000,0.00021267,0.00492814,0.42683196,0.01461154,0.57060182,0.00454267,0.01480254,0.81321180,0.00000000,0.83769536,0.00000000,0.00814131,0.16091484,0.00000000,0.00601182,0.00000000,0.00102597,0.01249879,0.04287645,0.01105517,0.84884495,0.00000000,0.00229852,0.10105079,0.21481720,0.00000000,0.00000000,0.08577011,0.00000000,0.58397937,0.00000000,0.02352536,0.00000000,0.28282526,0.11243732,0.00141632,0.00000000,0.05931850,0.00000000,0.00170362,0.00612276,0.64059132,0.12708312,0.43520838,0.06070299,0.02023165,0.00271567,0.00673906,0.00386932,0.01232419,0.02627247,0.00000000,0.00135383,0.73491299,0.00000000,0.00189553,0.01039064,0.03017437,0.00505738,0.04965283,0.15645817,0.00000000,0.00476643,0.00276670,0.00000000,0.00090075,0.00771331,0.27897215,0.00727185,0.00506558,0.01255099,0.01148565,0.00311251,0.17490895,0.02147592,0.04489066,0.01708748,0.00604673,0.01081980,0.00000000,0.00000000,0.17987843,0.02395268,0.03164183,0.30449408,2.95302272,0.00956072,0.62188315,0.00113077,0.02590590,0.14717962,0.02731754,0.00322453,0.90716517,0.47710967,0.09969229,0.05297091,0.00535480,0.00000000,0.00000000,0.03741535,0.00000000,0.00658693,0.51253313,0.02218017,0.04691739,0.31154114,0.00598539,0.00498770,0.01651148,0.02546359,0.00593464,0.12183056,0.61295533,0.00777627,0.00006715,0.00847734,0.10536724,0.01012717,0.00000000,0.00041721,0.08944205,0.00058384,0.01658785,0.34218857,0.00000000,0.07831027,0.01408164,0.05136532,0.00001094,0.07345027,0.00045116,0.00000000,0.12232725,0.06911748,0.09267031,0.02326381,0.00047974,0.00000000,0.01183396,0.02853279,0.00989182,0.00000000,0.00793784,0.61903638,0.06707422,0.01970259,0.09746124,0.04318645,0.21207833,0.00000000,0.00000000,0.40838245,0.11606044,0.00523796,0.00000000,0.00000000,0.02718217,0.24149707,0.24485174,0.01425413,0.00279101,0.49040073,0.00026682,0.07157978,0.00840522,0.13699529,0.03773014,0.03087265,0.01996950,0.04330705,0.00527914,0.00619721,0.00193638,0.13030480,0.03287602,0.00068186,0.01898576,0.00463163,0.00000000,0.00000000,0.23053315,0.00910816,0.00236408,0.00609384,0.01140231,0.00691732,1.00724971,0.02441895,0.46814919,0.00000000,0.01868384,0.06215766,0.15107220,0.00105397,0.09488336,0.34111178,0.08564886,0.05391665,0.00305438,0.05716923,0.02698529,0.00000000,0.00004666,0.01248841,0.09889345,0.00000000,0.21735959,0.02113106,2.06965256,0.00000000,0.07357290,0.00000000,0.00142827,0.00000000,0.00000000,0.20725070,0.00100930,0.04444423,0.01063858,0.00300583,0.00893851,0.00648057,0.00718920,0.03726468,0.02840976,0.01441418,0.00294402,0.03408269,0.00000000,0.00000000,0.00264935,0.00801343,0.00000000,0.01916686,0.02918361,0.18339103,0.00053243,0.00000000,0.04049975,0.00358298,0.00751507,0.00000000,0.04886442,0.81232196,0.00790113,0.09416902,0.33754098,0.53084970,0.04594674,0.00253451,0.06810827,0.04394446,0.00141454,0.06637980,0.02537823,0.00000000,0.00056712,0.46715328,0.07420900,0.08173674,0.10708739,0.08358866,0.01167211,0.06462033,0.00247691,0.06601755,0.00000000,0.00000000,0.00000000,0.45670554,0.00111642,0.00091843,0.08698643,0.00027448,0.00372270,0.29570982,0.20806116,0.00414871,0.04312661,0.03663996,0.00000000,0.00000000,0.17166522,0.00212194,0.03959915,0.00851218,0.14388341,0.00751199,0.00225109,0.00121193,0.01397749,0.02389201,0.00025956,0.00000000,0.02192809,0.04549672,0.01061547,0.00811122,0.21275243,0.00016771,0.00195123,0.46802896,0.01575817,0.23311605,0.00808590,0.00000000,0.04083535,0.00000000,0.00139117,0.16613732,0.24281913,0.07490496,0.07252109,0.18552566,0.72328085,0.00000000,0.00000000,0.00678091,0.39892614,0.00380867,0.11295949,0.00222450,0.00607835,0.00000000,0.01708368,0.00918615,0.00882439,0.16067539,0.03037939,0.00078145,0.35009101,0.00005454,0.07336899,0.20765138,0.08404529,0.53989357,0.10489264,0.04919464,0.00111266,0.00000000,0.00365687,0.00000000,0.00000000,0.29512170,0.00532456,0.04479726,0.31467381,0.02275513,0.02198618,0.54121286,0.01600698,0.05191534,0.02890846,0.11075185,0.00218560,0.09873991,0.10237614,0.08237509,0.09821247,0.00000000,0.26042062,0.00000000,0.13415135,0.00000000,0.02908824,0.05260616,0.00034351,0.05226136,0.08312500,0.07278327,0.00252768,0.01712124,0.00071009,0.02765398,0.00721040,0.00152295,0.02374051,0.10377119,0.19156234,0.00939772,0.00353418,0.03171419,0.01020045,0.02193679,0.15623757,0.00561159,0.00000000,0.04703683,0.06847131,0.03392076,0.00000000,0.02294077,0.00829389,0.00000000,0.00000000,0.13000777,0.00000000,0.00400206,0.05783692,0.00000000,0.19063455,0.00925705,0.00968511,1.23880196,0.00238223,0.00000000,0.02558165,0.00000000,0.12015120,0.00000000,0.00446514,0.07856713,0.28207412,0.00000000,0.02506130,0.00628012,0.07202978,0.90197504,0.23695284,0.01998748,0.11704142,0.00433764,0.00008111,0.21729888,0.00007861,0.00000000,0.00093831,0.45620081,0.04580854,0.00890729,0.24828164,0.25896662,0.09357600,0.02898158,0.12762202,0.01847384,0.00000000,0.15309188,0.00032528,0.00000000,0.25113583,0.00677285,0.05327248,0.00077459,0.01036969,0.04220327,0.05924383,0.21362272,0.00248800,0.00254945,0.79109925,0.19424269,0.01895553,0.00719836,0.03014234,0.00000000,0.18121055,0.06578882,0.61623853,0.05062667,0.04104128,0.01609190,0.00000000,0.00014089,0.01803395,0.51443774,0.08344959,0.03456439,0.00051006,0.00000000,0.00716383,0.00588493,0.00000000,0.04027729,0.11822566,0.00812952,0.03205412,0.02043636,0.06963866,0.00000000,0.00000000,0.00324393,0.03097430,0.04717087,0.00217545,0.01272473,0.78650331,0.31348026,0.07197296,0.06485442,0.00614607,0.00230509,0.00000000,0.12925009,0.00000000,0.13153867,0.00000000,0.00000000,0.00845772,0.00000000,0.39088133,0.19694738,0.02962509,0.00357469,0.01832193,0.00068789,0.00360799,0.22381444,0.02057301,0.00035440,0.00764623,0.21356468,0.00916725,0.04589006,0.00000000,0.15502533,0.03619042,0.00842525,0.00000000,0.00140291,0.01187653,0.00220229,0.03262128,0.00025430,0.00000000,0.00000000,0.01354886,0.18389075,1.29607725,0.00000000,0.03751760,0.01240997,0.00320165,0.00089666,0.00691846,0.04146879,0.13821882,0.01235087,0.60265696,0.01158547,0.00422891,0.00323804,0.09870963,0.00011980,0.00182894,0.05577674,0.03575383,0.00000000,0.89799076,0.01050998,0.00333426,0.00489859,0.15339559,0.02343911,0.02224376,0.00000000,0.01230454,1.22499800,0.76249319,0.00111725,0.00428804,0.00018005,0.04514085,0.04790183,0.01991591,0.00000000,0.00733385,0.00375060,0.00000000,0.10616305,0.52634937,0.27899009,0.04685262,0.00104185,0.12076014,0.00022206,0.82505125,0.37361446,0.00000000,0.61088890,0.00029295,0.00000000,0.19965881,0.01547288,0.04224661,0.01073034,0.02681337,0.01535595,0.00563846,0.00568428,0.03431427,0.02394957,1.11022985,0.04984671,0.01159299,0.05225524,0.00000000,0.30367768,0.15204582,0.00000000,0.00159776,0.00387286,0.03505247,0.00286244,0.00000000,0.17902978,0.06093027,0.06045264,0.27826434,0.00354259,0.00000000,0.28397104,0.00685906,0.00000000,0.01712037,0.14260583,0.01510965,0.00794377,0.00429470,0.03219275,0.02843486,0.00000000,0.19249506,0.01794300,0.00338091,0.00000000,0.12050000,0.00000000,0.00008424,1.03800583,0.01959097,0.00007568,0.00192467,0.00069173,0.22772542,0.00000000,0.01397228,0.00387985,0.01054196,0.04229200,0.43336517,0.00650784,0.00000000,0.02056552,0.00000000,0.00626339,0.18995917,0.16450198,0.01244156,0.03187018,0.00037950,0.00022216,0.04534195,0.38420868,0.00000000,0.00272078,0.00229810,0.00264705,0.16153049,0.00058663,0.27748340,0.00669766,0.00025088,0.00118067,0.50571853,0.03123311,0.05507872,0.00000000,0.02670941,0.71109021,0.06384693,0.01035753,0.02875745,0.00608664,0.58433634,0.07096737,0.00000000,0.01486131,0.00000000,0.00000000,0.00084059,0.16983980,0.00000000,5.06945896,0.00222603,0.00305046,0.01602416,0.00796090,0.00370455,0.06059908,0.13821410,0.01891451,0.00093922,0.34815308,0.00232241,0.00258225,0.00279270,0.00000000,0.00011545,0.00683197,0.01760738,0.06647250,0.02997401,0.00875163,0.12571079,0.16544384,0.02759567,0.34955958,0.14862435,0.00307465,0.36364570,0.00509524,0.37594923,0.00000000,0.59804875,0.00135437,0.44136932,0.54782623,0.01272211,0.81779373,0.01076163,0.03044671,0.00816959,0.06079589,0.00000000,0.00000000,0.04854919,0.22132386,0.05504882,0.01167113,0.00000000,0.08880764,0.10551929,0.00716318,0.00434249,0.00000000,0.00428405,0.11984704,0.01471360,0.00056186,2.03384519,0.01296824,2.39600062,0.00000000,0.07667080,0.02966714,0.00000000,0.00280634,0.00374194,0.07750998,0.02480167,0.00000000,0.00000000,0.03498320,0.00000000,0.40859565,0.22723012,0.02675182,1.34998596,0.03758246,0.00535899,0.00653108,0.33700600,0.00000000,0.15531385,0.00050993,0.02328216,0.00327936,0.00000000,0.01284473,0.03817591,0.30050883,0.10533030,0.22306836,0.00002238,0.02968858,0.00000000,0.03985046,0.01829944,0.00000000,0.02987280,0.04669454,0.02361402,0.02407776,0.00000000,0.22810368,0.00347360,0.02104500,0.00263589,1.09894741,0.00000000,0.04007443,0.82067215,0.00024903,0.00000000,0.00000000,0.40474543,0.00000000,0.15743703,0.24758440,0.08152638,0.10318653,0.00000000,0.01443364,0.04602281,0.02022637,0.36638853,0.03678419,0.00016521,0.00000000,0.00133070,0.00030324,0.00000000,0.03623112,0.02418532,1.19988132,0.00000000,0.00000000,1.17781806,0.00113855,0.00000000,0.01277065,0.30207020,1.16958225,0.04616530,0.00000000,0.06138011,0.01756014,0.00000000,0.01225192,0.02634931,0.09587836,0.33818245,0.00010583,0.00000000,0.01477635,0.00000000,0.00000000,0.00000000,0.00046983,0.00618149,0.01395773,0.09232354,0.04027753,0.03456804,0.02360127,0.39334452,0.00673705,0.46050575,0.01167051,0.08544544,0.03005479,0.00310385,0.00000000,0.00176068,0.00075161,0.00142750,0.00097860,0.01312281,0.02995190,0.01582341,0.01056395,0.00000000,0.01668379,0.00668109,0.00000000,0.00112295,0.01692751,1.52919805,0.09363222,1.26710582,0.06060475,0.01250342,0.08427201,0.00121259,0.02900384,0.01105178,0.36156267,0.66077018,0.53610075,0.00000000,0.04115209,0.05749711,0.57913619,0.00018304,0.22662291,0.06364703,0.00558795,0.01708247,0.08185659,0.00391155,0.02350091,0.03172290,0.00000000,0.00798658,0.46663633,0.02227364,0.00579581,0.03340400,0.42529207,0.07552671,0.37538445,0.00000000,0.00000000,0.07858481,0.00000000,0.00000000,0.00156551,0.01175442,0.00000000,0.00713056,0.00000000,0.05267489,0.00000000,0.06922141,0.00221305,0.41281599,0.00309823,0.01061825,0.00314888,0.00068937,0.20626946,0.00166734,0.00000000,0.00865633,0.08035514,1.22887290,0.38855338,0.02107396,0.00229526,0.04061198,0.61492771,0.00661945,0.00119139,0.00324808,0.12056371,0.12563221,0.00588914,0.00780485,0.02555745,0.05206159,0.03914415,0.05019098,0.02005993,0.31602928,0.04417756,0.00092592,0.02699305,0.12536922,0.00760155,1.71672881,0.05078921,0.07079999,0.00000000,0.16938621,0.19138689,0.01886817,0.00000000,0.00870462,0.00046161,0.05349026,0.14822780,0.05294856,0.00000000,0.00099900,0.00000000,0.06762657,0.24322569,0.01101797,0.35830957,0.96538192,0.03251602,0.06756879,0.04278132,0.05135687,0.00724937,0.00226601,0.01444428,0.16304740,0.00000000,0.00175928,0.04482266,0.00822392,0.00000000,0.22507104,0.03985346,0.00000000,0.01565228,0.01287190,0.00970154,0.08673580,0.03124964,0.06284530,0.04718891,0.39602762,0.00087878,0.00626998,0.09206140,0.04472713,0.00222795,0.05888088,0.51844043,0.02088792,0.00504889,0.14044119,0.04968680,0.00465877,0.06472042,0.00000000,0.07693933,0.96785438,0.57068396,0.06466240,0.00000000,0.16795279,0.02590387,0.21427165,0.03561025,0.02706130,0.00311816,0.00096102,0.03321006,0.04395454,0.07654208,0.00060538,0.00000000,0.04033639,0.01063450,0.13451985,1.70439553,0.02943921,0.00778849,0.22933437,0.00291502,0.00053216,0.00047799,0.94339371,0.00048948,0.00880608,0.00017946,0.00304699,0.00031745,0.21423218,0.33095622,0.00000000,0.00251023,0.00000000,0.08275343,0.00000000,0.15211852,0.12276328,0.00975937,0.00042430,0.03102749,0.04591220,0.45824412,0.00000000,0.00000000,0.03387813,0.00000000,0.14132938,0.09869471,0.00296612,0.00079212,0.02466133,0.60237104,0.11330125,0.49742252,0.00830534,0.07565925,0.00000000,0.05210765,0.71893239,0.00000000,0.54844284,0.00020466,0.00492732,0.00132925,0.00086345,0.02004330,0.01731122,0.00000000,0.00000000,0.00730173,0.00523713,0.00000000,0.00000000,0.00289992,0.00087193,0.00148780,0.22337885,0.00114867,0.00000000,0.06440558,0.00000000,0.07542101,0.11384971,0.00036662,0.07426296,0.00000000,0.01361043,0.02885440,0.00000000,0.06085340,0.00277435,0.00009287,0.76259637,0.00233779,0.06768005,0.00230939,0.53865457,1.17767811,0.00045864,0.00767729,0.00625037,0.20819461,0.68161786,0.06385315,0.00045769,0.00000000,0.00000000,0.00890782,0.21916717,0.75311029,0.23327130,0.00797794,0.00169915,0.00000000,0.00020164,0.34468311,0.09949169,0.17583327,0.00652595,0.00000000,0.04537150,0.00000000,0.51964843,0.11830321,0.00000000,0.00000000,0.00000000,0.15835346,0.00853213,0.15217075,0.14341430,0.04992141,1.51343954,0.00000000,0.00000000,0.00203992,1.13450170,0.02546286,0.04003739,0.00894066,0.00368065,0.00000000,0.94977844,0.01598798,0.00000000,0.01137111,0.00020462,0.00529291,0.03627500,0.32714462,0.00000000,0.15200420,0.01578899,0.00249717,0.00669439,0.00589751,0.00816611,0.01410845,0.00112788,0.01001448,0.03530272,0.06033692,0.19961835,0.04708022,0.00000000,0.00034447,0.04844075,0.02841984,0.00000000,0.08006290,0.00000000,0.00000000,0.24227430,0.01961710,0.03063143,0.08492344,0.18217242,0.05505701,0.07866862,0.00000004,0.03004192,0.01742957,0.00487077,2.43467069,0.43139544,0.00641890,0.00569657,1.58413672,0.00035614,0.00000000,0.00000000,0.27128309,0.28304118,0.30873540,0.00931819,0.14531778,0.00000000,0.01107943,0.00000000,0.03704999,0.66090053,0.06043851,0.00000000,0.04301509,0.11655022,0.01734279,0.70360041,0.00217728,0.01839430,0.05007622,0.15620065,0.10086332,1.83624446,0.36323291,0.00540183,0.00030129,0.00000000,0.14306998,0.11029557,0.00000000,0.00710274,0.00000000,0.01614675,0.26112479,0.38372061,0.01782442,0.00034873,0.16571066,0.02920238,0.00787194,0.16782212,0.00148787,0.21063307,0.00054593,0.00396588,0.29781944,0.30263355,0.09529772,0.10516637,0.01441213,0.11157960,2.34657526,0.00000000,0.02966170,0.00183807,0.21712138,0.00000000,0.01289889,0.17042941,0.02038603,0.00477244,0.05114976,0.04275791,0.09716408,0.00085720,0.00006784,0.00064076,0.02788579,0.00009497,0.01809954,1.20840478,0.00000000,0.09709959,0.00931024,0.46414405,0.00158961,0.01926558,0.00013444,0.00000000,0.00129959,0.03702156,0.15733847,0.00048903,0.00473723,0.00000000,0.15495460,0.03996479,0.44838744,0.29989418,0.01577860,0.00020010,0.19648723,0.01891793,0.01602268,0.00280187,0.60657334,0.57970649,0.01197764,0.08534867,0.00000000,0.02289210,0.07982776,0.00000000,0.04260020,0.04028617,0.00000000,0.00602327,0.00000000,0.02797874,0.00991186,0.28311047,0.00275200,0.00013276,0.08957724,0.17433880,0.00000000,0.00000000,0.01133884,0.09546493,0.03675174,0.00000000,0.00475646,0.14130217,0.00000000,0.52694923,0.00034743,0.01032126,0.00027474,0.00093364,0.00652725,0.00935946,0.06122689,0.04317348,0.00301569,0.14095266,0.00182626,0.01099172,0.09784909,0.01807816,0.00000000,0.00758806,0.13839063,0.00517040,0.00000000,0.03291687,0.00607459,0.02733774,0.30888122,0.18553066,0.04693512,0.02058737,0.06657129,0.09374875,2.24623108,0.00750383,0.00623392,0.00000000,0.00126736,0.00659152,0.81496453,0.17162387,0.00000000,0.01882764,1.14959526,0.07500385,0.00000000,0.00000000,0.00000000,0.04051260,0.14812182,0.00573694,0.00218386,0.00725547,0.00000000,0.00000000,0.00167479,0.01215456,0.06092419,0.28362805,0.00000000,0.00086678,0.09182945,0.01944976,0.76699042,0.33489716,0.00159313,0.03943500,0.00000000,0.00062069,0.00435923,0.09973737,0.01267449,0.00381021,0.00000000,0.09678730,0.02298260,0.00000000,0.00000000,0.00518016,0.51433229,0.04570306,0.01507429,0.00833500,0.13695443,0.03236411,0.00512279,0.00754129,0.00774543,0.00382371,0.04714356,0.02599852,0.38682598,0.00263204,0.00000000,0.37474951,0.00000000,0.04852908,0.01330491,0.12081039,0.00000000,0.00882559,0.00000000,0.17325506,0.01070641,0.00188386,0.00094874,0.00086514,0.00000000,0.01297164,0.00000000,0.17339906,0.00000000,0.00000000,0.02605787,0.43866715,0.00089606,0.01174579,0.84431309,0.01175282,0.00472400,0.19547901,0.00132929,0.00000000,0.00000000,0.00000000,0.00000000,0.06260171,0.35271814,0.00987873,0.00701099,0.09832344,0.09499462,0.00744767,0.00000000,0.00304868,0.00000000,0.01231321,0.08987369,0.00056878,0.05679330,0.02540332,0.03812234,0.21960390,0.00112481,0.13710625,0.05093590,0.02935876,0.00065510,0.32042658,0.02596613,0.00000000,0.02955825,0.00463215,0.46373653,0.00214996,0.05345006,0.54869771,0.00000000,0.17160341,0.01400064,0.00000000,0.00000000,0.00000000,0.00475106,0.00796691,0.00331175,0.00000000,0.00000000,0.02942184,0.00000000,0.00000000,0.24377754,1.48951924,0.03604196,0.00000000,0.07711203,0.00586314,0.06450929,0.00000000,0.09245785,0.14706020,0.01272934,0.00808097,0.00572598,0.00466957,0.04062797,0.61140519,0.00043681,0.00387346,0.00000000,0.00076112,0.00000000,0.20509037,0.00260436,0.07507682,0.00000000,0.01343806,0.00564543,0.10302906,0.00265809,0.00000000,0.03322814,0.01425016,0.00631119,0.03696876,0.34592950,0.20740750,0.21178013,0.00072595,0.00474821,0.12051815,0.06570202,0.05609971,0.00068960,0.00000000,0.06186425,0.19116192,0.19268337,0.02858999,0.00000000,0.01888154,0.08357133,0.00000000,0.02931474,0.00359403,0.01476632,0.00000000,0.03370073,0.00053163,0.03276155,0.05508624,0.01252729,0.00076074,0.00000000,0.37590051,0.00207850,0.00149181,0.00000000,0.02993791,0.07318925,0.05959670,0.15505342,0.00154039,0.00000000,0.21774617,0.00000000,0.12343325,0.39699441,1.23039424,0.02234493,0.08641240,0.11585017,0.19488600,0.00404703,0.00000000,0.02281086,0.00034157,1.19331789,0.00373760,0.00356643,0.10237923,0.72211897,0.06029870,1.36695898,0.00000000,0.02977699,0.00401312,0.00000000,0.00000000,0.00124925,0.07591027,0.00088343,0.50362480,0.13457721,0.00199773,0.01916530,0.09100977,0.00092731,0.00463437,0.00000000,0.00000000,0.01258016,0.06368855,0.00000000,0.00895776,0.29102141,0.00000000,0.82864654,0.00000000,0.00000000,0.02672532,0.00000000,0.30869865,0.00005485,0.10167456,0.03396005,0.00083376,0.45812500,0.00048673,0.00006233,0.02450830,0.01833768,0.00000000,0.04665167,0.16399801,0.00322080,0.14746039,0.98464751,0.00647217,0.14786881,0.00486180,0.00002046,0.00000000,0.00514141,0.03032334,0.00004060,0.00001809,0.01028178,0.08177765,0.07749300,0.01558834,0.01819203,0.00216294,0.32063526,0.00000000,0.00289683,0.00000000,0.00000000,0.15039197,0.03700622,0.05924530,0.07826263,0.06009883,0.06868571,0.05884039,0.00406192,0.11078995,0.05857654,0.00601511,0.21202549,0.63562357,0.06293486,0.74906492,0.44038296,0.27902994,0.01853703,0.00335086,0.00033082,0.01823800,0.00000000,0.01525537,0.00171156,0.04663443,0.09331835,0.09707478,0.00482507,0.00000000,0.06121581,0.00000000,0.08430059,0.02012959,0.09331070,0.05869406,0.00002311,0.04147099,0.00000000,0.00010107,0.01730845,1.01485276,0.03551509,0.00063537,0.00000000,0.54889876,0.00983518,0.00538601,0.00000000,0.04177840,0.82055342,0.41122755,0.17649660,0.02023559,0.50992501,0.00000000,0.02196917,0.02919515,0.00071809,0.00000000,0.00022988,0.00000000,0.24160211,0.00074249,0.01720161,0.00992909,0.03991233,0.01512915,0.00344431,0.04212714,0.00008865,0.63873148,0.00000000,0.00498284,0.00388706,0.08096831,0.00013314,0.13836734,0.06829938,0.00270443,0.00260540,0.08989078,0.10934902,0.00000000,0.09491496,0.09746753,0.06870701,0.01251588,0.44729728,0.00000000,0.03467243,0.01272254,0.01752061,0.18837216,0.00000000,0.00066887,0.01135052,0.05355905,0.03584014,0.04709319,0.24030179,0.00083569,0.00146312,0.00520786,0.03449995,0.00362186,0.00257336,0.06124807,0.00596776,0.33973044,0.00014032,0.00659063,1.33045828,0.05193495,1.72441709,0.00461174,0.01609974,0.27437735,0.05648169,0.12886453,0.51795161,0.03494276,0.00689257,0.19764441,0.00000000,0.00000000,0.44848150,0.01939659,0.03337419,0.05540616,0.00000000,0.00017273,0.01798711,0.04912505,0.10683216,0.00215841,0.00000000,0.00080885,0.08097285,0.07754276,0.04218721,0.00899825,0.00025186,0.00444544,0.00572587,0.00000000,0.14851113,0.08208573,0.23326614,0.00588222,0.03358039,0.02115908,0.30747396,0.00016293,0.00229512,0.00000000,0.00000000,0.00058637,0.00000000,0.00000000,0.00000000,0.02372244,0.03563347,0.11239122,0.00477680,1.47434235,0.00000000,0.00221128,0.00343033,0.39978278,0.15850493,0.00000000,0.00235585,0.01078364,0.00000000,0.06577986,0.00000000,0.01466858,0.00000000,0.00213980,0.04608717,0.00000000,0.10085405,0.12071577,0.00928958,0.25230837,0.00200113,0.17018825,0.00000000,0.01837181,0.00036907,0.18390305,0.13360724,0.05494277,0.00772086,0.00107144,0.00182616,0.12223770,0.02558945,0.01462086,0.02191591,0.01838061,0.12911287,0.05584510,1.46780431,0.08479478,0.84668326,0.00296081,0.00000000,0.00091196,0.00000000,0.03217828,0.01275819,0.04571055,0.02922330,0.17697397,0.08702385,0.16366509,0.00625008,0.00595060,0.00017079,1.89041209,0.06043454,0.07457846,0.02250383,0.01293481,0.06975345,0.00008525,0.08345799,0.04232775,0.09792399,0.06991671,0.01675850,0.00037970,0.26602510,0.00912243,0.14698420,0.00524574,0.14812058,0.00000000,0.84758019,0.00000000,0.00044312,0.09105878,0.16760482,0.00040247,0.08056037,0.02136666,0.10522086,0.06599370,0.96065235,0.08503035,0.00000000,0.00000000,0.00791550,0.01273745,0.02389811,0.28113228,0.00000000,0.00536168,0.00909396,0.00962891,0.17734227,0.00010563,0.00244417,0.02558796,0.00000000,0.00415889,0.00000000,0.01470508,0.00127863,0.07924577,0.00000000,0.00189752,0.01310751,0.03861851,0.00627324,0.03710352,0.05523524,0.00000000,0.00000000,0.04623181,0.93923020,0.00169420,0.00211696,0.00712177,0.00000000,0.00302291,0.46579173,0.03359539,0.03429603,0.00499920,0.00131688,0.12886141,0.05402482,0.00000000,0.00000000,0.00000000,0.00000000,0.00090421,0.11058322,0.05532458,0.00018132,0.45454276,0.11446476,0.00000000,0.00266385,0.56704158,0.00179364,0.45946321,0.13974378,0.09570800,0.00000000,0.47438282,0.00807948,0.43424079,0.00101405,0.00159143,0.18087932,0.03334709,0.03015457,0.01243600,0.02098874,0.01044456,0.03760814,0.01204178,0.00858892,0.00197180,0.05032980,0.03047435,0.00734993,0.00063336,0.00921816,0.08451995,0.03048045,0.00013870,0.00289472,0.02218704,0.02330191,0.00420784,0.28576568,0.06704589,0.05609995,0.03057721,0.00000000,0.08035740,0.00000000,0.02443291,0.00084973,0.00645266,0.07280412,0.33120811,0.00000000,0.04505534,0.00000000,0.00000000,0.03187400,0.01846257,0.03917692,0.00762799,0.00399440,0.00000000,0.04178667,0.00164070,0.00000000,0.01057193,0.00000000,0.02265180,0.00518381,0.01753530,0.20944148,0.00651246,0.02357958,0.12834901,0.01547918,0.00063633,0.00000000,0.04518286,0.04624573,0.00000000,0.06847516,0.06338624,0.04045729,0.00000000,0.00910454,0.01803165,0.10891300,0.00865845,0.01855352,0.00640032,0.00532427,0.02001216,0.05540448,0.04793807,0.00000000,0.00000000,0.00056267,0.00852398,0.36297998,0.01984131,0.16485278,0.00814835,0.01565849,0.20413126,0.00000000,0.31673342,0.00000000,0.00589633,0.05066042,0.00000000,0.01077913,0.00000000,0.00271447,0.00845139,0.01844228,0.01094203,0.16812982,0.00000000,0.00399542,0.03419008,0.08625390,0.00000000,0.00000000,0.04657618,0.00000000,0.12264203,0.00000000,0.02343876,0.00000000,0.12609276,0.03760526,0.00374724,0.00000000,0.03946101,0.00000000,0.00361123,0.00477240,0.20129490,0.04844613,0.12190823,0.04302478,0.01161488,0.00605051,0.01782987,0.00611147,0.02141773,0.03429091,0.00000000,0.00358190,0.08185040,0.00000000,0.00293877,0.01557432,0.03965957,0.00681097,0.03938502,0.04030754,0.00000000,0.00825573,0.00313327,0.00000000,0.00137293,0.01337157,0.17137878,0.00770908,0.00509635,0.00940112,0.01288344,0.00625147,0.02766819,0.02330795,0.03006028,0.01526963,0.00699030,0.02862651,0.00000000,0.00000000,0.02400505,0.01805930,0.03375205,0.06319439,0.37271512,0.00968354,0.12627494,0.00299174,0.04064256,0.04850483,0.02411623,0.00572120,0.57478303,0.13633299,0.03952536,0.08380865,0.00883141,0.00000000,0.00000000,0.02331995,0.00000000,0.01188438,0.25611225,0.01294441,0.01942944,0.09468862,0.00716677,0.00559763,0.03206558,0.04428048,0.00478639,0.04908532,0.22872636,0.01392791,0.00017767,0.01216947,0.06013036,0.01361934,0.00000000,0.00110383,0.04672453,0.00154468,0.01914536,0.10429206,0.00000000,0.03580096,0.01227603,0.04161230,0.00002895,0.03729003,0.00119367,0.00000000,0.14561659,0.05337854,0.03178852,0.02888043,0.00126928,0.00000000,0.01288399,0.02865696,0.02586379,0.00000000,0.02100156,0.08684985,0.03500302,0.01624195,0.07809677,0.03299949,0.09123379,0.00000000,0.00000000,0.11360442,0.13374390,0.00963976,0.00000000,0.00000000,0.03305078,0.07389768,0.14296195,0.01511530,0.00316123,0.18049376,0.00070595,0.02826709,0.01256037,0.06430310,0.02185724,0.05360078,0.02846738,0.01956451,0.00855412,0.01293147,0.00389864,0.08292940,0.02714629,0.00180404,0.01921889,0.00870782,0.00000000,0.00000000,0.10226394,0.01592134,0.00530954,0.01062298,0.01186813,0.00630573,0.14221260,0.01472715,0.17930025,0.00000000,0.01284834,0.02034304,0.03686600,0.00185549,0.03393613,0.05770819,0.02854197,0.04191016,0.00696175,0.08674480,0.04453437,0.00000000,0.00012346,0.01313732,0.04359588,0.00000000,0.07039430,0.02039543,0.19093931,0.00000000,0.05715463,0.00000000,0.00119056,0.00000000,0.00000000,0.10209835,0.00176144,0.05721444,0.01593083,0.00795267,0.00728026,0.01054756,0.00767526,0.02290895,0.02346612,0.02496648,0.00447275,0.02545610,0.00000000,0.00000000,0.00700952,0.00837360,0.00000000,0.02255468,0.02366472,0.09165762,0.00092341,0.00000000,0.02147704,0.00360720,0.01366215,0.00000000,0.02469054,0.12541932,0.01159814,0.03989873,0.12747668,0.11546564,0.01536070,0.00446600,0.06171523,0.01594543,0.00374252,0.01682769,0.02024751,0.00000000,0.00150045,0.11834816,0.03053387,0.05074651,0.03397497,0.06431544,0.00761591,0.04174661,0.00406750,0.02709601,0.00000000,0.00000000,0.00000000,0.14463645,0.00188328,0.00122543,0.05873464,0.00072620,0.00672627,0.11341222,0.13394094,0.00903909,0.03100736,0.04014270,0.00000000,0.00000000,0.05148941,0.00361653,0.03616642,0.01474392,0.05951896,0.00750638,0.00204561,0.00217942,0.01450553,0.02132661,0.00068672,0.00000000,0.02374931,0.01997491,0.01707295,0.02015116,0.10019032,0.00032589,0.00516248,0.09141145,0.02850365,0.10275168,0.00873412,0.00000000,0.02415909,0.00000000,0.00256420,0.07714105,0.05701865,0.03942946,0.04399671,0.05677780,0.08015246,0.00000000,0.00000000,0.01184801,0.16357212,0.00675427,0.03799611,0.00250061,0.01608180,0.00000000,0.01826286,0.01594467,0.01017302,0.05557996,0.03203755,0.00196826,0.07272612,0.00014430,0.05132328,0.04126012,0.03985056,0.08796363,0.05157388,0.02796190,0.00192985,0.00000000,0.00633931,0.00000000,0.00000000,0.06282307,0.00936460,0.02114930,0.12393737,0.03827928,0.01865988,0.18092631,0.01968156,0.02576770,0.02552318,0.05762151,0.00270343,0.04503947,0.04760576,0.06736642,0.09157971,0.00000000,0.12744920,0.00000000,0.05811416,0.00000000,0.01292411,0.03284122,0.00090885,0.05027353,0.02810031,0.02013847,0.00429133,0.01308641,0.00187873,0.02730876,0.00656764,0.00268572,0.01680324,0.03117274,0.10091732,0.00717052,0.00480277,0.02491425,0.01316251,0.02096191,0.12884682,0.01238937,0.00000000,0.02106853,0.04626083,0.03347822,0.00000000,0.01573632,0.01327429,0.00000000,0.00000000,0.09414961,0.00000000,0.00725891,0.01366288,0.00000000,0.03463694,0.01743868,0.01366400,0.24082188,0.00521107,0.00000000,0.01599877,0.00000000,0.02978834,0.00000000,0.00688806,0.02511045,0.06495789,0.00000000,0.02797541,0.01091809,0.04712797,0.18250807,0.06346673,0.01118113,0.05604453,0.00846418,0.00021458,0.06389690,0.00020798,0.00000000,0.00171087,0.29643336,0.02248080,0.00726639,0.11130606,0.08509918,0.05451997,0.01917510,0.08263923,0.02378283,0.00000000,0.02801912,0.00086060,0.00000000,0.05698831,0.00809230,0.04368515,0.00134990,0.01384009,0.03573896,0.04470616,0.08152571,0.00472374,0.00303295,0.14235449,0.09177893,0.03289630,0.00523234,0.01682772,0.00000000,0.06186977,0.07079789,0.13660280,0.04315792,0.03654345,0.01416183,0.00000000,0.00037277,0.01861981,0.08858382,0.05964065,0.03608764,0.00122747,0.00000000,0.01022570,0.00402609,0.00000000,0.03995613,0.04892940,0.00867892,0.01245256,0.03105205,0.06063072,0.00000000,0.00000000,0.00289747,0.01978694,0.04885846,0.00370597,0.02310978,0.16009162,0.13305628,0.06760918,0.04832061,0.00920692,0.00319922,0.00000000,0.06985385,0.00000000,0.07907224,0.00000000,0.00000000,0.01140541,0.00000000,0.11061610,0.10961525,0.04819893,0.00945773,0.02858862,0.00090642,0.00343847,0.03803623,0.00957011,0.00093767,0.00952020,0.07131190,0.01208148,0.01675674,0.00000000,0.05122274,0.02686726,0.01481764,0.00000000,0.00262242,0.00818495,0.00369030,0.02905160,0.00067282,0.00000000,0.00000000,0.03584691,0.12368833,0.20761895,0.00000000,0.01316255,0.01450778,0.00705503,0.00155589,0.00724379,0.02411189,0.02718911,0.01673542,0.13932085,0.02006814,0.00908194,0.00435821,0.04343093,0.00031696,0.00400841,0.05845249,0.02611086,0.00000000,0.37334070,0.01185503,0.00640960,0.00849169,0.05434493,0.01948895,0.02433750,0.00000000,0.01913686,0.21668155,0.25264698,0.00154157,0.00764589,0.00047636,0.04210346,0.02889638,0.02141245,0.00000000,0.01633421,0.00462766,0.00000000,0.07757770,0.14676987,0.05894956,0.03727521,0.00275647,0.06057709,0.00058751,0.18531109,0.06263068,0.00000000,0.08922025,0.00077506,0.00000000,0.05761171,0.00782629,0.02260495,0.01294424,0.02773927,0.01338035,0.00921099,0.00822566,0.02165924,0.01057141,0.12843210,0.03456622,0.01843273,0.05669568,0.00000000,0.13373108,0.09772716,0.00000000,0.00244286,0.00388566,0.02919870,0.00347171,0.00000000,0.03755994,0.04922903,0.04170619,0.02659292,0.00851689,0.00000000,0.11050817,0.00924396,0.00000000,0.02948382,0.04522577,0.01252764,0.01150533,0.01136270,0.01924184,0.01749232,0.00000000,0.08814213,0.00966333,0.00448225,0.00000000,0.02611625,0.00000000,0.00022288,0.37016311,0.03019241,0.00020024,0.00509219,0.00180166,0.12898032,0.00000000,0.01134799,0.00545205,0.00797761,0.03694304,0.11700302,0.00907966,0.00000000,0.01893130,0.00000000,0.01062403,0.06248552,0.05292575,0.00621775,0.04291789,0.00076334,0.00058777,0.02600570,0.12484936,0.00000000,0.00601838,0.00608020,0.00435041,0.08483669,0.00155209,0.08003648,0.01041818,0.00066377,0.00206988,0.17048883,0.02083647,0.04379762,0.00000000,0.01485666,0.21019186,0.03488595,0.00917785,0.02418548,0.00691513,0.37841725,0.06339017,0.00000000,0.02654761,0.00000000,0.00000000,0.00150695,0.04295368,0.00000000,0.40586308,0.00334201,0.00593032,0.01843502,0.01182248,0.00717053,0.04103683,0.02293923,0.02077089,0.00248495,0.07210778,0.00332213,0.00256996,0.00356045,0.00000000,0.00030546,0.00723674,0.01896061,0.02583159,0.01369874,0.01386137,0.07547045,0.09543266,0.01769284,0.11006668,0.05145258,0.00561917,0.14659703,0.00638434,0.12818943,0.00000000,0.17133899,0.00237072,0.08484028,0.09088788,0.00931207,0.15877658,0.01061832,0.02545625,0.00526036,0.04089850,0.00000000,0.00000000,0.03823258,0.08437236,0.06297063,0.01893197,0.00000000,0.03419536,0.05211221,0.00437517,0.00376799,0.00000000,0.00621774,0.06034609,0.01605445,0.00148653,0.23881207,0.01478290,0.19868384,0.00000000,0.04100418,0.02685067,0.00000000,0.00486127,0.00720654,0.06024989,0.01613568,0.00000000,0.00000000,0.02639176,0.00000000,0.04694817,0.12326543,0.03169529,0.12169763,0.01808387,0.00436273,0.00732493,0.14212455,0.00000000,0.03427455,0.00134916,0.02389358,0.00461752,0.00000000,0.01301028,0.01969628,0.05906999,0.05685253,0.05052010,0.00005922,0.02315755,0.00000000,0.01985838,0.01819812,0.00000000,0.02837797,0.04960782,0.01872308,0.02817357,0.00000000,0.16852529,0.00442537,0.02790745,0.00439197,0.17110264,0.00000000,0.03704640,0.13738382,0.00065887,0.00000000,0.00000000,0.09909265,0.00000000,0.08741724,0.10023236,0.02421667,0.02498171,0.00000000,0.00963724,0.01989261,0.02055940,0.10236893,0.04114252,0.00043711,0.00000000,0.00240656,0.00040148,0.00000000,0.05751788,0.01891115,0.34607336,0.00000000,0.00000000,0.15087950,0.00255387,0.00000000,0.00972009,0.14365119,0.10951346,0.04596737,0.00000000,0.05943170,0.01721651,0.00000000,0.00870131,0.02355168,0.06395288,0.11160743,0.00027999,0.00000000,0.01404979,0.00000000,0.00000000,0.00000000,0.00099500,0.01043625,0.00957578,0.03855098,0.01356746,0.02083151,0.01586152,0.08533145,0.00703708,0.34336945,0.01747341,0.02485395,0.03301968,0.00442232,0.00000000,0.00314034,0.00198858,0.00293253,0.00188103,0.01594950,0.01948714,0.02846433,0.01076886,0.00000000,0.01633782,0.01767650,0.00000000,0.00297104,0.02195118,0.32527617,0.02830187,0.12388323,0.03121707,0.01396689,0.07629003,0.00176401,0.03334778,0.01103112,0.07094424,0.18339673,0.07711358,0.00000000,0.02838434,0.01967601,0.25750554,0.00048428,0.06219389,0.04543690,0.00985640,0.02933652,0.03113666,0.00558598,0.01723343,0.03070478,0.00000000,0.01067044,0.12909991,0.02807720,0.00552418,0.01546531,0.16623197,0.03482733,0.06285992,0.00000000,0.00000000,0.02438071,0.00000000,0.00000000,0.00368007,0.01046119,0.00000000,0.01479433,0.00000000,0.05399856,0.00000000,0.03678883,0.00474390,0.29119101,0.00383940,0.01912746,0.00486388,0.00182391,0.06121475,0.00320851,0.00000000,0.00959940,0.03669412,0.07998279,0.14232464,0.03210735,0.00359101,0.01449835,0.07894028,0.00489229,0.00280994,0.00593181,0.05317430,0.05089699,0.01457079,0.01274485,0.03454955,0.03696106,0.01432442,0.02063134,0.01821389,0.07582558,0.02986883,0.00237405,0.01876220,0.06035923,0.00770057,0.22606160,0.04070692,0.07770929,0.00000000,0.06722977,0.05898504,0.01887010,0.00000000,0.00589159,0.00122130,0.02961903,0.11827958,0.02169728,0.00000000,0.00264310,0.00000000,0.03500427,0.03600776,0.01295069,0.18803619,0.36801779,0.02651826,0.05587638,0.02494089,0.01999483,0.01096475,0.00304064,0.01983874,0.07986259,0.00000000,0.00333471,0.02406185,0.00840885,0.00000000,0.07678489,0.02077724,0.00000000,0.01524952,0.02295144,0.01807825,0.05751358,0.03134689,0.02786526,0.05174782,0.09628756,0.00232503,0.00657120,0.07685097,0.01728032,0.00322701,0.03498907,0.12651442,0.02657828,0.00549157,0.12906213,0.02467520,0.00720372,0.03622812,0.00000000,0.02372276,0.18678187,0.12106343,0.07359137,0.00000000,0.07909953,0.02584256,0.08390619,0.02143206,0.05141666,0.00549800,0.00181418,0.03901612,0.01826860,0.06894278,0.00160169,0.00000000,0.03700235,0.01077475,0.09059597,0.55595618,0.02244656,0.00810840,0.08495483,0.00519592,0.00140798,0.00126464,0.31217432,0.00109775,0.00763918,0.00047480,0.00394247,0.00083990,0.17148212,0.09578185,0.00000000,0.00358199,0.00000000,0.03975993,0.00000000,0.05819290,0.03326200,0.00920709,0.00099535,0.01661491,0.03246625,0.12505986,0.00000000,0.00000000,0.01508940,0.00000000,0.07368873,0.03257689,0.00732445,0.00106619,0.02832406,0.22967301,0.06229518,0.08872417,0.00801449,0.05302980,0.00000000,0.05354840,0.20065311,0.00000000,0.14090872,0.00054147,0.00679910,0.00272408,0.00218812,0.01270178,0.01034574,0.00000000,0.00000000,0.00718401,0.01281521,0.00000000,0.00000000,0.00606713,0.00181066,0.00393634,0.10050177,0.00303910,0.00000000,0.04756305,0.00000000,0.02771497,0.01678015,0.00096998,0.06278942,0.00000000,0.01579121,0.03301083,0.00000000,0.04089412,0.00734023,0.00024572,0.21664321,0.00339249,0.02828359,0.00310650,0.29011080,0.23739703,0.00121345,0.01160870,0.00714516,0.04426863,0.12009744,0.06166511,0.00121093,0.00000000,0.00000000,0.01044258,0.15584065,0.10517368,0.13331258,0.00778595,0.00303607,0.00000000,0.00053350,0.13884664,0.03960326,0.05905100,0.01726604,0.00000000,0.08192630,0.00000000,0.16621113,0.06444228,0.00000000,0.00000000,0.00000000,0.06816086,0.01611234,0.04783592,0.06267344,0.01965765,0.22141320,0.00000000,0.00000000,0.00319539,0.20412190,0.03429317,0.07109616,0.01139423,0.00516073,0.00000000,0.13729963,0.02110751,0.00000000,0.00556232,0.00054138,0.00894970,0.02486772,0.10022398,0.00000000,0.05246803,0.01722238,0.00434748,0.00793135,0.01029640,0.01242620,0.01182311,0.00113521,0.01435393,0.03756704,0.06373796,0.06369743,0.03601664,0.00000000,0.00091139,0.02997351,0.02663327,0.00000000,0.03392512,0.00000000,0.00000000,0.22114794,0.01389678,0.02776347,0.08965567,0.10484679,0.04276104,0.03583005,0.00000011,0.03881430,0.02246933,0.00436166,0.18961169,0.16786109,0.01535898,0.00591640,0.35949495,0.00094225,0.00000000,0.00000000,0.13307156,0.08702998,0.18380570,0.01186465,0.04379875,0.00000000,0.01613930,0.00000000,0.04480368,0.16773029,0.05456562,0.00000000,0.02271452,0.06200678,0.01735514,0.24401447,0.00312269,0.01243726,0.03553942,0.04456119,0.07587164,0.35848442,0.16049948,0.00572133,0.00079713,0.00000000,0.13112375,0.04999986,0.00000000,0.01277336,0.00000000,0.02798759,0.10207972,0.09007614,0.02238169,0.00062663,0.07631109,0.02948440,0.00863814,0.07064173,0.00282083,0.06127147,0.00144440,0.00614856,0.05462164,0.06653773,0.04316060,0.04989492,0.01775525,0.06342231,0.39398164,0.00000000,0.01677889,0.00366892,0.06192096,0.00000000,0.02055589,0.07684697,0.03072523,0.00912526,0.07802983,0.01127140,0.04817910,0.00217588,0.00017950,0.00169530,0.01583598,0.00025128,0.02965781,0.13611391,0.00000000,0.09072605,0.01591681,0.08967814,0.00275428,0.01227539,0.00035570,0.00000000,0.00225126,0.02429199,0.06481359,0.00129386,0.00826786,0.00000000,0.04929765,0.02420524,0.09588713,0.17072318,0.01053102,0.00052940,0.06310412,0.02432051,0.01616691,0.00464833,0.12853993,0.11408082,0.01983800,0.05728467,0.00000000,0.01475648,0.13094518,0.00000000,0.04520033,0.03240487,0.00000000,0.00918748,0.00000000,0.03025126,0.01111959,0.08853249,0.00472458,0.00035126,0.10820389,0.05782453,0.00000000,0.00000000,0.01906306,0.02653792,0.03176273,0.00000000,0.00479418,0.07067953,0.00000000,0.10447590,0.00091921,0.01049708,0.00072689,0.00247017,0.01087040,0.01453170,0.03614888,0.04723586,0.00797876,0.03907574,0.00267877,0.01257770,0.04647589,0.01540889,0.00000000,0.01375796,0.03270580,0.00897711,0.00000000,0.01899000,0.00988583,0.02712370,0.07403875,0.11697504,0.04675061,0.03571167,0.05749637,0.06070053,0.30430341,0.01656769,0.00555991,0.00000000,0.00219700,0.01145637,0.21868904,0.10735503,0.00000000,0.01293832,0.35746011,0.05295837,0.00000000,0.00000000,0.00000000,0.04977747,0.04306762,0.00830570,0.00379766,0.00850887,0.00000000,0.00000000,0.00369149,0.01244394,0.02871930,0.08968824,0.00000000,0.00150432,0.03831880,0.02838581,0.15370230,0.12067132,0.00421502,0.03555134,0.00000000,0.00164218,0.00593988,0.02786773,0.01141248,0.00663216,0.00000000,0.04906493,0.02630314,0.00000000,0.00000000,0.00911903,0.11219301,0.03811193,0.01933064,0.01319390,0.09354474,0.02633187,0.00398406,0.01051223,0.01464788,0.00633610,0.02042154,0.01378575,0.13384907,0.00418426,0.00000000,0.14122102,0.00000000,0.03509269,0.01355888,0.05225774,0.00000000,0.01442495,0.00000000,0.10710127,0.01793447,0.00314434,0.00251012,0.00149944,0.00000000,0.01803113,0.00000000,0.06407037,0.00000000,0.00000000,0.03929974,0.08403579,0.00237074,0.00984723,0.19222118,0.01913141,0.00561596,0.02834524,0.00351697,0.00000000,0.00000000,0.00000000,0.00000000,0.01813892,0.16832326,0.01320696,0.00874151,0.07331186,0.07400785,0.01705258,0.00000000,0.00806604,0.00000000,0.01246757,0.05121438,0.00150485,0.02298595,0.05433440,0.04035758,0.03366592,0.00129228,0.07691159,0.02709565,0.02006747,0.00135757,0.04077337,0.02985544,0.00000000,0.01967447,0.00546089,0.11406187,0.00271513,0.03352394,0.13485891,0.00000000,0.11864970,0.02496792,0.00000000,0.00000000,0.00000000,0.00834630,0.01384566,0.00566358,0.00000000,0.00000000,0.02718030,0.00000000,0.00000000,0.08197488,0.19655696,0.03115139,0.00000000,0.05955394,0.01166355,0.03944432,0.00000000,0.02936384,0.04030227,0.02015276,0.00985277,0.00710051,0.00544735,0.01272620,0.18920702,0.00115570,0.00648015,0.00000000,0.00174576,0.00000000,0.10840323,0.00411106,0.04060296,0.00000000,0.01160533,0.00941905,0.11142679,0.00514206,0.00000000,0.02196633,0.01601922,0.00802962,0.01751696,0.05068337,0.06986719,0.02731895,0.00192069,0.00530750,0.04429036,0.02188587,0.03413895,0.00182451,0.00000000,0.04301359,0.08556940,0.14060335,0.01986392,0.00000000,0.01890303,0.05853513,0.00000000,0.02179824,0.00390966,0.00907915,0.00000000,0.02880716,0.00140656,0.02274233,0.02141854,0.01666455,0.00158678,0.00000000,0.10439093,0.00277049,0.00309514,0.00000000,0.01834689,0.10517818,0.05473275,0.08500824,0.00255460,0.00000000,0.07775535,0.00000000,0.04403345,0.15639114,0.17964618,0.01158752,0.03366306,0.06042624,0.07809590,0.00610293,0.00000000,0.03489543,0.00090370,0.15372543,0.00988876,0.00617728,0.04627253,0.17799678,0.02678437,0.39078394,0.00000000,0.03292845,0.00560244,0.00000000,0.00000000,0.00330520,0.03408227,0.00147923,0.16257222,0.02878017,0.00206595,0.02411575,0.04713287,0.00245344,0.01018712,0.00000000,0.00000000,0.01531914,0.05657005,0.00000000,0.01489506,0.05924748,0.00000000,0.21697375,0.00000000,0.00000000,0.02178392,0.00000000,0.06415051,0.00014512,0.08028727,0.02283640,0.00145739,0.22550310,0.00128777,0.00016491,0.01917800,0.01694838,0.00000000,0.03659954,0.13299032,0.00617052,0.03968209,0.20518337,0.01022202,0.07694390,0.01166220,0.00005412,0.00000000,0.00554443,0.02174598,0.00010742,0.00004786,0.01622524,0.06606048,0.02013696,0.02253525,0.02561552,0.00339001,0.08932125,0.00000000,0.00724794,0.00000000,0.00000000,0.03016713,0.03131466,0.04355967,0.02887556,0.05641897,0.04824736,0.02889513,0.00625313,0.05328581,0.02171011,0.00781760,0.16371027,0.15196905,0.02173633,0.15423277,0.08728489,0.07070899,0.01044826,0.00886553,0.00062130,0.01966605,0.00000000,0.01134157,0.00452836,0.02171530,0.02709081,0.08928079,0.00700419,0.00000000,0.03291935,0.00000000,0.03976664,0.02899494,0.02697808,0.02389331,0.00006113,0.01493553,0.00000000,0.00026742,0.01519482,0.28598768,0.01602932,0.00106984,0.00000000,0.21079719,0.01565125,0.00930388,0.00000000,0.03833532,0.08195138,0.14533445,0.07389061,0.02619581,0.09334473,0.00000000,0.02256238,0.05070055,0.00189988,0.00000000,0.00060821,0.00000000,0.13575932,0.00147653,0.01886689,0.01234422,0.04050134,0.01611314,0.00911278,0.07303943,0.00023454,0.17609750,0.00000000,0.00635675,0.00476358,0.05893883,0.00035227,0.02824741,0.02756244,0.00477058,0.00357816,0.06660159,0.07378219,0.00000000,0.02712727,0.06848258,0.04771566,0.00957659,0.15251294,0.00000000,0.03966122,0.02444694,0.02519915,0.03849716,0.00000000,0.00176966,0.01250464,0.03910906,0.01214330,0.01286906,0.06310924,0.00220177,0.00258301,0.00942350,0.04244092,0.00531586,0.00452720,0.02565870,0.00912354,0.10420495,0.00037124,0.00830538,0.29564843,0.02947940,0.16562894,0.00744311,0.02922120,0.04650934,0.02742603,0.04806990,0.09758418,0.02771173,0.00783430,0.04430124,0.00000000,0.00000000,0.10694757,0.01465338,0.03166111,0.02831556,0.00000000,0.00045701,0.01497965,0.02927750,0.04374764,0.00428669,0.00000000,0.00153806,0.02266275,0.04540992,0.02924453,0.01122735,0.00066636,0.01176152,0.00794883,0.00000000,0.05589276,0.02708266,0.14663795,0.00643386,0.03144548,0.02440919,0.10143739,0.00043107,0.00385531,0.00000000,0.00000000,0.00155140,0.00000000,0.00000000,0.00000000,0.02477046,0.03245877,0.06329999,0.00530525,0.14641166,0.00000000,0.00436083,0.00384732,0.18022342,0.06178313,0.00000000,0.00516431,0.01023583,0.00000000,0.04859967,0.00000000,0.02362425,0.00000000,0.00465362,0.05424100,0.00000000,0.06391212,0.05430170,0.01657576,0.10962325,0.00401939,0.06641103,0.00000000,0.01635189,0.00097646,0.05547552,0.09461064,0.05312993,0.01001307,0.00283476,0.00483157,0.05176214,0.04435191,0.01395088,0.02060235,0.02219340,0.05784541,0.02831853,0.34648216,0.04422297,0.15924655,0.00390346,0.00000000,0.00173848,0.00000000,0.03589191,0.02390170,0.02519232,0.03271992,0.06141415,0.02418951,0.10146783,0.01507443,0.00448297,0.00045188,0.44831175,0.04093546,0.03387014,0.01676061,0.01491946,0.05158466,0.00022555,0.04927666,0.04439799,0.03970034,0.04511070,0.02273960,0.00100458,0.09494057,0.01239164,0.06026991,0.00645497,0.05261835,0.00000000,0.14489973,0.00000000,0.00107448,0.04808874,0.06875096,0.00106484,0.05898752,0.03716596,0.02516012,0.04411211,0.22060508,0.02924133,0.00000000,0.00000000,0.00890805,0.01797112,0.02805878,0.10616127,0.00000000,0.00712158,0.01090543,0.01076390,0.12207866,0.00027947,0.00369431,0.01655598,0.00000000,0.00436091,0.00000000,0.01696650,0.00338294,0.02512637,0.00000000,0.00404736,0.02212576,0.01884623,0.00830868,0.02234390,0.03174412,0.00000000,0.00000000,0.01561174,0.16778180,0.00307224,0.00331812,0.00653542,0.00000000,0.00535164,0.11312640,0.02591721,0.03986088,0.01064039,0.00274927,0.06402646,0.02781477,0.00000000,0.00000000,0.00000000,0.00000000,0.00204149,0.03329875,0.02866993,0.00047971,0.09768573,0.03844393,0.00000000,0.00439891,0.07522117,0.00420141,0.08277938,0.04070291,0.06636436,0.00000000,0.15487432,0.00834292,0.15990239,0.00268292,0.00281351
6082,data/pair/6082/RHEED/2 min GaSb.MOV,manifest_specified_rheed_path,17.530000,526,8,0.32780722,0.02383753,0.01598769,0.00000000,0.00000000,0.00033603,0.00279503,0.01950121,0.00766574,0.00021357,0.25162381,0.02665538,0.00000000,0.03562339,0.02629524,0.03121926,0.05036864,0.00071418,0.00756295,0.01234361,0.00714891,0.00235329,0.92446053,0.01817811,0.04724292,0.00611845,0.00000000,0.20236288,0.00114879,0.49734747,0.01680875,0.02257546,0.05988070,1.10621691,0.00024593,0.01649193,0.00000000,0.00524632,0.01039937,0.00493616,0.00064212,0.00174640,0.00216087,0.00609565,0.00126179,0.00486532,0.00000000,0.37086445,0.00044232,0.10202339,0.03815944,0.00722602,0.31444585,0.00451749,0.06716081,0.15875408,0.00000000,0.00000000,0.00298484,0.06838872,0.02272731,0.00000000,0.02780063,0.00002283,0.04753978,0.01741660,0.00010419,0.05026218,0.36593726,0.08691920,0.16381793,0.04078390,0.00099595,0.22173433,0.00366579,0.00342778,0.00000000,0.00000000,0.01663900,0.00174649,0.31579968,0.00000000,1.06195676,0.00426365,0.00282585,0.70203155,0.00000000,1.55626011,0.00000000,0.06121248,0.19581798,0.00000000,0.00000000,0.00822878,0.09561600,0.00000000,0.04724377,0.00000000,0.36435151,0.01177595,0.00622825,0.01893608,0.21009131,0.00219145,0.00094818,0.00020085,0.00485421,0.58663768,0.00203528,0.00000000,0.00000000,0.87147582,0.12098630,0.03117624,0.00000000,0.00500574,0.00000000,0.01270007,0.01267039,0.44557104,0.03666085,0.09727618,0.01656726,0.01644701,0.00000000,0.12699097,0.00213779,0.00893950,0.06975966,0.00000000,0.04708476,0.18354815,0.00001100,0.00206794,0.00068866,0.14426722,0.00000000,0.05879934,0.07456098,0.00000000,0.00000000,0.00000000,0.00000000,0.00100699,0.00000000,0.49686673,0.02716225,0.00000000,0.01762629,0.00095428,0.03158356,0.06461852,0.00786114,0.12347023,0.04006353,0.01619745,0.00000000,0.00102770,0.00202372,0.21709606,0.00391509,0.10454391,0.00106694,1.37618744,0.00321422,0.49128750,0.00177854,0.00000000,0.01568903,0.11916743,0.00472765,0.48181525,0.30824256,0.02293800,0.00605267,0.10002458,0.00000000,0.00000000,0.20284720,0.00000000,0.02005273,0.34871835,0.00464102,0.00601008,0.16767725,0.00342511,0.00294017,0.02804977,0.01317533,0.00264221,0.11654770,1.38876927,0.00000000,0.00890253,0.03971657,0.04671174,0.04219929,0.04853332,0.00000000,0.00393834,0.00000000,0.03488462,0.48747110,0.02634739,0.00976303,0.00000000,0.00166830,0.01679097,0.01164941,0.03732343,0.00145874,0.33891538,0.00000000,0.03580185,0.00376406,0.00312364,0.00000000,0.00185252,0.01092847,0.07075357,0.00000000,0.00244098,1.00852537,0.27512798,0.03326480,0.10583117,0.01564926,0.04975051,0.00019530,0.05763936,0.55183762,0.02532144,0.03330422,0.00190526,0.02286945,0.01414569,0.21735096,0.83987457,0.01812522,0.00043405,0.58609962,0.00399325,0.04546493,0.16468202,0.10141237,0.07861270,0.00000000,0.03055822,0.03658131,0.00000000,0.00000000,0.00132688,0.49026200,0.09066343,0.10296705,0.01058583,0.00000000,0.00000000,0.00000000,0.17263451,0.00000000,0.01327277,0.19835632,0.00250388,0.00379118,0.25225452,0.00855787,0.53147101,0.00357527,0.00000000,0.01183852,0.12714325,0.00201211,0.08186091,0.05776230,0.01388728,0.00431218,0.01173794,0.00845094,0.00000000,0.08932562,0.00000000,0.01346277,0.23263061,0.01838530,0.00247891,0.00077190,2.18096328,0.00000000,0.11438940,0.00156385,0.01351081,0.00486228,0.00323774,0.09243529,0.00946324,0.00139047,0.00109931,0.02377260,0.00163553,0.03440402,0.02572627,0.06628501,0.03212340,0.00111037,0.01356537,0.00728533,0.00000000,0.11963680,0.00007616,0.00000000,0.00394595,0.00341265,0.02687895,0.33516157,0.08259448,0.00288205,0.01600073,0.00686695,0.00000000,0.00000000,0.02244524,0.25450450,0.00000000,0.04883320,0.20467313,0.14414097,0.15759894,0.00000000,0.20087302,0.00481204,0.01817277,0.00053754,0.01376570,0.00762866,0.00000000,0.16538678,0.00371736,0.01493681,0.07156411,0.06431437,0.01095779,0.03235971,0.00108963,0.00172270,0.00000000,0.00000000,0.00000000,0.58266222,0.00589659,0.00805444,0.38055044,0.02088650,0.01113497,0.01070507,0.03938016,0.00000000,0.00127052,0.00000000,0.00000000,0.00379173,0.02629402,0.01942449,0.03905329,0.00048133,0.13054487,0.00000000,0.08055428,0.00000000,0.00133720,0.00742396,0.00000000,0.33050069,0.00465724,0.07792372,0.03732859,0.08185714,0.21818525,0.00000000,0.01572186,0.15626311,0.00000000,0.33435908,0.08478008,0.13220677,0.01969569,0.00000000,0.00044010,0.24312782,0.34777808,0.08357178,0.00609646,0.34561872,1.40271699,0.00464200,0.00000000,0.00000000,0.07026954,0.17698556,0.04113155,0.01817720,0.03230082,0.01091111,0.00432761,0.00000000,0.00085794,0.16429472,0.02030770,0.02056989,0.08099598,0.06008537,0.04591488,0.06118968,0.15343642,0.13280542,0.24592352,0.02178506,0.02099523,0.00300098,0.04788270,0.00358299,0.00000000,0.05235467,0.00246986,0.00266632,0.65348870,0.01086975,0.00190931,0.52103537,0.07284157,0.00505057,0.00432174,0.06266574,0.01701480,0.05676513,0.50184238,0.10118766,0.00000000,0.02420113,0.00990631,0.02142536,0.09178268,0.00719302,0.00496427,0.01188924,0.00100094,0.02974148,0.01168411,0.06555358,0.00000000,0.00774221,0.02636588,0.00582427,0.03239485,0.00302520,0.10580599,0.00410310,0.07588373,0.00000000,0.00000000,0.05347448,0.00350339,0.00813735,0.41762400,0.00416074,0.00000000,0.00296081,0.09210829,0.00688271,0.00424817,0.01083929,0.02582608,0.00081296,0.00000000,0.04922790,0.00000000,0.00422147,0.00041521,0.00000000,0.04728184,0.02880274,0.00658554,0.81282890,0.00000000,0.00000000,0.00721165,0.00000000,0.02411125,0.00798582,0.00318374,0.01663073,0.10812204,0.00000000,0.01071533,0.00000000,0.02256144,0.37140340,0.08103667,0.00149051,0.11980695,0.00785069,0.00000000,0.00839595,0.10218912,0.00296411,0.00196718,0.35016170,0.02818146,0.04088151,0.21323965,0.22069745,0.05279355,0.00472617,0.02409844,0.01948619,0.00245063,0.08341558,0.01856612,0.00000000,0.29631209,0.00000000,0.13484105,0.01721713,0.00998053,0.04146324,0.00190496,0.26517940,0.06884275,0.00000000,0.63677406,0.06883285,0.00000000,0.00000000,0.00085153,0.00000000,0.44588894,0.00000000,0.13858832,0.01253828,0.03727533,0.01728238,0.00000000,0.02148058,0.03556404,0.19279070,0.08400106,0.00531950,0.00000000,0.00000000,0.00921086,0.00042540,0.02447951,0.00000000,0.03113921,0.00156228,0.00124973,0.01903818,0.00000000,0.00261508,0.00000000,0.00578362,0.05169752,0.08258995,0.00358037,0.00984039,0.24929632,0.15956961,0.00000000,0.01165801,0.00003005,0.00882749,0.00000000,0.05965315,0.00064405,0.05458709,0.00000000,0.00000000,0.00000000,0.00081002,0.03067279,0.16670883,0.00000000,0.23442167,0.00619485,0.03882932,0.00173258,0.04060348,0.05578760,0.00000000,0.08386909,0.13050041,0.00087771,0.00354064,0.00000000,0.02507957,0.03917067,0.00000000,0.03484545,0.00956619,0.00000000,0.00000000,0.03224324,0.00390868,0.00000000,0.00000000,0.00291233,0.00112507,0.60367668,0.00000000,0.00218746,0.05078464,0.00000000,0.00000000,0.01260891,0.08931447,0.10435233,0.00228128,0.18871398,0.00000000,0.00000000,0.00344780,0.06508650,0.03268133,0.06190156,0.02965675,0.21037161,0.00040404,0.74215597,0.00583542,0.03807902,0.00123171,0.08406082,0.00000000,0.18158941,0.00151017,0.00000000,0.46430418,0.14328647,0.00053364,0.00041910,0.00000000,0.00573210,0.01159553,0.01354438,0.00019805,0.00000000,0.00000000,0.00000000,0.02562024,0.10853833,0.20678075,0.00926984,0.09927382,0.60479301,0.00177637,1.15318167,0.07483125,0.00099741,0.52670443,0.01545589,0.00171878,0.10229454,0.00386535,0.00521390,0.01175685,0.01485699,0.00973650,0.00000000,0.00138963,0.06675315,0.10986412,0.57409763,0.30679059,0.00441163,0.00343272,0.00014164,0.03554475,0.02697269,0.00018459,0.02740101,0.00099207,0.02920243,0.00055846,0.00000000,0.07059538,0.11507249,0.06647694,0.16301511,0.06452262,0.00000000,0.01614730,0.00009963,0.00000000,0.00000000,0.02325802,0.00189024,0.00291298,0.00192509,0.00006848,0.00115915,0.00000000,0.11140545,0.00929358,0.02881773,0.00000000,0.14385158,0.00000000,0.00195937,0.38161761,0.00363865,0.00145222,0.01625072,0.00234776,0.05231209,0.00196609,0.24169502,0.00000000,0.00421553,0.00000000,0.11823343,0.01060219,0.02092160,0.00248294,0.05058267,0.00029789,0.03957943,0.33171174,0.00986815,0.02946557,0.00975456,0.00000000,0.06445622,0.30495390,0.00000000,0.00000000,0.00336613,0.00363033,0.23448017,0.00000000,0.31428257,0.02552496,0.00012368,0.00054955,0.05366480,0.01919327,0.29266047,0.00055736,0.01024770,1.22941661,0.04299086,0.00000000,0.01997320,0.00354882,0.36246145,0.00002698,0.02667008,0.00000000,0.00000000,0.00110703,0.00000000,0.21211840,0.05019803,5.28275871,0.09231501,0.00000000,0.00046366,0.00409379,0.00106839,0.13124505,0.01525425,0.01275394,0.00802634,0.22955905,0.01506365,0.00362390,0.00902606,0.00478171,0.00938560,0.00075177,0.13239920,0.00520590,0.02177246,0.00000000,0.05889405,0.02160067,0.05791611,0.14931524,0.12687853,0.00000000,0.25517219,0.00039983,0.06059775,0.00000000,0.15672225,0.01029694,0.04191278,0.18340534,0.01921135,0.17760481,0.10008445,0.01523384,0.00000000,0.00303688,0.03371605,0.00000000,0.00338643,0.09089076,0.00127548,0.01538059,0.00000000,0.17555548,0.11776780,0.01353506,0.00006607,0.00094371,0.00000000,0.07408510,0.00000000,0.02747962,1.07947397,0.00864185,1.13093209,0.00000000,0.01614078,0.17401025,0.17068341,0.00118302,0.02190243,0.14190444,0.00059069,0.00000000,0.00096937,0.03094812,0.00000000,0.21955784,0.06396263,0.07034780,0.92159832,0.00000000,0.00002036,0.00641585,0.11050831,0.00000000,0.03996381,0.00000000,0.03568389,0.00034801,0.00000000,0.01616144,0.05145224,0.01784107,0.01425004,0.01167824,0.03192364,0.02531736,0.03891389,0.00111282,0.03790986,0.00167339,0.01614567,0.00000000,0.03216861,0.00310050,0.00080434,0.05259788,0.00764705,0.00110733,0.00289285,0.47105128,0.00000000,0.05959183,0.09034618,0.01828997,0.01763777,0.00217360,0.13958898,0.00000000,0.02419250,0.12135121,0.00000000,0.00736824,0.01679951,0.11398617,0.02929426,0.00871469,0.17308165,0.04829872,0.00000000,0.02545761,0.00040615,0.00974798,0.02431870,0.00000000,0.00251255,0.89354849,0.03375023,0.07947969,1.44605374,0.00021913,0.00000000,0.00000000,0.03457576,0.74227762,0.00435504,0.00066882,0.00589317,0.06224202,0.00000000,0.01602072,0.02677089,0.30022192,0.04068240,0.00000000,0.00000000,0.00343950,0.03150208,0.00198271,0.00000000,0.01441507,0.00324600,0.00135076,0.01080890,0.00567952,0.10957605,0.00178768,0.08557607,0.01485120,0.64951456,0.00054821,0.00745423,0.00350201,0.00978625,0.00000000,0.02499438,0.00090657,0.00437799,0.00063110,0.00544323,0.07584753,0.00000000,0.08508980,0.01547474,0.24365118,0.00000000,0.00000000,0.00018532,0.12035576,0.66724086,0.00569193,1.55178833,0.25332102,0.39997101,0.23603496,0.00390411,0.01764286,0.05919107,0.03207157,0.81007683,0.53207445,0.00000000,0.00000000,0.00019123,0.76615560,0.07264244,0.18800831,0.03397998,0.00000000,0.04740946,0.00000000,0.00000000,0.00046655,0.00438494,0.07376251,0.00000000,0.14492810,0.00583420,0.02114815,0.00109173,0.12936820,0.08120140,0.15652092,0.00000000,0.00022307,0.00090354,0.00927995,0.00000000,0.00524113,0.00407915,0.00000000,0.01100512,0.00188436,0.00650870,0.00878299,0.12770589,0.00000000,0.02036359,0.00102070,0.03870402,0.00000000,0.02609954,0.30387276,0.03157387,0.00000000,0.00000000,0.03234617,0.50784248,0.11467120,0.25027698,0.00000000,0.00273792,0.17093244,0.08144428,0.10971858,0.04262770,0.08438657,0.02033415,0.07552717,0.00000000,0.00117503,0.07212960,0.01922706,0.18604940,0.01999091,0.12170713,0.11802839,0.01178097,0.01157118,0.86819971,0.01625057,0.75089920,0.00362822,0.00360722,0.00000000,0.03609045,0.01556115,0.02165248,0.07773475,0.01845114,0.00000000,0.00174358,0.04267183,0.00922460,0.00949700,0.00000000,0.00186077,0.03453918,0.16766384,0.05626072,0.17348774,0.43759853,0.01488938,0.22588290,0.04640141,0.00168416,0.00000000,0.19855058,0.00000000,0.09917522,0.00000000,0.00000000,0.05604755,0.06226595,0.00392079,0.36451235,0.05662639,0.01957892,0.00995104,0.00080019,0.00069790,0.03378168,0.02281472,0.01529258,0.00000000,0.36397225,0.00114677,0.05443710,0.00085975,0.00393290,0.00436221,0.03370799,0.20830783,0.03580792,0.00369909,0.01850543,0.00369298,0.22641566,0.01290690,0.00000000,0.28589135,1.13383210,0.12843634,0.07084340,0.00159738,0.15936838,0.04385604,0.13351801,0.05969676,0.11207303,0.01461555,0.00324879,0.00528164,0.00000000,0.07989957,0.00124575,0.00006119,0.03671939,0.00112514,0.03703436,0.71609986,0.21118076,0.05733795,0.01641509,0.01222655,0.00000000,0.00200112,0.63345957,0.04065702,0.03352002,0.00000000,0.01519888,0.00049647,0.54005611,0.50514925,0.00000000,0.08868614,0.00084525,0.19763860,0.00000000,0.16768885,0.00710180,0.05518275,0.00000000,0.00000000,0.00584079,0.53600520,0.02062227,0.00000000,0.02363574,0.00271333,0.10932900,0.03683742,0.00000000,0.00135679,0.03727314,0.10863970,0.04045290,0.18901539,0.01416089,0.00590771,0.01423063,0.07657295,0.23867318,0.03183650,0.20243391,0.00154422,0.00349387,0.03345464,0.02250860,0.03929086,0.05924613,0.00000000,0.16572961,0.00083130,0.00000000,0.00000000,0.00000000,0.00000000,0.01314301,0.01698288,1.22762585,0.00179446,0.10363543,0.00900998,0.00000000,0.05612423,0.01643309,0.00407349,0.08240318,0.00000000,0.00000000,0.00031651,0.00802420,0.05554282,0.01526386,0.00457302,0.59329295,0.00000000,0.02266754,0.01237699,0.38308409,0.92197418,0.00000000,0.01131430,0.01352958,0.23691407,0.11849361,0.09692338,0.00000000,0.00000000,0.04893256,0.00000000,0.16214313,0.58580965,0.25145006,0.01344657,0.00000000,0.00000000,0.00500809,0.40648875,0.03149858,0.23689482,0.00000000,0.00058993,0.03036457,0.00253762,0.27971786,0.05378450,0.01820775,0.00000000,0.00000000,0.15137845,0.02821608,0.06370076,0.03335151,0.00000000,2.66918206,0.00000000,0.00298719,0.00000000,0.58384365,0.00000000,0.13827191,0.24413322,0.00455194,0.00000000,0.81198025,0.03842678,0.01774303,0.00000000,0.03452282,0.02626873,0.16773228,0.08792946,0.00046372,0.03950220,0.00645324,0.00167286,0.02902569,0.00258208,0.12644115,0.00819337,0.00068198,0.00000000,0.06827204,0.00000000,0.04481374,0.00799712,0.00116809,0.00000000,0.04010915,0.05078107,0.00653996,0.09323177,0.00905598,0.00358265,0.15818651,0.01099885,0.07461439,0.06588735,0.03319703,0.00000000,0.02042976,0.00046773,0.00080446,0.03855908,0.02375905,0.29048350,0.20704919,0.02936843,0.00581441,1.10306120,0.00077558,0.00028917,0.00133169,0.00000000,0.20031239,0.16340216,0.00331683,0.14934748,0.00000000,0.00744112,0.00000000,0.01768389,0.46081474,0.00866114,0.00000000,0.00718995,0.23348925,0.00088947,0.72290361,0.00000000,0.00000000,0.06873220,0.00959971,0.00000000,1.06040227,0.21829325,0.00208635,0.00000000,0.00249677,0.00973978,0.00162726,0.00106038,0.01494066,0.00696797,0.00641075,0.21462892,0.36079472,0.01168759,0.00424612,0.00034813,0.07583600,0.00269663,0.14438678,0.01823410,0.72742027,0.00176719,0.12069416,0.13531941,0.03767427,0.04669340,0.00805569,0.00000000,0.13631800,2.51978898,0.03030268,0.01049794,0.15786748,0.03581927,0.00000000,0.02028001,0.10165641,0.00271367,0.01655379,0.00000000,0.00760064,0.16260758,0.00000000,0.00041247,0.00000000,0.00000000,0.00181858,0.06164261,0.44518042,0.00158663,0.00000000,0.00773242,0.15004843,0.00066866,0.04136853,0.01307334,0.00583825,0.00000000,0.29205799,0.05240329,0.00127179,0.00000000,0.00549164,0.00596968,0.14595668,0.53088003,0.38151714,0.00699301,0.00320530,0.16402799,0.17859350,0.00000000,0.00409972,1.34027505,0.24057595,0.00000000,0.15805542,0.00346361,0.01643569,0.00384792,0.01312858,0.00000000,0.02237194,0.00002446,0.04761183,0.00000000,0.09439201,0.00567421,0.14479780,0.00000000,0.01082747,0.02526485,0.16911536,0.00598695,0.00000000,0.00000000,0.05324889,0.00316976,0.00000000,0.00132543,0.18477239,0.00000000,0.02112707,0.01066634,0.00878881,0.00980230,0.07848760,0.00918066,0.04793876,0.02939597,0.08008794,0.00275407,0.01842833,0.00086990,0.02118246,0.00593766,0.02853511,0.00286679,0.00000000,0.30538231,0.00000000,0.04887833,0.29027551,0.00000000,0.08100851,0.14088352,0.07495174,0.06669793,0.00000000,0.09377190,0.06556222,2.19530058,0.00542442,0.00218529,0.00563892,0.00048330,0.00000000,0.11571484,0.15687558,0.00102933,0.01823620,1.20838356,0.02703977,0.00465906,0.00769133,0.00000000,0.01776800,0.24387234,0.00513321,0.00265451,0.00000000,0.00000000,0.00029983,0.00262614,0.00167499,0.09447959,0.13017367,0.00000000,0.01500629,0.04601843,0.00000000,0.70065314,0.05694500,0.00239746,0.13782929,0.00000000,0.03856049,0.08493847,0.03157597,0.00347558,0.01973410,0.00000000,0.00909458,0.00035884,0.00000000,0.00000000,0.07833865,0.36526111,0.01766906,0.04677623,0.00075525,0.35577303,0.10887003,0.00000000,0.00009940,0.03755843,0.00532179,0.02647462,0.10778286,0.90527612,0.04877377,0.00000000,0.78358895,0.01045657,0.28369132,0.00216722,0.14712845,0.00000000,0.01507807,0.01992585,0.04353752,0.00542536,0.00022489,0.00000000,0.02203671,0.00000000,0.00314802,0.00056675,0.04681772,0.02009644,0.00000000,0.00982926,0.87091184,0.00000000,0.04679836,0.09147099,0.00796758,0.00133807,0.07886624,0.05967418,0.00000000,0.00000000,0.00398558,0.00418679,0.08765514,0.20931935,0.00125466,0.11305106,0.02862688,0.00000000,0.01651002,0.00000000,0.06204118,0.00000000,0.07370244,0.02686688,0.00596130,0.11969568,0.05026458,0.03191222,0.20626229,0.03988682,0.16277608,0.07925931,0.06145707,0.00343177,0.28894708,0.07444450,0.00000000,0.00410044,0.00000000,0.72343987,0.00114551,0.03470111,0.21566966,0.00000000,0.16937290,0.00810663,0.00000000,0.00000000,0.00274881,0.00000000,0.00000000,0.00898065,0.00000000,0.00000000,0.03107779,0.00000000,0.03785864,0.03484368,0.43791938,0.00032510,0.00000000,0.00131680,0.03597276,0.17786114,0.00000000,0.13471878,0.10364168,0.00000000,0.00146665,0.00339758,0.00000000,0.00440958,0.16135840,0.02133196,0.00071605,0.01989372,0.00000000,0.00000000,0.13068819,0.00682273,0.01084265,0.00000000,0.00013304,0.03729753,0.52620977,0.21961960,0.00411470,0.00000000,0.00397305,0.00000000,0.02096973,0.08752064,0.07434265,0.22562331,0.00910731,0.00636632,0.15608701,0.06648207,0.00642624,0.00855722,0.00000000,0.26564890,0.05428434,0.09906802,0.01437826,0.01249136,0.01595778,0.02155913,0.00348326,0.01584166,0.01089231,0.07262665,0.00000000,0.00969956,0.00000000,0.00110789,0.03405898,0.00000000,0.01553721,0.00000000,0.12492427,0.00119153,0.04002185,0.00000000,0.00064404,0.06150743,0.02101665,0.08901380,0.01560788,0.00000000,0.18852359,0.00003965,0.14649247,0.43621978,0.49447021,0.03127892,0.00200529,0.06980710,0.10129281,0.00000000,0.03206308,0.00265100,0.00000000,1.07244146,0.00134369,0.00000000,0.00961211,0.33333734,0.01267958,2.04097152,0.00028794,0.01827131,0.06811696,0.00000000,0.09675576,0.04780941,0.06462833,0.00172986,0.60607433,0.37560067,0.00370114,0.05759893,0.03184371,0.00013310,0.00000000,0.01375945,0.00444545,0.00174830,0.03301630,0.00032058,0.00000000,0.03995347,0.00019352,0.07661032,0.00000000,0.01470384,0.00749406,0.00000000,0.11883089,0.00000000,0.06564934,0.04080992,0.01437838,0.27030972,0.00020158,0.01173379,0.04673724,0.01033635,0.03736718,0.01599211,0.00233373,0.00666193,0.05008445,0.48078015,0.08132938,0.02920806,0.01602077,0.00052665,0.00543645,0.01712435,0.00126297,0.00000000,0.03643583,0.02388946,0.00387995,0.14131595,0.00413956,0.03830746,0.02022074,0.07447756,0.02442271,0.01837549,0.00217232,0.00000000,0.13545308,0.00000000,0.00950692,0.00161227,0.05599065,0.07328271,0.00200664,0.28185084,0.04181390,0.00648164,0.00171712,0.00142849,1.42011607,0.00134460,0.71985435,0.08192425,0.14579371,0.01672056,0.00844443,0.00000000,0.00019222,0.00000000,0.01887630,0.00203288,0.01986997,0.22710460,0.06358452,0.00000000,0.00000000,0.00000000,0.00000000,0.00178633,0.02933529,0.12299664,0.00439316,0.00344434,0.00271015,0.00066996,0.00348077,0.00138080,0.56019115,0.03051350,0.00000000,0.00000000,0.12812017,0.01167731,0.00289714,0.00000000,0.02192091,0.24728316,0.31645119,0.16939595,0.26263162,0.34525281,0.00851309,0.00594573,0.00000000,0.00000000,0.00000000,0.00587856,0.00001021,0.02776222,0.00000000,0.18757154,0.01167719,0.01722250,0.00000000,0.01125220,0.00021951,0.00377517,0.34090590,0.00000000,0.04348194,0.00000000,0.01352288,0.03182677,0.02252230,0.21717611,0.07577564,0.00313786,0.14899157,0.00979760,0.00577802,0.10106986,0.13182969,0.00311186,0.01795005,0.21490484,0.00000000,0.00031659,0.00000000,0.01367014,0.02803010,0.00913133,0.00000000,0.00000000,0.00475284,0.00758015,0.00000000,0.06308014,0.08395498,0.01585230,0.00000000,0.00392310,0.00272456,0.01000842,0.00503494,0.04764726,0.23497477,0.00126317,0.00176713,1.65560400,0.02189239,0.74980772,0.00000000,0.00000000,0.38940495,0.02260378,0.06182192,0.14914563,0.00117245,0.00409739,0.05289666,0.00004636,0.13710970,0.15364535,0.00204959,0.00659209,0.06829947,0.00023784,0.00858377,0.03668970,0.00460643,0.00116899,0.00000000,0.02280450,0.02226146,0.02433154,0.01401318,0.09447651,0.00230160,0.00181392,0.00442565,0.00090384,0.01723146,0.21022592,0.30568030,0.59385663,0.00000000,0.02856481,0.00001293,0.22169970,0.00157502,0.00680063,0.00047414,0.04941112,0.00077481,0.02045054,0.00000000,0.00170476,0.01024145,0.19136623,0.21662959,0.00199873,1.26854348,0.00000000,0.00636323,0.03757165,0.40454748,0.08204544,0.00026513,0.17217244,0.00771801,0.00058503,0.06584653,0.00047515,0.01671430,0.00000000,0.00504103,0.06730205,0.00140818,0.04949147,0.01421713,0.00000000,0.00002240,0.00000000,0.09700535,0.01012066,0.00307927,0.02928200,0.10952447,0.21410705,0.00693330,0.00994172,0.08961864,0.11148360,0.10868814,0.00000000,0.00880793,0.00311517,0.02856359,0.00761600,0.00075099,0.32638490,0.16057768,0.76593584,0.01408825,0.00000000,0.00000000,0.00000000,0.00438934,0.08744279,0.00250045,0.00000000,0.24516711,0.05573723,0.19817242,0.00008875,0.02543139,0.00579655,0.28901416,0.04385043,0.09943407,0.02602805,0.00000000,0.21453434,0.00000000,0.14284687,0.02380461,0.02209104,0.26083791,0.03272552,0.00000000,0.16684866,0.00000000,0.00727783,0.00061480,0.13488755,0.00613231,0.38216197,0.01444859,0.02785323,0.01405373,0.03354457,0.00000000,0.00457818,0.00008282,0.02847334,0.05271696,0.38470057,0.11358784,0.02139778,0.00000000,0.00354283,0.00500136,0.00534293,0.83073425,0.00000000,0.00186790,0.01795691,0.00028340,0.09058157,0.00010180,0.00996592,0.05957352,0.02209700,0.00166521,0.00000000,0.17823055,0.00000000,0.09786264,0.00000000,0.00931271,0.00000000,0.02959266,0.00960432,0.04352450,0.02341390,0.00328684,0.00266072,0.02198467,0.59913421,0.02892709,0.00000000,0.00050410,0.00014095,0.00213650,0.09822835,0.00000000,0.05403176,0.04753522,0.00000000,0.02136043,0.16126564,0.00000000,0.00007475,0.00000000,0.00000000,0.01739770,0.01319180,0.02140874,0.00542785,0.22464778,0.07832454,0.00506409,0.00000000,0.44956759,0.00858316,0.20868611,0.05690975,0.06744374,0.00000000,1.15112293,0.00926982,0.38845977,0.06551835,0.00000000,0.32151887,0.03636737,0.01648663,0.00000000,0.00000000,0.00088904,0.00496969,0.04107285,0.00829895,0.00056505,0.30996180,0.02284688,0.00000000,0.05118652,0.06129913,0.04323234,0.07761148,0.00188956,0.01119716,0.01206584,0.01794929,0.00532854,0.31280145,0.02085403,0.05889668,0.01618790,0.00000000,0.13276325,0.00201781,0.40834302,0.02198594,0.02639328,0.04686073,0.45481181,0.00065067,0.01747511,0.00000000,0.00636800,0.01624651,0.00722322,0.00169890,0.00462055,0.00454729,0.01612758,0.00290653,0.00936248,0.00000000,0.17785773,0.00117026,0.14105941,0.05968002,0.01115737,0.09038734,0.00796171,0.05740654,0.10976031,0.00000000,0.00000000,0.00789714,0.07257710,0.02221611,0.00000000,0.03558446,0.00006041,0.04335707,0.03033685,0.00027565,0.05986333,0.12927714,0.12518136,0.12856753,0.03154476,0.00243606,0.13744952,0.00772367,0.00616441,0.00000000,0.00000000,0.02616516,0.00282261,0.28891066,0.00000000,0.53494936,0.01128055,0.00401340,0.30708590,0.00000000,0.78074831,0.00000000,0.04861644,0.11700412,0.00000000,0.00000000,0.01145922,0.07827441,0.00000000,0.03998972,0.00000000,0.27478880,0.02528568,0.01271295,0.02510765,0.13203990,0.00579803,0.00250865,0.00053141,0.00873625,0.34129223,0.00538485,0.00000000,0.00000000,0.38094473,0.13547090,0.07498865,0.00000000,0.01024450,0.00000000,0.01416967,0.02452745,0.34819955,0.05393165,0.03252865,0.01583739,0.01725954,0.00000000,0.33001456,0.00565606,0.01481261,0.07008330,0.00000000,0.07970429,0.09311522,0.00002911,0.00547125,0.00140103,0.18704183,0.00000000,0.06009014,0.05692782,0.00000000,0.00000000,0.00000000,0.00000000,0.00197538,0.00000000,0.27403039,0.03715718,0.00000000,0.01752787,0.00252479,0.05916102,0.05615643,0.00886556,0.06913753,0.07082512,0.02521576,0.00000000,0.00271904,0.00535426,0.13936172,0.00686759,0.15658621,0.00126156,0.75798172,0.00566502,0.15645428,0.00396936,0.00000000,0.01253283,0.03836536,0.01027494,0.30574393,0.23138098,0.02724504,0.01251839,0.12977232,0.00000000,0.00000000,0.07431774,0.00000000,0.01758649,0.20099469,0.01178316,0.00680432,0.16768649,0.00620570,0.00777897,0.04793334,0.02103855,0.00699062,0.10460043,0.76667488,0.00000000,0.01884626,0.03969178,0.05468179,0.04529829,0.03372736,0.00000000,0.00979531,0.00000000,0.07130926,0.34800828,0.06770356,0.01045907,0.00000000,0.00441390,0.03489112,0.01432962,0.07223083,0.00378951,0.24321882,0.00000000,0.08088559,0.00756226,0.00722999,0.00000000,0.00490130,0.02438712,0.10536444,0.00000000,0.00563341,0.42202127,0.36523554,0.06080060,0.08166406,0.01484776,0.02442543,0.00048874,0.08066191,0.35664096,0.03731244,0.03263666,0.00504083,0.03506113,0.02294433,0.15419230,0.41317818,0.04305539,0.00076731,0.52472091,0.01056515,0.04723276,0.06155096,0.10333861,0.11781485,0.00000000,0.04667993,0.03836363,0.00000000,0.00000000,0.00351060,0.29028240,0.09242357,0.13168541,0.01349172,0.00000000,0.00000000,0.00000000,0.14600664,0.00000000,0.02323059,0.17631146,0.00525049,0.00709171,0.24053092,0.01986943,0.30038145,0.00640074,0.00000000,0.01034009,0.13384414,0.00266820,0.09805518,0.05481495,0.01513648,0.01140895,0.01204138,0.01181961,0.00000000,0.19874971,0.00000000,0.02340563,0.19710837,0.02947198,0.00339583,0.00150636,0.66875833,0.00000000,0.07905176,0.00413755,0.01273313,0.01094169,0.00720149,0.08882343,0.01520536,0.00367884,0.00290849,0.02276700,0.00361674,0.04790335,0.06728143,0.04789318,0.07591294,0.00249558,0.02973967,0.01495575,0.00000000,0.21710412,0.00020151,0.00000000,0.00528286,0.00670974,0.03789101,0.23256554,0.11289713,0.00762520,0.02111227,0.01474261,0.00000000,0.00000000,0.02469622,0.13817753,0.00000000,0.02963595,0.12202284,0.10671546,0.14446333,0.00000000,0.10128745,0.00651292,0.02864205,0.00142220,0.01199669,0.01888283,0.00000000,0.13433707,0.00698658,0.01582270,0.05748669,0.04244059,0.01178206,0.04564693,0.00288289,0.00439658,0.00000000,0.00000000,0.00000000,0.49422622,0.01560092,0.01334841,0.42323798,0.02238856,0.02757488,0.01011488,0.03010771,0.00000000,0.00305034,0.00000000,0.00000000,0.01003198,0.03712410,0.03043725,0.03626180,0.00127349,0.09761494,0.00000000,0.12233999,0.00000000,0.00232550,0.01135988,0.00000000,0.62210417,0.01232189,0.07606788,0.06603020,0.07851761,0.12350067,0.00000000,0.01685636,0.17795403,0.00000000,0.26826999,0.06825596,0.17263213,0.03001586,0.00000000,0.00116441,0.09256928,0.25947186,0.08737994,0.01066030,0.18099175,0.67713159,0.01228159,0.00000000,0.00000000,0.05674163,0.16190393,0.06674847,0.02527913,0.04524820,0.01215890,0.00522024,0.00000000,0.00161658,0.11383287,0.05179638,0.03442636,0.05505089,0.06692705,0.08546943,0.03122480,0.08042147,0.05115236,0.11674403,0.04316383,0.02968425,0.00519787,0.12668572,0.00457771,0.00000000,0.02128709,0.00653462,0.00705441,0.26146355,0.02379130,0.00505157,0.36613882,0.13545978,0.01336254,0.00695267,0.06284226,0.02901310,0.04948394,0.41050899,0.14741555,0.00000000,0.03416473,0.02043955,0.03162504,0.08315646,0.00823554,0.00664217,0.01309469,0.00175582,0.04594605,0.01109488,0.03775102,0.00000000,0.01087852,0.03510627,0.00888041,0.01654964,0.00439948,0.10540006,0.00736121,0.09539267,0.00000000,0.00000000,0.04379455,0.00820051,0.02152940,0.11907391,0.00588887,0.00000000,0.00783358,0.07764994,0.00563195,0.00786127,0.01170714,0.02569928,0.00149554,0.00000000,0.04724659,0.00000000,0.00732741,0.00109854,0.00000000,0.05567028,0.03240781,0.01734751,0.24882847,0.00000000,0.00000000,0.01049874,0.00000000,0.02396371,0.01877443,0.00829691,0.01843609,0.08929456,0.00000000,0.01536550,0.00000000,0.03302675,0.14664470,0.07818804,0.00364292,0.09321825,0.01544456,0.00000000,0.01116073,0.16712539,0.00663494,0.00298525,0.25076646,0.04902269,0.05195324,0.11388709,0.13719335,0.07505263,0.00707894,0.04428248,0.04391126,0.00648377,0.08524960,0.02652826,0.00000000,0.16180852,0.00000000,0.10680828,0.02983246,0.01276596,0.07262214,0.00504005,0.40085450,0.05487755,0.00000000,0.31920606,0.05963662,0.00000000,0.00000000,0.00196242,0.00000000,0.36236498,0.00000000,0.11353946,0.02682665,0.08686786,0.02008535,0.00000000,0.04761360,0.04252781,0.16037895,0.06441662,0.01280384,0.00000000,0.00000000,0.02436964,0.00112550,0.04327387,0.00000000,0.05017263,0.00413341,0.00257603,0.01806824,0.00000000,0.00555530,0.00000000,0.01008371,0.05926541,0.09599422,0.00947277,0.01675993,0.13906945,0.10539521,0.00000000,0.02624782,0.00007952,0.02199161,0.00000000,0.03207746,0.00170400,0.02363368,0.00000000,0.00000000,0.00000000,0.00157883,0.03143644,0.16902848,0.00000000,0.38216481,0.00790488,0.06632020,0.00458397,0.07162518,0.06513836,0.00000000,0.08182596,0.07878283,0.00172158,0.00595035,0.00000000,0.01860970,0.03072192,0.00000000,0.08816671,0.02322032,0.00000000,0.00000000,0.05140047,0.00694729,0.00000000,0.00000000,0.00638449,0.00297666,0.33644894,0.00000000,0.00578746,0.09124273,0.00000000,0.00000000,0.01256730,0.11529602,0.05181878,0.00456677,0.16848320,0.00000000,0.00000000,0.00539654,0.07558247,0.05045787,0.06222836,0.03036232,0.22806352,0.00106900,0.37402165,0.01405103,0.03473248,0.00289852,0.06715588,0.00000000,0.15357883,0.00399553,0.00000000,0.31630051,0.15092872,0.00141189,0.00110884,0.00000000,0.01507026,0.01627482,0.01807220,0.00034566,0.00000000,0.00000000,0.00000000,0.01919721,0.09624231,0.15443215,0.01238461,0.13239247,0.54240894,0.00469982,0.43902305,0.08969408,0.00263891,0.43152478,0.04089245,0.00329742,0.13076790,0.00525220,0.00891886,0.01678224,0.03930789,0.01566136,0.00000000,0.00246575,0.09039056,0.09544282,0.13985169,0.19441956,0.01167207,0.00744888,0.00037474,0.04539934,0.03745426,0.00048837,0.03892890,0.00262476,0.05786287,0.00147755,0.00000000,0.10189953,0.06298336,0.05821861,0.11291578,0.07241488,0.00000000,0.02920620,0.00026360,0.00000000,0.00000000,0.03603607,0.00500112,0.00585146,0.00346818,0.00018117,0.00200801,0.00000000,0.10470442,0.02458851,0.05516168,0.00000000,0.10286980,0.00000000,0.00518400,0.32087076,0.00481842,0.00188752,0.04159192,0.00534080,0.04838996,0.00431115,0.28980413,0.00000000,0.00572644,0.00000000,0.08167687,0.01533001,0.04211945,0.00385527,0.06561914,0.00078814,0.03405002,0.24625272,0.01558114,0.07795856,0.01272128,0.00000000,0.06225496,0.09596602,0.00000000,0.00000000,0.00601678,0.00514103,0.17350020,0.00000000,0.27572635,0.03574786,0.00032722,0.00145397,0.02768562,0.03428407,0.38997534,0.00147464,0.01422460,0.49627852,0.08938830,0.00000000,0.02863964,0.00680360,0.18793489,0.00007138,0.07056239,0.00000000,0.00000000,0.00255795,0.00000000,0.22187626,0.06642053,0.84758818,0.14507714,0.00000000,0.00122674,0.01045750,0.00282670,0.14721051,0.01801630,0.01500792,0.00869867,0.07568888,0.03047176,0.00708770,0.01381706,0.00891627,0.01442005,0.00161757,0.02574120,0.00643297,0.01409046,0.00000000,0.06669782,0.04308322,0.10326146,0.09688840,0.12348431,0.00000000,0.12895481,0.00105784,0.07650152,0.00000000,0.11337173,0.02089342,0.03745048,0.06390455,0.01905213,0.14462610,0.21432707,0.02034961,0.00000000,0.00803482,0.04245711,0.00000000,0.00569343,0.14277336,0.00190639,0.02118191,0.00000000,0.12873156,0.08036046,0.01607084,0.00017480,0.00249682,0.00000000,0.09238125,0.00000000,0.02338530,0.44189280,0.01722340,0.60767043,0.00000000,0.01474103,0.11372873,0.31338441,0.00312998,0.02904373,0.17704730,0.00156281,0.00000000,0.00256471,0.03836742,0.00000000,0.16529547,0.09134648,0.11663057,0.35229734,0.00000000,0.00005387,0.01655692,0.10929404,0.00000000,0.07175433,0.00000000,0.05974015,0.00092075,0.00000000,0.02711556,0.06015719,0.02681593,0.01141893,0.01320102,0.04296467,0.03385590,0.09049825,0.00294424,0.08603967,0.00285930,0.01712529,0.00000000,0.04006613,0.00418447,0.00212808,0.05166899,0.01603277,0.00292971,0.00501754,0.24172355,0.00000000,0.11531523,0.06373356,0.03161662,0.04666514,0.00575080,0.04735046,0.00000000,0.01441003,0.09567985,0.00000000,0.01414632,0.01666254,0.10330901,0.04359528,0.00932245,0.13089491,0.09768721,0.00000000,0.03466386,0.00107457,0.02220392,0.03524622,0.00000000,0.00557307,0.44669753,0.06953549,0.10173452,0.46882442,0.00057976,0.00000000,0.00000000,0.03474616,0.41241565,0.00758865,0.00146760,0.01129098,0.12062895,0.00000000,0.02574866,0.03168486,0.11640817,0.03561133,0.00000000,0.00000000,0.00910006,0.06761836,0.00524575,0.00000000,0.02434470,0.00456350,0.00357379,0.02036914,0.01000493,0.11968059,0.00472975,0.09065760,0.01380828,0.48189533,0.00145043,0.01521056,0.00926544,0.01260213,0.00000000,0.04478617,0.00239857,0.01158308,0.00122243,0.01440143,0.03994173,0.00000000,0.04541490,0.01652861,0.18958825,0.00000000,0.00000000,0.00049032,0.12215404,0.51099277,0.01357252,0.64045113,0.28357083,0.30611086,0.16088870,0.00873952,0.03744143,0.10326450,0.04154601,0.22665760,0.31415004,0.00000000,0.00000000,0.00050596,0.23030013,0.13952100,0.16524932,0.03671668,0.00000000,0.06578159,0.00000000,0.00000000,0.00093314,0.00944913,0.05168156,0.00000000,0.09237537,0.01016354,0.01176218,0.00229357,0.08885844,0.08199566,0.13935785,0.00000000,0.00059018,0.00195513,0.02455244,0.00000000,0.01386673,0.00820276,0.00000000,0.02882811,0.00498555,0.01722042,0.01817260,0.12352400,0.00000000,0.02406225,0.00257633,0.03173598,0.00000000,0.05326376,0.29458350,0.08239407,0.00000000,0.00000000,0.03402810,0.15588161,0.06593754,0.19646503,0.00000000,0.00635423,0.06831336,0.09664358,0.08909797,0.06551003,0.05820918,0.01792430,0.06126306,0.00000000,0.00231879,0.07828616,0.02056735,0.15490228,0.01834279,0.06560081,0.08169409,0.03116952,0.02564070,0.45390961,0.03646834,0.31127340,0.00805397,0.00545015,0.00000000,0.02746208,0.02015695,0.03647404,0.07953446,0.03293074,0.00000000,0.00309227,0.05144936,0.01219669,0.02467905,0.00000000,0.00374766,0.03408880,0.06287144,0.06487726,0.15953249,0.39256707,0.02184078,0.14067140,0.04308959,0.00292290,0.00000000,0.23974143,0.00000000,0.07589284,0.00000000,0.00000000,0.02739543,0.09704934,0.01037343,0.32494667,0.07837187,0.04662510,0.02439232,0.00211710,0.00184648,0.05619387,0.05711455,0.02792915,0.00000000,0.28646210,0.00303407,0.04165163,0.00227468,0.00621765,0.01143472,0.04729670,0.24500492,0.02910715,0.00891919,0.01720212,0.00551784,0.22811952,0.02235927,0.00000000,0.36894301,0.14096142,0.23923425,0.07905772,0.00383141,0.12035970,0.06654590,0.05726228,0.04644774,0.13404837,0.03866910,0.00556922,0.00901694,0.00000000,0.08344721,0.00329595,0.00016190,0.03774487,0.00253430,0.03691524,0.26149145,0.19184288,0.10770335,0.01767642,0.03234842,0.00000000,0.00529446,0.34128851,0.10198234,0.04184627,0.00000000,0.02045221,0.00131354,0.49556109,0.29962474,0.00000000,0.09125694,0.00223632,0.14872377,0.00000000,0.12589690,0.01176114,0.04488575,0.00000000,0.00000000,0.00699522,0.22556193,0.04395933,0.00000000,0.02325425,0.00651413,0.09784078,0.03959067,0.00000000,0.00209352,0.05573652,0.06319424,0.07056043,0.13065852,0.02812858,0.00833335,0.03765070,0.10664324,0.16926129,0.03498203,0.10796352,0.00335865,0.00644290,0.04290366,0.03211836,0.03485667,0.04494574,0.00000000,0.28609324,0.00219940,0.00000000,0.00000000,0.00000000,0.00000000,0.02066437,0.03099644,0.54938602,0.00474770,0.14642079,0.01112684,0.00000000,0.02504337,0.02627271,0.00748357,0.13958831,0.00000000,0.00000000,0.00083741,0.01178498,0.04969755,0.02935273,0.01209906,0.41288391,0.00000000,0.02895620,0.01777461,0.16796663,0.58886421,0.00000000,0.02373602,0.02101300,0.15245634,0.09979394,0.09106047,0.00000000,0.00000000,0.09339363,0.00000000,0.11388092,0.16105862,0.14144893,0.01488836,0.00000000,0.00000000,0.01052856,0.26282871,0.02510726,0.18354498,0.00000000,0.00156080,0.03887512,0.00671391,0.24049847,0.07293046,0.02521276,0.00000000,0.00000000,0.12291586,0.03208051,0.07168041,0.03904537,0.00000000,0.41302574,0.00000000,0.00790337,0.00000000,0.34352654,0.00000000,0.20741415,0.24831000,0.01204331,0.00000000,0.51923257,0.02958489,0.03636602,0.00000000,0.04529525,0.01769546,0.19158499,0.07427692,0.00122688,0.05638365,0.01449643,0.00351500,0.04327239,0.00475011,0.22522187,0.01020942,0.00180434,0.00000000,0.03911141,0.00000000,0.03283004,0.01372485,0.00309047,0.00000000,0.03438776,0.04669208,0.01445958,0.07107943,0.01246793,0.00947880,0.13552421,0.01141653,0.10480546,0.12773627,0.03270030,0.00000000,0.03444767,0.00105943,0.00212840,0.03906077,0.02394883,0.20678847,0.21548489,0.05082339,0.01538349,0.49325949,0.00164074,0.00052017,0.00352333,0.00000000,0.17918108,0.05573821,0.00699617,0.10354619,0.00000000,0.01968735,0.00000000,0.02288494,0.20492177,0.01341191,0.00000000,0.01739350,0.23994948,0.00200505,0.47006118,0.00000000,0.00000000,0.05452458,0.01138643,0.00000000,0.21159548,0.30931336,0.00551996,0.00000000,0.00609400,0.02333516,0.00379249,0.00280550,0.02125489,0.01843551,0.01696124,0.08347379,0.19407237,0.00961168,0.01110272,0.00060383,0.07545067,0.00641999,0.11064579,0.02385101,0.44122016,0.00423362,0.18828225,0.12256674,0.04043612,0.02883368,0.02131335,0.00000000,0.11467766,0.65688586,0.06506206,0.02207279,0.14972948,0.03695634,0.00000000,0.02714243,0.05635992,0.00418694,0.03886168,0.00000000,0.01155073,0.14408134,0.00000000,0.00083829,0.00000000,0.00000000,0.00291597,0.08154680,0.23473342,0.00209951,0.00000000,0.01336989,0.15114482,0.00176911,0.05136558,0.02036834,0.01544657,0.00000000,0.20666112,0.07059125,0.00250839,0.00000000,0.01452952,0.00778938,0.06098073,0.21898492,0.22373176,0.00811085,0.00848042,0.13504174,0.09463523,0.00000000,0.00602703,0.31714410,0.08220645,0.00000000,0.12828912,0.00587467,0.02907393,0.01018064,0.03206777,0.00000000,0.02591817,0.00006471,0.04723028,0.00000000,0.17353798,0.00940577,0.13752162,0.00000000,0.01725179,0.03587173,0.21898626,0.00966025,0.00000000,0.00000000,0.04196845,0.00580123,0.00000000,0.00350676,0.07136385,0.00000000,0.03258777,0.02822048,0.01552199,0.01459644,0.11655465,0.01984302,0.05373749,0.03875535,0.10509284,0.00461336,0.01618130,0.00179515,0.02691075,0.00721419,0.03576474,0.00567452,0.00000000,0.21264207,0.00000000,0.04617140,0.20609361,0.00000000,0.08899888,0.09527440,0.11967612,0.07435874,0.00000000,0.07235000,0.06697536,0.87464607,0.01435167,0.00578174,0.01491917,0.00127868,0.00000000,0.04695016,0.10348926,0.00272334,0.02577530,0.42164114,0.03109434,0.00663083,0.01154137,0.00000000,0.03115112,0.41578156,0.01072600,0.00463231,0.00000000,0.00000000,0.00079327,0.00350581,0.00443160,0.10141435,0.13574600,0.00000000,0.03853257,0.05643541,0.00000000,0.30970189,0.07709258,0.00634309,0.06725393,0.00000000,0.05744500,0.05941975,0.02502268,0.00610510,0.03350439,0.00000000,0.01208267,0.00084649,0.00000000,0.00000000,0.05583105,0.16091353,0.02018792,0.10077136,0.00131139,0.37048405,0.09912311,0.00000000,0.00026300,0.04779542,0.00958205,0.02722250,0.04919305,0.35657099,0.04463366,0.00000000,0.53484416,0.01159056,0.49740931,0.00573394,0.10965282,0.00000000,0.01850640,0.04093409,0.04425358,0.00747591,0.00059499,0.00000000,0.05310032,0.00000000,0.00556163,0.00149948,0.05812511,0.03734370,0.00000000,0.02600578,0.48419514,0.00000000,0.04320215,0.05942278,0.02108024,0.00354019,0.08316141,0.04328019,0.00000000,0.00000000,0.00734796,0.00742939,0.03838497,0.21995790,0.00331951,0.24340624,0.03111606,0.00000000,0.02196607,0.00000000,0.08810949,0.00000000,0.06158162,0.03480313,0.00820529,0.11935350,0.07375384,0.03584097,0.08631782,0.03129991,0.14130498,0.05231310,0.06247146,0.00766174,0.17372270,0.07829452,0.00000000,0.00559697,0.00000000,0.31576201,0.00303073,0.04341844,0.11160195,0.00000000,0.10985650,0.02083139,0.00000000,0.00000000,0.00505977,0.00000000,0.00000000,0.01298203,0.00000000,0.00000000,0.03941611,0.00000000,0.05285022,0.04178099,0.41842547,0.00086013,0.00000000,0.00229745,0.06288484,0.09995706,0.00000000,0.13271172,0.10151310,0.00000000,0.00254076,0.00898915,0.00000000,0.01166666,0.10594720,0.03173487,0.00189450,0.04186523,0.00000000,0.00000000,0.09688096,0.01805124,0.01209253,0.00000000,0.00035199,0.09562074,0.25641814,0.29047820,0.00766882,0.00000000,0.00566081,0.00000000,0.01963304,0.07185388,0.04859342,0.15667698,0.01902050,0.01024407,0.12454204,0.05737905,0.01122609,0.02264028,0.00000000,0.21258882,0.10369097,0.09134109,0.03804129,0.01361237,0.04103350,0.01492104,0.00921583,0.02209621,0.02881835,0.08078689,0.00000000,0.02443400,0.00000000,0.00293121,0.07745098,0.00000000,0.02331976,0.00000000,0.09201671,0.00315249,0.06919359,0.00000000,0.00113001,0.04186059,0.03577073,0.07820333,0.02699600,0.00000000,0.12920034,0.00010490,0.08927036,0.43019667,0.28356016,0.04296995,0.00347815,0.06642354,0.07758585,0.00000000,0.01704343,0.00646561,0.00000000,0.40717900,0.00355506,0.00000000,0.01476019,0.36259624,0.02408168,1.02204704,0.00076183,0.01945081,0.05493474,0.00000000,0.17438954,0.06719624,0.04067587,0.00457679,0.27077109,0.23477730,0.00889231,0.08676404,0.03355676,0.00035215,0.00000000,0.03486457,0.01176155,0.00462556,0.05930860,0.00084817,0.00000000,0.03302566,0.00051199,0.08593985,0.00000000,0.02221471,0.01234795,0.00000000,0.05748840,0.00000000,0.04928413,0.05048188,0.02515844,0.10752963,0.00053333,0.01515190,0.06325115,0.01364904,0.03881736,0.01789036,0.00434822,0.01229899,0.05141911,0.22406988,0.11330113,0.04455146,0.02535485,0.00092438,0.00381862,0.01947823,0.00334150,0.00000000,0.04324626,0.04111192,0.00751708,0.14090309,0.00472081,0.05155601,0.04360881,0.05808563,0.06461643,0.02875896,0.00574741,0.00000000,0.14698616,0.00000000,0.01831710,0.00426568,0.06996235,0.14337586,0.00440478,0.31056157,0.08265185,0.01714881,0.00370591,0.00377942,0.34456697,0.00355747,0.21599667,0.08433140,0.06119068,0.01371160,0.00968396,0.00000000,0.00050856,0.00000000,0.01763812,0.00534219,0.02256193,0.19395679,0.08565070,0.00000000,0.00000000,0.00000000,0.00000000,0.00269049,0.03179249,0.07586383,0.01150781,0.00911287,0.00351802,0.00131087,0.00920924,0.00365326,0.14489651,0.03087752,0.00000000,0.00000000,0.10049055,0.03089525,0.00447183,0.00000000,0.03580809,0.12405580,0.32601503,0.14496264,0.27652583,0.22994740,0.01120727,0.01041313,0.00000000,0.00000000,0.00000000,0.01555321,0.00002701,0.03687891,0.00000000,0.14569958,0.02165502,0.02162089,0.00000000,0.01543424,0.00058078,0.00998817,0.17755185,0.00000000,0.05440009,0.00000000,0.01473506,0.06387542,0.05958841,0.16100593,0.09268837,0.00830201,0.10305939,0.01439128,0.01000876,0.06564864,0.15555568,0.00781920,0.03801578,0.21301679,0.00000000,0.00083763,0.00000000,0.02342366,0.05338215,0.01830001,0.00000000,0.00000000,0.00660716,0.00701129,0.00000000,0.06967674,0.08362003,0.02724722,0.00000000,0.01023509,0.00497391,0.02647978,0.01332120,0.09634941,0.18529546,0.00334204,0.00306103,0.49934617,0.04003215,0.33066165,0.00000000,0.00000000,0.17181686,0.02509207,0.06978446,0.15203318,0.00310202,0.00748786,0.05419720,0.00012265,0.17173599,0.14799684,0.00275530,0.01744104,0.08127583,0.00062928,0.01066942,0.07221087,0.00888527,0.00221706,0.00000000,0.03514998,0.03149661,0.01782262,0.03029144,0.12501748,0.00608947,0.00479918,0.00903805,0.00239133,0.03271023,0.14786999,0.22117709,0.49917945,0.00000000,0.02575081,0.00003421,0.10910600,0.00416710,0.01462520,0.00125445,0.09836749,0.00204995,0.03635695,0.00000000,0.00451037,0.01733248,0.16643795,0.08311358,0.00399722,0.15272644,0.00000000,0.00768846,0.05045417,0.30628332,0.08492257,0.00070147,0.26494962,0.01476114,0.00154785,0.01852855,0.00125713,0.02248952,0.00000000,0.00676426,0.09928197,0.00280757,0.04735351,0.03432114,0.00000000,0.00005925,0.00000000,0.12100915,0.01985326,0.00674749,0.04484232,0.07890840,0.13232724,0.01093401,0.02603824,0.12252502,0.09739936,0.06676439,0.00000000,0.01786679,0.00554794,0.04388522,0.00895940,0.00198693,0.24006979,0.07652186,0.31604376,0.01718635,0.00000000,0.00000000,0.00000000,0.01161311,0.05523314,0.00362432,0.00000000,0.33228523,0.09546456,0.12254653,0.00023480,0.03634062,0.00758404,0.25165743,0.04025065,0.07313547,0.02775726,0.00000000,0.30254775,0.00000000,0.03615924,0.03723936,0.03197574,0.23213586,0.06875873,0.00000000,0.16137482,0.00000000,0.00695387,0.00162662,0.14503600,0.01144259,0.16414593,0.03822737,0.03970660,0.02828211,0.04082399,0.00000000,0.00763584,0.00021913,0.03329654,0.05500631,0.36310694,0.20001687,0.02474438,0.00000000,0.00574880,0.00650697,0.01319527,0.54973996,0.00000000,0.00494199,0.02956066,0.00074981,0.06809708,0.00026934,0.01463795,0.07475457,0.03194346,0.00296001,0.00000000,0.22338970,0.00000000,0.08568648,0.00000000,0.02463913,0.00000000,0.05292850,0.02541064,0.03480492,0.03671431,0.00869615,0.00559875,0.02949686,0.38950911,0.02523238,0.00000000,0.00133372,0.00037291,0.00565264,0.07051904,0.00000000,0.05516038,0.07001457,0.00000000,0.03274944,0.22885734,0.00000000,0.00019777,0.00000000,0.00000000,0.03348422,0.02285696,0.02593787,0.01436074,0.17352040,0.07442874,0.01339832,0.00000000,0.24558735,0.02270890,0.10521650,0.07994337,0.08077440,0.00000000,0.33548129,0.01371449,0.25738594,0.04498769,0.00000000
6084,data/pair/6084/RHEED/5 min AlSb.MOV,manifest_specified_rheed_path,15.430000,463,8,0.73999906,0.01439580,0.20844077,0.00053909,0.02519369,0.00000000,0.03829299,0.00433419,0.05284667,0.00000000,0.13192905,0.06130947,0.00000000,0.00590665,0.00456849,0.23927429,0.09619249,0.00274520,0.00000000,0.03787183,0.00009680,0.00462170,1.32429481,0.00625287,0.06473701,0.15314721,0.00000000,0.25816360,0.00030837,0.04646042,0.00000000,0.01491062,0.09161951,3.08587122,0.00005381,0.08396424,0.00000000,0.00000000,0.00312715,0.03617851,0.00000000,0.00109657,0.00548736,0.00000000,0.09873801,0.00218013,0.00000000,0.10738908,0.00221137,0.14962630,0.00279571,0.04785966,1.71269226,0.00281785,0.00228446,0.45317012,0.00000000,0.00948032,0.00000000,0.03239146,0.32218787,0.00514449,0.17682046,0.02663674,0.01709842,0.00224916,0.00000000,0.00081327,0.27909830,0.00467435,0.11572196,0.00000000,0.02217152,0.02947672,0.02272055,0.04142159,0.00068899,0.00000000,0.00114440,0.00057321,0.16254744,0.00000000,1.14628506,0.02045335,0.01878874,1.30128086,0.00000000,1.12840343,0.00000000,0.00925385,0.13390756,0.00634696,0.04198173,0.00000000,0.00000000,0.00084470,0.17020810,0.00194067,1.46684825,0.00009488,0.00973571,0.12293731,0.27440122,0.00000000,0.00000000,0.07648759,0.00060751,0.29125610,0.00000000,0.00249739,0.00079682,0.55461800,0.06355199,0.00000000,0.00000000,0.09601176,0.00266066,0.01528561,0.02223382,1.10567641,0.14549673,0.34879622,0.07756363,0.00341138,0.00160516,0.00183326,0.00039857,0.04094094,0.01822649,0.00000000,0.00998364,0.75786591,0.00000000,0.00162294,0.04165997,0.04674049,0.00813755,0.02015540,0.25238723,0.00000000,0.00000000,0.00765213,0.00052958,0.00771386,0.00000000,0.25154892,0.03908448,0.02703296,0.09285948,0.00000000,0.04430109,0.25229359,0.00763180,0.27055308,0.02254876,0.00193534,0.00000000,0.00000000,0.00000000,0.15833552,0.06090487,0.05389808,0.12277832,2.53377485,0.03584895,0.71629137,0.00207158,0.00000000,0.22156313,0.02057378,0.00000000,1.39760244,0.72572702,0.03573645,0.00000000,0.00727824,0.00000000,0.00000000,0.04523643,0.00000000,0.00186735,0.50148273,0.01543842,0.10910091,0.26825625,0.02497138,0.02228885,0.00194576,0.00000000,0.01991689,0.18166484,0.55983001,0.05276415,0.00175870,0.00796574,0.06000835,0.00604447,0.02919663,0.00000000,0.10160947,0.00555505,0.01429703,0.77663255,0.00087579,0.13979380,0.01204003,0.05223683,0.00000000,0.03388171,0.00034158,0.00664212,0.10439227,0.01076390,0.00000000,0.03694611,0.00000000,0.04491375,0.00000783,0.02860098,0.03919886,0.00000000,0.00032654,0.97601235,0.17836419,0.04190302,0.04727118,0.06144124,0.11503603,0.00000000,0.02073105,0.51673752,0.01441047,0.01140496,0.00000000,0.00000000,0.00264117,0.16346042,0.43212992,0.01701152,0.00136651,0.33916959,0.00538650,0.10822284,0.03920587,0.03803096,0.14764674,0.00237247,0.07982561,0.00194136,0.00198287,0.00106840,0.00000000,0.01955119,0.09936030,0.01185714,0.00165490,0.00000000,0.00000000,0.00000000,0.13382672,0.00095821,0.00000000,0.09577570,0.01818317,0.00395985,0.38124341,0.10721009,0.54858118,0.00000000,0.00075095,0.04926624,0.17152545,0.00275138,0.16646592,0.23197837,0.08815183,0.00072874,0.03756561,0.01334628,0.00000000,0.00000000,0.01930809,0.01145959,0.23711142,0.00888119,0.07824299,0.10552405,1.45079291,0.00189153,0.24995963,0.00801408,0.01268423,0.00085131,0.00000000,0.24547037,0.00000000,0.00446276,0.02792841,0.00477315,0.00462819,0.00349901,0.00000000,0.07051304,0.03443198,0.00635972,0.01090853,0.00432367,0.00428111,0.00279897,0.00000000,0.00000000,0.09260325,0.01933412,0.00836758,0.14971082,0.01398067,0.00621745,0.00072660,0.00162372,0.00000000,0.00292696,0.32538566,0.39587599,0.00186835,0.05332776,0.30583709,0.37631029,0.09275627,0.00001733,0.26171866,0.02678992,0.00098509,0.00811834,0.00005116,0.00064748,0.00000000,0.22206129,0.06207771,0.22141573,0.07596185,0.05353584,0.01286736,0.04467807,0.00106781,0.11264694,0.00486080,0.01009028,0.00000000,0.36298075,0.00171585,0.00019370,0.13958640,0.07074519,0.00000000,0.45177823,0.22394821,0.00057678,0.00633853,0.00105076,0.00000000,0.00000000,0.33360383,0.00267032,0.08659312,0.00000000,0.13391167,0.01782569,0.00000000,0.00186443,0.01683009,0.00000000,0.00000000,0.00000000,0.08307882,0.09433931,0.00468199,0.00888366,0.12038504,0.00175680,0.00546881,0.43213671,0.00023619,0.35341728,0.02814407,0.02064020,0.04036679,0.00000000,0.03277794,0.24679603,0.17203632,0.01950494,0.05191058,0.12495140,1.12232912,0.00000000,0.00000000,0.00000000,0.66795313,0.24092528,0.26764226,0.02595896,0.00011527,0.00422526,0.00468259,0.00000000,0.01301457,0.48430350,0.00148145,0.00069287,0.25378370,0.01815238,0.10879639,0.26050639,0.23187166,0.47468069,0.32734495,0.08548063,0.00083234,0.00690293,0.00072476,0.00172006,0.00000000,0.16740084,0.00000000,0.13295957,0.42793033,0.00902794,0.00397765,1.23455930,0.02815319,0.00002694,0.11877529,0.29970261,0.00127411,0.27518061,0.21686587,0.11143269,0.01405735,0.00892611,0.10824484,0.00992342,0.15201907,0.00013036,0.04444936,0.01664517,0.02006746,0.02809025,0.01901270,0.22213082,0.00000000,0.02998654,0.00000000,0.01775307,0.00522406,0.05558015,0.00969531,0.01669572,0.02041620,0.01253644,0.00000000,0.12013933,0.03276365,0.00088513,0.11422870,0.00439329,0.00134891,0.12255351,0.08791036,0.04181230,0.00091092,0.00392543,0.07505979,0.00000000,0.01057333,0.13032360,0.00017184,0.00143581,0.00067176,0.00437881,0.11938833,0.00000000,0.02994211,0.70209855,0.02132698,0.00344121,0.04321102,0.00000000,0.18303093,0.00000000,0.00000000,0.06975507,0.17403872,0.00000000,0.06056463,0.00093714,0.10868631,0.38573524,0.27263916,0.00829737,0.07870159,0.01679345,0.02395231,0.17156778,0.00588614,0.00116353,0.00039227,0.89500678,0.01086965,0.00504153,0.18667063,0.28980318,0.07049749,0.01793637,0.11009897,0.01403419,0.00000000,0.23253919,0.03085761,0.00257541,0.14421359,0.00000000,0.07821966,0.01859320,0.02725515,0.00000000,0.02510146,0.09562916,0.00922800,0.00185277,0.20307563,0.10789459,0.00000000,0.00109708,0.02252528,0.00052215,0.08202695,0.00059492,0.21929343,0.01251173,0.05367416,0.14049909,0.00000000,0.01379901,0.02243621,0.38086033,0.15194309,0.03020202,0.00000000,0.04711528,0.00558871,0.00006247,0.00311314,0.00000000,0.06708912,0.00000000,0.01221319,0.02411178,0.06467125,0.00015587,0.00000000,0.00000000,0.06165204,0.06755524,0.00278603,0.02836635,0.70866442,0.30195349,0.06706523,0.05559921,0.00030585,0.00226613,0.00000000,0.06239964,0.00000000,0.26022670,0.00000000,0.00000000,0.02774285,0.00001883,0.42100018,0.10070944,0.00000000,0.01786564,0.00132752,0.01696777,0.00581790,0.28324714,0.03194278,0.00540216,0.02534040,0.14880481,0.02341856,0.11069602,0.00000000,0.13284847,0.20953865,0.02821301,0.00000000,0.03897341,0.01356812,0.00250087,0.01331089,0.01037737,0.00000000,0.00000000,0.00142061,0.23243167,1.10064328,0.00351648,0.00000000,0.01503438,0.00000000,0.01028594,0.05186258,0.08024593,0.14628883,0.00014998,0.47217089,0.00000000,0.00000000,0.00451828,0.06388561,0.00000000,0.00239158,0.00000000,0.07637475,0.00026310,0.58154202,0.01417787,0.01477692,0.00000000,0.10544945,0.01264697,0.01907393,0.00300029,0.00000000,0.62062526,0.69138116,0.01407320,0.00000000,0.00000000,0.02497067,0.10253151,0.00000000,0.00513435,0.00000000,0.00092896,0.00027251,0.16449386,0.30446693,0.24231938,0.00934829,0.02545002,0.12025755,0.01049976,0.81874895,0.19676808,0.00000000,0.56603116,0.00000000,0.00000000,0.24858837,0.03083465,0.29962051,0.00000000,0.00000000,0.00042057,0.00136845,0.00032990,0.00978386,0.01949091,1.37161279,0.16034782,0.01572359,0.05557052,0.00333498,0.13509616,0.03555565,0.00000000,0.01125053,0.03357718,0.09882369,0.00062614,0.00760889,0.13535802,0.22496402,0.00901018,0.17791884,0.03537963,0.00049339,0.18777648,0.00796244,0.00000000,0.00539871,0.17756575,0.00000000,0.01288245,0.00338538,0.00056190,0.01854658,0.00000000,0.08011650,0.00458476,0.00660435,0.00000000,0.18937735,0.00000235,0.00000000,1.06053030,0.00066557,0.00000000,0.00000000,0.00120967,0.17540044,0.00000000,0.00973827,0.00650166,0.00000522,0.00000000,0.26047009,0.01208999,0.00079887,0.01420493,0.00309332,0.00069334,0.16364688,0.37736884,0.00618209,0.00574457,0.01164622,0.00000000,0.07711180,0.41660005,0.00000000,0.00000000,0.00000000,0.02439305,0.07647619,0.00000000,0.14137067,0.01373683,0.00154460,0.00000287,0.54765254,0.01100961,0.03119937,0.00000000,0.00015911,0.75145471,0.10220215,0.00000000,0.00499947,0.00000000,1.37405455,0.00043289,0.00000000,0.00000000,0.00003593,0.00801212,0.00000000,0.05870192,0.00086523,3.98278427,0.03455704,0.00555560,0.00267679,0.01795812,0.00100767,0.21812932,0.09069874,0.01645450,0.01051789,0.44611773,0.02967515,0.03637577,0.00079877,0.00000000,0.00000000,0.00358189,0.00022687,0.13392150,0.04403594,0.00251728,0.21556956,0.16837093,0.00000000,0.25911924,0.19356021,0.03213412,0.24562147,0.00254598,0.35445035,0.00000000,0.50654364,0.00000000,0.31270289,0.55679446,0.01854444,0.45615962,0.01966527,0.01495459,0.01513876,0.07781969,0.00000000,0.00039063,0.05063139,0.19233263,0.00280107,0.00479600,0.00231885,0.05675560,0.11827388,0.07311025,0.00514677,0.00000000,0.12692311,0.10880775,0.00605750,0.00000000,2.34500980,0.06743728,1.47609055,0.00000000,0.06411719,0.01836218,0.00233163,0.00000000,0.00162562,0.27863795,0.02435631,0.00000000,0.03378885,0.05495566,0.00000000,0.28680643,0.23079839,0.02741150,1.15099263,0.02591967,0.02115552,0.04135675,0.30547151,0.00000000,0.17137292,0.00023299,0.05173361,0.01292639,0.00000000,0.05111866,0.06160486,0.10193738,0.07151059,0.23931825,0.00000000,0.02427541,0.00225800,0.00931100,0.08220667,0.00683079,0.07977064,0.00000000,0.02737126,0.00000000,0.00233976,0.20737185,0.00366246,0.00232312,0.00412562,1.33665574,0.00000000,0.02583698,0.62813628,0.00246039,0.00000000,0.00131703,0.14845800,0.00000000,0.00065428,0.88093776,0.00000000,0.04225078,0.00000000,0.04626942,0.03016387,0.02864540,0.55259860,0.00252112,0.00087799,0.00061151,0.00448796,0.00093293,0.00000000,0.00249840,0.06504872,1.06399930,0.00636726,0.01187668,0.65414959,0.01267213,0.00000000,0.00466599,0.39599571,1.51493585,0.07906969,0.00000000,0.03436576,0.00166412,0.00110584,0.01854335,0.04967635,0.14881799,0.38928053,0.00000000,0.00000000,0.00600580,0.00000000,0.01414771,0.00000000,0.00709037,0.00699873,0.09367890,0.10283564,0.05406321,0.08277440,0.00000000,0.26069504,0.03711370,0.55222481,0.01832165,0.11914001,0.04289073,0.00012145,0.00000000,0.00751287,0.00000000,0.00000000,0.00675360,0.00338864,0.00195607,0.05249380,0.01652575,0.00061758,0.05100528,0.00117340,0.00000000,0.00133434,0.01336493,1.28408647,0.06437682,1.11904693,0.03583756,0.00321333,0.03601088,0.01376748,0.07663687,0.05586771,0.23194382,0.26460046,0.63696331,0.00000000,0.02308178,0.00000000,0.37646461,0.00082194,0.22688977,0.04219784,0.00000000,0.07118322,0.00723446,0.00000000,0.00130355,0.01461927,0.01017765,0.00000000,0.13733542,0.00000000,0.00673712,0.03569794,0.56203252,0.00688647,0.47657496,0.00020360,0.00000000,0.16665000,0.00000000,0.00000000,0.00000000,0.00747034,0.00015301,0.00105160,0.00000000,0.11689480,0.00000000,0.20117003,0.00000000,0.12396627,0.01828195,0.08491030,0.00000000,0.00818358,0.22120555,0.00362608,0.00000000,0.00417466,0.10847765,1.13795626,0.54115599,0.01327864,0.00037165,0.02090094,0.30786031,0.04435760,0.00682210,0.01097808,0.38711101,0.05445757,0.00037078,0.00000000,0.03962527,0.05254887,0.01999268,0.05305824,0.07302533,0.31426227,0.17065191,0.02801466,0.05053971,0.24285984,0.04843994,1.64888608,0.00000000,0.11514926,0.00015107,0.14787088,0.12710477,0.00063539,0.04660184,0.03581983,0.01425901,0.08817191,0.15339829,0.00000000,0.00000000,0.00337319,0.00000000,0.12027406,0.22531770,0.00116301,0.37493527,0.96892691,0.05702758,0.03169024,0.00843718,0.00244729,0.00000631,0.11442121,0.00000000,0.10795854,0.00000000,0.00961123,0.00000000,0.03405191,0.00002678,0.21735777,0.16348180,0.00000000,0.00230450,0.00000000,0.00000000,0.08104763,0.05363624,0.07579913,0.00000000,0.92036784,0.00000000,0.06189361,0.00000000,0.02361409,0.00000000,0.02884023,0.70775294,0.06453539,0.02423352,0.07303713,0.02433755,0.06108287,0.00559482,0.00000000,0.03736982,1.25436985,0.10544632,0.11587705,0.00040315,0.45987633,0.02184591,0.07847764,0.01874111,0.10385653,0.00616154,0.00000000,0.00468460,0.00000000,0.10534133,0.00808975,0.00000000,0.05518119,0.00008241,0.02050692,0.74354500,0.19568980,0.02496916,0.26708257,0.00046124,0.00160729,0.00065141,1.12994766,0.00000000,0.02675614,0.02849358,0.00052085,0.00000000,0.04072772,0.26299077,0.00000000,0.01863751,0.00000000,0.27256632,0.00000000,0.24194564,0.14625165,0.05818675,0.00195986,0.02078460,0.02812427,0.65001190,0.00035712,0.00509558,0.27479324,0.00203283,0.12699986,0.04650882,0.00538978,0.01715168,0.00496168,0.62262779,0.11535639,0.53830361,0.01068399,0.04573618,0.00128598,0.07045162,0.53778523,0.00222576,0.32292554,0.00000000,0.00047388,0.03188539,0.00143170,0.00309884,0.00324807,0.00000000,0.00370271,0.00000000,0.04743076,0.00000000,0.00000000,0.00098065,0.01513734,0.00005089,0.66275680,0.00148291,0.01122714,0.03790999,0.00397449,0.07640260,0.00000000,0.00245908,0.33051059,0.00000000,0.00000000,0.00299510,0.00000000,0.08825143,0.00000000,0.00000000,0.56474721,0.00579352,0.19868304,0.00897185,1.17741561,1.21624494,0.00698507,0.01751827,0.02083400,0.13089150,0.75005466,0.05189056,0.00637001,0.00000000,0.00180930,0.00881029,0.02207624,0.73865098,0.25548527,0.00074433,0.00000000,0.00182611,0.00000000,0.29624355,0.05641224,0.08813131,0.00000000,0.00000000,0.03306388,0.00098891,0.56693530,0.15994525,0.00918976,0.00322742,0.00000000,0.06056280,0.05588006,0.09212962,0.10913378,0.02769129,1.85228968,0.00000000,0.00000000,0.01538885,1.14683783,0.00000000,0.15186819,0.00906543,0.00220296,0.00143307,0.66554260,0.04087010,0.00000000,0.00377184,0.00000000,0.00563590,0.29906383,0.68808299,0.00000000,0.18062139,0.03359155,0.00187077,0.00038735,0.00235675,0.01359362,0.03946391,0.00073727,0.00000000,0.04384302,0.00000000,0.17281383,0.04936576,0.02516295,0.00000000,0.04322812,0.04882306,0.00602028,0.10880431,0.00072450,0.00000000,0.25738269,0.06972613,0.04634387,0.01651722,0.26301190,0.00345710,0.13430572,0.00055522,0.00059439,0.00996799,0.07372947,1.57365382,0.26815185,0.00934542,0.00337711,1.70092094,0.00000000,0.00000000,0.00928441,0.39406911,0.22284183,0.55736119,0.00139087,0.15702584,0.00000000,0.00483276,0.00000000,0.03150889,0.82723767,0.00000000,0.00000000,0.04345928,0.12799793,0.00626056,0.82937306,0.00000000,0.00000000,0.00403091,0.10269377,0.00000000,1.65544426,0.54585570,0.00000000,0.02086476,0.01105945,0.00000000,0.06734377,0.00000000,0.02944281,0.00606271,0.00128341,0.22557931,0.53713465,0.00191350,0.00475863,0.11003008,0.04042594,0.00000000,0.25000411,0.00011485,0.19765423,0.00454967,0.04248856,0.34387004,0.28907251,0.20816180,0.00254409,0.00113780,0.12969171,2.16917396,0.00139499,0.07876699,0.05629179,0.24459136,0.00000000,0.01937907,0.06001890,0.03027660,0.02424326,0.00073701,0.08596999,0.09338623,0.00000000,0.00000000,0.00151279,0.06066019,0.00290769,0.02413427,0.83564895,0.00118057,0.05905292,0.01154990,0.62705159,0.00000000,0.00694084,0.00206271,0.00683973,0.01256330,0.02085758,0.20029530,0.01708682,0.00000000,0.05161301,0.10177374,0.01621343,0.24025208,0.24563558,0.00933230,0.00063064,0.29539871,0.05872071,0.00680592,0.00367533,0.57369339,0.22426742,0.00190149,0.37821698,0.00043864,0.00016113,0.00087794,0.00044533,0.18914576,0.10506984,0.00000000,0.01634712,0.00000000,0.11922751,0.03736257,0.38618594,0.05106908,0.00861769,0.07111244,0.27779174,0.00027130,0.00000000,0.00024110,0.08380145,0.03260090,0.00000000,0.00342442,0.35327691,0.00000000,0.34278646,0.00623643,0.00247551,0.00106114,0.01052973,0.00118911,0.05049427,0.08005461,0.20588616,0.00078963,0.10055371,0.00045132,0.00235471,0.02433750,0.00631798,0.00000000,0.00066217,0.14531833,0.00000000,0.00210771,0.06093774,0.00000000,0.04251942,0.75895613,0.31256938,0.01410901,0.00000000,0.02679963,0.00000000,1.89848304,0.00117843,0.00818730,0.00051153,0.04300106,0.00000000,0.84251738,0.15461545,0.00005085,0.00304766,0.86312234,0.02392001,0.00000000,0.00320181,0.00000000,0.00000000,0.11871345,0.01170905,0.00191387,0.00029335,0.00130512,0.00000000,0.00008718,0.00697163,0.04722738,0.31668755,0.00000000,0.00772391,0.08883159,0.02581097,0.27976540,0.46525523,0.00175270,0.07462740,0.00000000,0.00000000,0.00000000,0.07977997,0.05196651,0.00000000,0.00000000,0.08025089,0.03481106,0.00000000,0.00510084,0.14188451,0.41301942,0.02005284,0.00144770,0.00348109,0.16123173,0.21567023,0.03285571,0.00000000,0.12452082,0.03836927,0.00219010,0.12628946,0.49215698,0.01905086,0.00000000,0.91284651,0.00000000,0.14137544,0.00234896,0.10208928,0.00000000,0.02329149,0.00062525,0.12456499,0.00313236,0.00029164,0.00525177,0.00064843,0.00000000,0.02066107,0.00136787,0.08421724,0.00229647,0.00000000,0.01417119,0.44697613,0.00000000,0.00513030,0.89434063,0.02351512,0.00347721,0.15289162,0.00914629,0.00000000,0.00009816,0.00000000,0.00000000,0.01384971,0.15993151,0.04104186,0.00491792,0.16195434,0.00270233,0.00026235,0.00000000,0.00000000,0.02079660,0.01354341,0.12245091,0.00039949,0.05049249,0.01068447,0.08377437,0.24286973,0.00358503,0.19759333,0.01612332,0.02142415,0.00028555,0.34539860,0.09099210,0.00000000,0.00362562,0.00050112,0.40424380,0.00180188,0.00087010,0.51876616,0.00000000,0.22393826,0.00242142,0.00000000,0.00000000,0.00287785,0.00000000,0.00045113,0.01001568,0.00000000,0.00069530,0.02084487,0.00000000,0.01698031,0.22484705,1.22854209,0.02990639,0.00000000,0.00176563,0.01472024,0.18964395,0.00214359,0.07502303,0.13698561,0.00164599,0.03448083,0.00536293,0.00419289,0.00000000,0.50937843,0.00022537,0.00000000,0.00000000,0.00000000,0.00153643,0.18059570,0.02272960,0.00405398,0.00098981,0.01148429,0.03384271,0.51105636,0.03974071,0.00000000,0.01232334,0.02648044,0.02374625,0.03645676,0.24631278,0.28423715,0.10132532,0.00594560,0.00592764,0.12794791,0.17432307,0.00000000,0.00000000,0.00019556,0.08712734,0.05176555,0.05694480,0.02752119,0.00690090,0.00081799,0.07347117,0.00000000,0.00222246,0.00906066,0.02349899,0.03921030,0.03402929,0.00000000,0.04184236,0.04891434,0.00141987,0.01425773,0.00000000,0.42618543,0.00000000,0.00000000,0.00000000,0.00666440,0.00755521,0.04957807,0.13012336,0.05389677,0.00000000,0.27369100,0.00000000,0.02858450,0.60051644,1.34192896,0.02431930,0.05279724,0.03240601,0.12669195,0.00840074,0.00000000,0.03150927,0.00000000,0.66866577,0.00000000,0.00000000,0.08126760,1.08474660,0.02085397,1.61073494,0.00000000,0.02078918,0.18166783,0.00587369,0.00000000,0.00491999,0.03886855,0.00867567,1.12956083,0.30715665,0.00031580,0.00320274,0.03112270,0.00043005,0.00000000,0.00000000,0.00000000,0.01560155,0.06712560,0.04224075,0.00000000,0.29837415,0.00000000,0.86288232,0.00000000,0.00000000,0.02453912,0.00000000,0.18256268,0.00182810,0.06135942,0.01493719,0.00108224,0.18574947,0.00000000,0.00127930,0.12264372,0.00375956,0.05258350,0.03906377,0.00002757,0.00000000,0.08383288,0.97988105,0.00308447,0.24185374,0.02215872,0.00325556,0.00187688,0.00334408,0.06767582,0.00314638,0.00000000,0.00000000,0.00000000,0.16373993,0.10734606,0.00000000,0.00430211,0.22396755,0.00000000,0.02102572,0.00000000,0.00160420,0.02525501,0.00293216,0.02652391,0.00129956,0.01087933,0.10499140,0.03743768,0.00230031,0.12815987,0.00000000,0.03449367,0.00000000,0.41805375,0.00528032,1.34603155,0.20133922,0.23665091,0.01600469,0.01854455,0.00000000,0.01360367,0.00004256,0.02091652,0.00599084,0.05894937,0.12303016,0.07399292,0.01104162,0.00000000,0.00000000,0.00000000,0.08749638,0.00755217,0.06985600,0.04730592,0.00027909,0.07058151,0.00000000,0.00000000,0.01002056,0.85591882,0.16986312,0.00011673,0.01014306,0.33239716,0.00000000,0.00692807,0.00000000,0.01304368,0.51204205,0.29907298,0.06673081,0.03495137,0.96466231,0.00000000,0.01088719,0.00008051,0.00000000,0.00000000,0.00000000,0.00000000,0.04105211,0.00175296,0.21602395,0.02402106,0.06564698,0.01325685,0.00000000,0.00000000,0.00000000,0.50839329,0.00030529,0.06010142,0.00343567,0.01521728,0.00508053,0.00490096,0.09005226,0.00000000,0.03751491,0.26757386,0.08236980,0.00369538,0.14572285,0.12499652,0.00787964,0.06284268,0.36521047,0.00000000,0.03956797,0.00000000,0.02200709,0.05171515,0.00627576,0.00473195,0.00248155,0.06158115,0.06005419,0.08184353,0.11305271,0.00044306,0.01085535,0.00000000,0.03234121,0.00058241,0.03473927,0.03227785,0.00901957,0.32671416,0.00000000,0.02108079,1.26957393,0.00529198,1.70419562,0.00000000,0.00000000,0.26784280,0.04655265,0.07751205,0.39057258,0.00000000,0.01669405,0.18714565,0.00000000,0.00000000,0.59442550,0.00251268,0.01301493,0.00101729,0.00000000,0.02426045,0.06001766,0.10610064,0.10103513,0.00000000,0.00285793,0.00000000,0.11047392,0.02996054,0.05088307,0.01148039,0.00000000,0.00901409,0.00341005,0.00000000,0.26703483,0.34194285,0.14216648,0.00217545,0.12708780,0.00000000,0.35777438,0.00367169,0.00000000,0.00521821,0.00000000,0.00087965,0.00299006,0.00000000,0.00000000,0.04327522,0.10176897,0.02638587,0.01164252,1.08728623,0.00000000,0.00666174,0.02169641,0.91081214,0.18592830,0.00100948,0.00097717,0.04036027,0.00000000,0.16349488,0.00000000,0.00102005,0.00000000,0.00000000,0.02821320,0.00377129,0.04359732,0.09720314,0.00474550,0.21796276,0.00000000,0.23866537,0.00446926,0.07438979,0.01648334,0.32102972,0.14341500,0.04449428,0.00548535,0.00000000,0.01202353,0.10359513,0.00000000,0.00412883,0.00508229,0.01724869,0.12859291,0.03156095,1.12318480,0.12646346,0.25041920,0.01602998,0.00105663,0.00250473,0.00000000,0.00169776,0.04329922,0.00203620,0.00000000,0.10313865,0.04141605,0.15617110,0.01130975,0.03057099,0.00413645,1.73705292,0.04982403,0.09657824,0.01564785,0.07027784,0.16168179,0.00000000,0.01495435,0.00011451,0.02498032,0.05204014,0.08390854,0.00300553,0.02956205,0.01636560,0.08605502,0.01307290,0.09313599,0.00000000,0.53518575,0.00000000,0.00347112,0.04481047,0.04719383,0.00399724,0.08727765,0.00000000,0.09014960,0.00483496,1.02296674,0.04975048,0.00226692,0.00000000,0.03479145,0.00261481,0.07691538,0.12605816,0.00000000,0.00361234,0.00375476,0.00099450,0.21042261,0.00647921,0.00351357,0.07978199,0.00000000,0.00455863,0.00000000,0.02763873,0.00000000,0.15292697,0.00000000,0.00702038,0.00000000,0.01675141,0.03563020,0.13084710,0.08114300,0.02865393,0.00000000,0.01586545,1.06949639,0.01492711,0.00000000,0.00741031,0.00017000,0.00000000,0.41093498,0.00512255,0.01628594,0.00245288,0.00139525,0.28814173,0.04139149,0.00000000,0.00062023,0.00013584,0.02681495,0.00090319,0.00107919,0.05661590,0.00280941,0.31519678,0.05421058,0.00015340,0.00420070,0.35907012,0.00000000,0.26800096,0.05002454,0.13583779,0.00000000,0.35062581,0.00069551,0.49939114,0.00076644,0.00928869,0.28687876,0.01915134,0.03735350,0.00142631,0.02286093,0.00000000,0.04238120,0.00524940,0.05156236,0.00000000,0.05721737,0.04021946,0.00000000,0.01048923,0.00341455,0.10761438,0.07251080,0.00401420,0.00000000,0.01344408,0.00025611,0.00664265,0.30012161,0.00789761,0.02628766,0.06195685,0.00000000,0.16281283,0.00055932,0.07952436,0.00000000,0.02120321,0.04443482,0.47774151,0.00014236,0.05829315,0.00000000,0.00000000,0.00789841,0.04625057,0.00000000,0.00290124,0.01010166,0.00000000,0.09686387,0.00553020,0.00000000,0.05785362,0.00585074,0.09436048,0.00504596,0.06875598,0.57174575,0.00453582,0.00472710,0.21408843,0.00000000,0.01166434,0.00000000,0.02956500,0.12083606,0.00705921,0.14383712,0.02555865,0.02509371,0.00436492,0.00000000,0.00215172,0.05093144,0.00865501,0.12881863,0.00000000,0.02382332,0.02300199,0.02908415,0.03211764,0.00132034,0.00000000,0.00289392,0.00151657,0.21115518,0.00000000,0.32687277,0.02690459,0.01406652,0.79367530,0.00000000,0.53446853,0.00000000,0.01663590,0.06587130,0.01246496,0.03683519,0.00000000,0.00000000,0.00223487,0.06354196,0.00328238,0.40512943,0.00025103,0.00409194,0.10310961,0.10282257,0.00000000,0.00000000,0.07171510,0.00160733,0.15778704,0.00000000,0.00472766,0.00210818,0.21594793,0.03884076,0.00000000,0.00000000,0.08987064,0.00632609,0.01660749,0.01590300,0.20376100,0.03536265,0.14621259,0.04478114,0.00902567,0.00409602,0.00288825,0.00069692,0.05569059,0.02148964,0.00000000,0.01239521,0.20079887,0.00000000,0.00398569,0.02876411,0.04655157,0.00986445,0.01753202,0.12928089,0.00000000,0.00000000,0.01281259,0.00140113,0.01070540,0.00000000,0.12242214,0.03933064,0.02345306,0.03076349,0.00000000,0.03621980,0.07408491,0.01304680,0.09464604,0.01498938,0.00416174,0.00000000,0.00000000,0.00000000,0.07329056,0.02622537,0.05834742,0.06225055,0.43036684,0.04695712,0.22305496,0.00359177,0.00000000,0.10147539,0.02261872,0.00000000,0.49412015,0.21183625,0.03182247,0.00000000,0.01500693,0.00000000,0.00000000,0.02555551,0.00000000,0.00483265,0.08243966,0.01565089,0.07084473,0.19442084,0.04058902,0.02239115,0.00409152,0.00000000,0.01853453,0.10340489,0.36114246,0.03855177,0.00465307,0.00867606,0.06471350,0.00686131,0.02103831,0.00000000,0.06203627,0.00735454,0.01369120,0.45985064,0.00231713,0.08740571,0.01646088,0.03664577,0.00000000,0.00861054,0.00059939,0.01269554,0.04792586,0.00998927,0.00000000,0.04463140,0.00000000,0.02946850,0.00002071,0.03171751,0.03277925,0.00000000,0.00080635,0.15418236,0.14083056,0.02620241,0.04081312,0.03692596,0.11400878,0.00000000,0.03470358,0.18775152,0.02017931,0.01624157,0.00000000,0.00000000,0.00347387,0.06771516,0.20394348,0.03857988,0.00361545,0.13325508,0.00999869,0.06623084,0.03924001,0.02154998,0.16942215,0.00627696,0.07310110,0.00339170,0.00524617,0.00282671,0.00000000,0.01455956,0.07858294,0.01067079,0.00437844,0.00000000,0.00000000,0.00000000,0.04495321,0.00253519,0.00000000,0.03216946,0.02251537,0.00560383,0.13486080,0.06601203,0.17900044,0.00000000,0.00139098,0.03524325,0.04033710,0.00445467,0.08008469,0.16549304,0.07159644,0.00192806,0.04689077,0.02261468,0.00000000,0.00000000,0.02445344,0.01074938,0.10641477,0.00969652,0.04603625,0.05113674,0.20062985,0.00500452,0.08047517,0.01425391,0.01796996,0.00225235,0.00000000,0.09275690,0.00000000,0.00843728,0.02282065,0.01262857,0.00810051,0.00675272,0.00000000,0.06070209,0.02170372,0.00724530,0.01945112,0.00818005,0.00628823,0.00740538,0.00000000,0.00000000,0.05173641,0.02585406,0.01784082,0.09344468,0.01305755,0.01644984,0.00192241,0.00429597,0.00000000,0.00370082,0.10746204,0.21242127,0.00237459,0.07757460,0.17652465,0.12471645,0.06496401,0.00004585,0.15139817,0.01900653,0.00260629,0.00693817,0.00013537,0.00171306,0.00000000,0.09304962,0.06239143,0.13596617,0.06025469,0.05637696,0.00954257,0.03475301,0.00172805,0.04877686,0.00913483,0.01209012,0.00000000,0.15316516,0.00284093,0.00051248,0.18565284,0.05133082,0.00000000,0.08466775,0.10724983,0.00152601,0.00990708,0.00160916,0.00000000,0.00000000,0.33684665,0.00340678,0.11643557,0.00000000,0.08351512,0.02331808,0.00000000,0.00383885,0.01673076,0.00000000,0.00000000,0.00000000,0.08855860,0.03823030,0.01210280,0.02261015,0.05303355,0.00304288,0.00948360,0.32862028,0.00062490,0.21638478,0.02672312,0.04362123,0.04590457,0.00000000,0.03331228,0.10155138,0.09772376,0.01346569,0.05452860,0.14322454,0.30532515,0.00000000,0.00000000,0.00000000,0.17886026,0.15172853,0.11244372,0.02904242,0.00030499,0.00708608,0.00554179,0.00000000,0.01632761,0.16950996,0.00262147,0.00136608,0.04908613,0.02615981,0.06437882,0.08262380,0.11260852,0.17242654,0.10126041,0.03776788,0.00110325,0.00910114,0.00169786,0.00228672,0.00000000,0.05223088,0.00000000,0.10094159,0.11618316,0.00628101,0.01052388,0.22034924,0.02876534,0.00007127,0.06051895,0.12306160,0.00134897,0.20183992,0.05765210,0.20220417,0.01617073,0.02361626,0.06828763,0.02148267,0.12547611,0.00034490,0.03527092,0.02197814,0.01555766,0.02388902,0.01703245,0.07543078,0.00000000,0.02036403,0.00000000,0.01620819,0.01382157,0.04741235,0.01644444,0.01556668,0.02387091,0.01920235,0.00000000,0.10637751,0.03900571,0.00234182,0.09292919,0.00874449,0.00201374,0.10599526,0.04447729,0.01875076,0.00241006,0.00519668,0.04702393,0.00000000,0.00852017,0.06953871,0.00045465,0.00217675,0.00177731,0.00516641,0.05627726,0.00000000,0.02607737,0.26599076,0.02681073,0.00692732,0.04380818,0.00000000,0.07252225,0.00000000,0.00000000,0.04045366,0.07864297,0.00000000,0.06520160,0.00247943,0.05233575,0.08775503,0.06688877,0.01192565,0.05833325,0.02811251,0.06064146,0.11063254,0.01226637,0.00299651,0.00103785,0.15419297,0.00853175,0.00985953,0.07038307,0.04800895,0.05343148,0.01929251,0.08489259,0.01503724,0.00000000,0.07651689,0.05148415,0.00493865,0.13624434,0.00000000,0.06264085,0.02560107,0.03440172,0.00000000,0.02641347,0.03314671,0.00597837,0.00364977,0.05750087,0.06255346,0.00000000,0.00218367,0.02068784,0.00138147,0.05136289,0.00157401,0.14526246,0.00990927,0.06108560,0.05838758,0.00000000,0.02321920,0.02149747,0.17136534,0.09091257,0.01721325,0.00000000,0.03379871,0.01078865,0.00016528,0.00823661,0.00000000,0.04014548,0.00000000,0.01630444,0.02884714,0.04256329,0.00041239,0.00000000,0.00000000,0.03783868,0.06533033,0.00363399,0.03362511,0.12959312,0.10764906,0.05836650,0.04266440,0.00080920,0.00515322,0.00000000,0.04383456,0.00000000,0.13598326,0.00000000,0.00000000,0.03445426,0.00004981,0.12075347,0.05774952,0.00000000,0.03343643,0.00259493,0.01857078,0.00603810,0.11250114,0.02348122,0.00723939,0.04676136,0.06177605,0.00973456,0.03510311,0.00000000,0.05643710,0.13229753,0.04866596,0.00000000,0.03639034,0.01820677,0.00564939,0.00908875,0.01712774,0.00000000,0.00000000,0.00281357,0.14785631,0.26648030,0.00930373,0.00000000,0.01981797,0.00000000,0.01137357,0.05352031,0.04091438,0.02155895,0.00039681,0.20554179,0.00000000,0.00000000,0.01073354,0.03201528,0.00000000,0.00588859,0.00000000,0.03218340,0.00069610,0.12643249,0.01283362,0.01431812,0.00000000,0.10349012,0.01295465,0.03903807,0.00523156,0.00000000,0.19531967,0.32451564,0.03069843,0.00000000,0.00000000,0.02505860,0.04135999,0.00000000,0.00829265,0.00000000,0.00245781,0.00072099,0.10102902,0.13179974,0.11363649,0.01561321,0.02885169,0.11697094,0.01881488,0.15517433,0.12299771,0.00000000,0.17593661,0.00000000,0.00000000,0.13195045,0.02356120,0.17690983,0.00000000,0.00000000,0.00104343,0.00362057,0.00057140,0.01064674,0.02276696,0.25390118,0.05922084,0.04058017,0.09330174,0.00882352,0.08341549,0.02880775,0.00000000,0.01653449,0.02313912,0.09013933,0.00165660,0.00942976,0.06607213,0.10997408,0.01093845,0.06999081,0.01542303,0.00130540,0.06961555,0.00801690,0.00000000,0.00805484,0.10353242,0.00000000,0.01504581,0.00446971,0.00148665,0.01742445,0.00000000,0.10154355,0.00614003,0.00557016,0.00000000,0.09932963,0.00000620,0.00000000,0.47643000,0.00148322,0.00000000,0.00000000,0.00126846,0.07527421,0.00000000,0.02114780,0.00804148,0.00001380,0.00000000,0.10442636,0.01655151,0.00143313,0.02040996,0.00590595,0.00151781,0.05082055,0.15171282,0.00719965,0.01357904,0.00919451,0.00000000,0.05299393,0.15247561,0.00000000,0.00000000,0.00000000,0.02905239,0.14929974,0.00000000,0.03954398,0.02567795,0.00408664,0.00000760,0.25135171,0.01622037,0.03685859,0.00000000,0.00042095,0.24425516,0.03826041,0.00000000,0.00379991,0.00000000,0.85712177,0.00114531,0.00000000,0.00000000,0.00009507,0.01660589,0.00000000,0.05216898,0.00202314,0.54795176,0.02383533,0.01161150,0.00612137,0.03274165,0.00194468,0.17588978,0.05678178,0.02150878,0.01417624,0.14784619,0.02903426,0.02557895,0.00191384,0.00000000,0.00000000,0.00456472,0.00060023,0.05908940,0.03859078,0.00552318,0.16446583,0.12459108,0.00000000,0.05892612,0.08230554,0.01809040,0.10215238,0.00298494,0.09082146,0.00000000,0.12756354,0.00000000,0.17150490,0.22482185,0.04187788,0.15921001,0.01884578,0.01446530,0.02057188,0.05673947,0.00000000,0.00103350,0.02738078,0.10081437,0.00413937,0.00867602,0.00407706,0.04677347,0.08537166,0.06390030,0.00945748,0.00000000,0.09010275,0.06221523,0.00836840,0.00000000,0.48994586,0.05690273,0.20779157,0.00000000,0.03891772,0.02835325,0.00322730,0.00000000,0.00258610,0.17808156,0.02489847,0.00000000,0.03136137,0.02389162,0.00000000,0.09943813,0.11609198,0.03797943,0.26095241,0.02712267,0.02106417,0.02495095,0.15023665,0.00000000,0.08516267,0.00061644,0.05249366,0.01504708,0.00000000,0.05140877,0.03041574,0.13338029,0.02654952,0.08730132,0.00000000,0.03137272,0.00285261,0.01161590,0.08099201,0.00787924,0.05502076,0.00000000,0.02902470,0.00000000,0.00549207,0.16694514,0.00461354,0.00425711,0.00716940,0.28390029,0.00000000,0.03689107,0.13114938,0.00341308,0.00000000,0.00348453,0.07700024,0.00000000,0.00173107,0.23133269,0.00000000,0.03682933,0.00000000,0.05155934,0.02522555,0.02012029,0.15355651,0.00266962,0.00168248,0.00137780,0.00780269,0.00246831,0.00000000,0.00500685,0.04195290,0.34238228,0.01684618,0.03142275,0.45053512,0.01211356,0.00000000,0.00879015,0.18937345,0.24931425,0.05875288,0.00000000,0.03731225,0.00329128,0.00292577,0.01892669,0.03010327,0.07106304,0.16330867,0.00000000,0.00000000,0.01390138,0.00000000,0.01596904,0.00000000,0.00827107,0.00748483,0.06737149,0.11251081,0.05264231,0.02953083,0.00000000,0.23897895,0.04180491,0.37837705,0.03219397,0.03424923,0.03165216,0.00027574,0.00000000,0.01340971,0.00000000,0.00000000,0.01016470,0.00596517,0.00368308,0.09749832,0.01289462,0.00108428,0.06753395,0.00310451,0.00000000,0.00349845,0.02607946,0.23882703,0.06353703,0.27798435,0.02928154,0.00336618,0.03164344,0.01413561,0.02764039,0.04374684,0.10870165,0.12360268,0.13506831,0.00000000,0.02780912,0.00000000,0.18457907,0.00122443,0.13489278,0.03341125,0.00000000,0.06990305,0.01834303,0.00000000,0.00196045,0.02685685,0.02144252,0.00000000,0.04224814,0.00000000,0.01318993,0.02781161,0.33267924,0.00769600,0.13421045,0.00053868,0.00000000,0.11468518,0.00000000,0.00000000,0.00000000,0.01333481,0.00040482,0.00150624,0.00000000,0.04055859,0.00000000,0.13712358,0.00000000,0.07034557,0.01208643,0.05140592,0.00000000,0.01061611,0.12527651,0.00333822,0.00000000,0.00918259,0.06510879,0.13633808,0.37646800,0.02157211,0.00097321,0.01488900,0.11275463,0.04373371,0.00942828,0.01984572,0.18675262,0.06144927,0.00098098,0.00000000,0.03089062,0.03971921,0.02419832,0.02988566,0.05499467,0.17591384,0.06750771,0.03221632,0.03910073,0.05058639,0.05111307,0.24870059,0.00000000,0.06750745,0.00039969,0.09467519,0.03409066,0.00168110,0.03355884,0.02663269,0.01387280,0.07978622,0.09076452,0.00000000,0.00000000,0.00598508,0.00000000,0.08389246,0.07074748,0.00201467,0.13072608,0.27437904,0.06238939,0.03567293,0.01030238,0.00647492,0.00001669,0.10157422,0.00000000,0.07838881,0.00000000,0.01660003,0.00000000,0.02830272,0.00007085,0.09270333,0.12566638,0.00000000,0.00314631,0.00000000,0.00000000,0.06184656,0.03477207,0.07590607,0.00000000,0.25373876,0.00000000,0.03869920,0.00000000,0.01580484,0.00000000,0.01459728,0.27895242,0.04417846,0.02737052,0.02165799,0.01857653,0.04651757,0.00723158,0.00000000,0.04248358,0.14250711,0.12372831,0.09531080,0.00106663,0.11773737,0.02389373,0.05429628,0.02542669,0.07273850,0.01365533,0.00000000,0.00822363,0.00000000,0.08303464,0.00630596,0.00000000,0.04962400,0.00021803,0.01814547,0.19323403,0.13606925,0.01851308,0.07180106,0.00086334,0.00324464,0.00114037,0.17982118,0.00000000,0.02335583,0.03743664,0.00137804,0.00000000,0.03928572,0.07697277,0.00000000,0.01807739,0.00000000,0.11402900,0.00000000,0.08403596,0.09229504,0.06899841,0.00403046,0.01800494,0.01890042,0.31064492,0.00074164,0.01348163,0.08189093,0.00395116,0.10728559,0.02961065,0.01061390,0.01179367,0.00629489,0.31765360,0.07210032,0.06091350,0.00913887,0.04201650,0.00340239,0.11821093,0.29579064,0.00458680,0.06035559,0.00000000,0.00125378,0.05761386,0.00378793,0.00411795,0.00523153,0.00000000,0.00835822,0.00000000,0.04716308,0.00000000,0.00000000,0.00230767,0.01669551,0.00013463,0.38855597,0.00392340,0.01355903,0.02895116,0.00689074,0.05715289,0.00000000,0.00425929,0.14692365,0.00000000,0.00000000,0.00407567,0.00000000,0.05977719,0.00000000,0.00000000,0.15535147,0.00755599,0.08509230,0.01615764,0.31666911,0.35513756,0.01150504,0.02591622,0.01793640,0.05070650,0.15301636,0.04665884,0.00926190,0.00000000,0.00315686,0.00850986,0.02075100,0.15780348,0.08369198,0.00141680,0.00000000,0.00305427,0.00000000,0.13634728,0.03282522,0.05775880,0.00000000,0.00000000,0.02058417,0.00261641,0.22436045,0.08508199,0.00893652,0.00853894,0.00000000,0.07110893,0.03219340,0.04821596,0.08211069,0.03023955,0.29886007,0.00000000,0.00000000,0.01271589,0.24263664,0.00000000,0.11823940,0.01730365,0.00450390,0.00248667,0.20793867,0.02913699,0.00000000,0.00485317,0.00000000,0.01044625,0.15705493,0.18015943,0.00000000,0.13385247,0.02073415,0.00494958,0.00102484,0.00506687,0.01424975,0.01777643,0.00195062,0.00000000,0.04035326,0.00000000,0.09194206,0.05419004,0.02502461,0.00000000,0.02774495,0.03544953,0.00662909,0.06456771,0.00132386,0.00000000,0.19884025,0.05699392,0.05085551,0.01773937,0.16758452,0.00914663,0.06229195,0.00095606,0.00157262,0.01059533,0.05516460,0.33559889,0.23883739,0.00938474,0.00458496,0.46850830,0.00000000,0.00000000,0.01312126,0.26491356,0.18606129,0.29631847,0.00241754,0.10877481,0.00000000,0.00841809,0.00000000,0.03402958,0.13285492,0.00000000,0.00000000,0.03909526,0.08016340,0.00949826,0.17354697,0.00000000,0.00000000,0.00681950,0.04259872,0.00000000,0.55802351,0.16405404,0.00000000,0.01621605,0.01179673,0.00000000,0.02800387,0.00000000,0.02916110,0.00754102,0.00339559,0.05964298,0.24390507,0.00268144,0.01259014,0.09686052,0.04327071,0.00000000,0.04584305,0.00030386,0.10274100,0.00871341,0.02620750,0.16517034,0.06719591,0.10341657,0.00673103,0.00213818,0.11211488,0.29225668,0.00303127,0.03950510,0.06745368,0.16145909,0.00000000,0.01945009,0.02740549,0.04080259,0.02989901,0.00194996,0.07100969,0.04065559,0.00000000,0.00000000,0.00400247,0.03556364,0.00496292,0.01991666,0.22667044,0.00312349,0.09190425,0.01510030,0.21070401,0.00000000,0.00826893,0.00342326,0.00610108,0.01387429,0.02127142,0.14332931,0.01780392,0.00000000,0.04631293,0.03612386,0.01353100,0.07545475,0.20722595,0.01064433,0.00120933,0.04796229,0.03006467,0.01030962,0.00381039,0.17952690,0.11722388,0.00258699,0.33963355,0.00116054,0.00042631,0.00212729,0.00076785,0.19310009,0.07133554,0.00000000,0.01356793,0.00000000,0.12402705,0.04000613,0.20370468,0.04871440,0.01115864,0.03369811,0.18263274,0.00071780,0.00000000,0.00061989,0.05130780,0.03461954,0.00000000,0.00906017,0.14216122,0.00000000,0.22240508,0.00873096,0.00341349,0.00280753,0.02253078,0.00213624,0.06886261,0.05504785,0.08781372,0.00108376,0.02486640,0.00078186,0.00404282,0.02942539,0.00678020,0.00000000,0.00167544,0.11007302,0.00000000,0.00493771,0.04270660,0.00000000,0.03051385,0.30892169,0.19787063,0.02145646,0.00000000,0.02188139,0.00000000,0.43194398,0.00311783,0.01316099,0.00135339,0.03964274,0.00000000,0.26999477,0.09809017,0.00013453,0.00618674,0.19871359,0.02128846,0.00000000,0.00847119,0.00000000,0.00000000,0.08226259,0.01855466,0.00276028,0.00077612,0.00345301,0.00000000,0.00023065,0.01108585,0.03338695,0.10908809,0.00000000,0.01423459,0.05001999,0.03180040,0.06608507,0.24849717,0.00463722,0.07140780,0.00000000,0.00000000,0.00000000,0.05710648,0.02623557,0.00000000,0.00000000,0.04899149,0.02611110,0.00000000,0.01057269,0.10070085,0.16621344,0.01685307,0.00216742,0.00389642,0.18598178,0.09062475,0.03311098,0.00000000,0.10605478,0.04170962,0.00579447,0.10855424,0.22918418,0.02603102,0.00000000,0.24118663,0.00000000,0.23813224,0.00345073,0.06775562,0.00000000,0.02931678,0.00165425,0.10913280,0.00498766,0.00077160,0.00794327,0.00171559,0.00000000,0.01983795,0.00180071,0.07382677,0.00199045,0.00000000,0.01657441,0.11582578,0.00000000,0.01223820,0.42164361,0.02033958,0.00478138,0.07099022,0.01243523,0.00000000,0.00025971,0.00000000,0.00000000,0.01870918,0.07442963,0.06546167,0.00672493,0.09648230,0.00714970,0.00068537,0.00000000,0.00000000,0.02909074,0.02170001,0.05634767,0.00105696,0.05028908,0.02640111,0.08506270,0.08231103,0.00271716,0.07755302,0.01309209,0.01430782,0.00071426,0.14099997,0.09277815,0.00000000,0.00620734,0.00132585,0.11412352,0.00359007,0.00230206,0.15628251,0.00000000,0.24995093,0.00260965,0.00000000,0.00000000,0.00738974,0.00000000,0.00119357,0.01333243,0.00000000,0.00183959,0.01738841,0.00000000,0.02587142,0.15333039,0.52234656,0.02279092,0.00000000,0.00467143,0.01184107,0.07125761,0.00387630,0.05176956,0.04236590,0.00369149,0.03513677,0.00800679,0.00620764,0.00000000,0.31442985,0.00059628,0.00000000,0.00000000,0.00000000,0.00328996,0.06384202,0.01889659,0.00683131,0.00189755,0.01004604,0.05614955,0.22429249,0.04128108,0.00000000,0.01325213,0.01896134,0.02849969,0.02679070,0.19623660,0.09814831,0.04220514,0.01182806,0.00454890,0.09996383,0.06426342,0.00000000,0.00000000,0.00051740,0.05008547,0.03189382,0.04325904,0.03028887,0.01127931,0.00216419,0.03570897,0.00000000,0.00588008,0.01196794,0.02123935,0.03470040,0.04141388,0.00000000,0.03804488,0.05893177,0.00253051,0.01484504,0.00000000,0.13945152,0.00000000,0.00000000,0.00000000,0.00624172,0.01012296,0.03008719,0.05460591,0.03232638,0.00000000,0.09817317,0.00000000,0.02087760,0.39618140,0.75563091,0.03180446,0.03595855,0.02441904,0.04706807,0.01433307,0.00000000,0.04405032,0.00000000,0.15918653,0.00000000,0.00000000,0.05510403,0.47830486,0.01895887,0.39534542,0.00000000,0.02093287,0.17015503,0.00884064,0.00000000,0.01062711,0.02457462,0.01152993,0.31995025,0.15204228,0.00083553,0.00691123,0.02926252,0.00113782,0.00000000,0.00000000,0.00000000,0.01430865,0.09440244,0.03887979,0.00000000,0.19329523,0.00000000,0.31861743,0.00000000,0.00000000,0.01434561,0.00000000,0.05532930,0.00275427,0.06875314,0.01681284,0.00188482,0.07911988,0.00000000,0.00338471,0.05878209,0.00814231,0.05942012,0.04395233,0.00007293,0.00000000,0.03698160,0.20300122,0.00547409,0.16056989,0.03588222,0.00491182,0.00496575,0.00543161,0.06623013,0.00413877,0.00000000,0.00000000,0.00000000,0.06547908,0.04557996,0.00000000,0.00442360,0.05621723,0.00000000,0.02095922,0.00000000,0.00424431,0.03751250,0.00435747,0.01750954,0.00343831,0.00640885,0.13716352,0.04401866,0.00452757,0.09294409,0.00000000,0.02215375,0.00000000,0.16114932,0.00778850,0.16446374,0.11920882,0.12929873,0.01767112,0.01967370,0.00000000,0.01505072,0.00011261,0.01830104,0.01189549,0.05154181,0.08869777,0.06117448,0.01474596,0.00000000,0.00000000,0.00000000,0.05722226,0.01465076,0.04955139,0.02747901,0.00073839,0.03334887,0.00000000,0.00000000,0.01145817,0.28172064,0.10646625,0.00030884,0.02206014,0.17237090,0.00000000,0.00627827,0.00000000,0.01301410,0.23478852,0.09017728,0.05820538,0.02270053,0.22874866,0.00000000,0.01079308,0.00021301,0.00000000,0.00000000,0.00000000,0.00000000,0.04634737,0.00333116,0.07735546,0.02440871,0.03067656,0.01812998,0.00000000,0.00000000,0.00000000,0.17883009,0.00080772,0.07737429,0.00576372,0.01328041,0.01019658,0.00640594,0.02367280,0.00000000,0.02982810,0.11132542,0.05912221,0.00485179,0.05554726,0.07651501,0.00877598,0.04267463,0.14220747,0.00000000,0.03132955,0.00000000,0.01628401,0.02996026,0.01163157,0.00631897,0.00478204,0.04228747,0.02378972,0.05882889,0.06868675,0.00103534,0.00939692,0.00000000,0.02179495,0.00141414,0.05158574,0.03270736,0.01166898,0.22915310,0.00000000,0.01871538,0.23575164,0.00784798,0.34834373,0.00000000,0.00000000,0.12733759,0.03698983,0.08947368,0.13085149,0.00000000,0.02089888,0.08259276,0.00000000,0.00000000,0.19324212,0.00318064,0.01398917,0.00197482,0.00000000,0.04820564,0.08106698,0.08440415,0.03832323,0.00000000,0.00633597,0.00000000,0.06173497,0.01817658,0.04529540,0.01373464,0.00000000,0.01116880,0.00718502,0.00000000,0.14125448,0.14781779,0.11512663,0.00196408,0.10108928,0.00000000,0.12388315,0.00766285,0.00000000,0.01164827,0.00000000,0.00232734,0.00572056,0.00000000,0.00000000,0.03811391,0.11468121,0.02771305,0.00991148,0.12643641,0.00000000,0.01501893,0.04106892,0.23587078,0.09182687,0.00267083,0.00258534,0.03753603,0.00000000,0.12001056,0.00000000,0.00132124,0.00000000,0.00000000,0.02157495,0.00874334,0.02821261,0.09630217,0.00870362,0.17699218,0.00000000,0.19501866,0.00872611,0.09079158,0.02336456,0.11788887,0.10441491,0.03546669,0.00597594,0.00000000,0.02043183,0.05751005,0.00000000,0.00678832,0.00617973,0.00972936,0.04274207,0.03507693,0.29609394,0.06311177,0.09457707,0.01741006,0.00279558,0.00490227,0.00000000,0.00289235,0.02893995,0.00297110,0.00000000,0.07659470,0.01679500,0.04166609,0.01266740,0.05514345,0.00656819,0.81343591,0.05604504,0.07609434,0.01622192,0.03372608,0.13890727,0.00000000,0.01179115,0.00030297,0.02008127,0.06615587,0.03085732,0.00795188,0.02786345,0.02355937,0.07628920,0.01303770,0.03918566,0.00000000,0.12756060,0.00000000,0.00647769,0.04904826,0.02929750,0.00646677,0.06695687,0.00000000,0.06323985,0.00762899,0.37740234,0.02948370,0.00463375,0.00000000,0.03992910,0.00453795,0.04938003,0.05265965,0.00000000,0.00776186,0.00472847,0.00198201,0.10064940,0.01557680,0.00841797,0.05153694,0.00000000,0.01067142,0.00000000,0.03745437,0.00000000,0.10481647,0.00000000,0.01677554,0.00000000,0.01294060,0.04094697,0.05381611,0.06144840,0.02618540,0.00000000,0.01260349,0.27971435,0.02284802,0.00000000,0.01912784,0.00044977,0.00000000,0.28362370,0.00868241,0.02197820,0.00648971,0.00245491,0.09666148,0.04287896,0.00000000,0.00164098,0.00035940,0.03452928,0.00178961,0.00163709,0.02522049,0.00500573,0.15885438,0.03665082,0.00040585,0.00695201,0.10541018,0.00000000,0.15580930,0.01615250,0.08817533,0.00000000,0.10064401,0.00184015,0.17870550,0.00202780,0.02145163
6085,data/pair/6085/RHEED/ramping down to 300C.MOV,manifest_specified_rheed_path,16.560000,497,8,0.13527003,0.03440002,0.04441689,0.00000000,0.00000000,0.00490978,0.00060829,0.00683298,0.01413074,0.00000000,0.12090502,0.08988880,0.00431393,0.01325046,0.00169171,0.11028141,0.00413526,0.00000000,0.00085697,0.01131828,0.02264161,0.00173147,0.56478065,0.12263257,0.06085287,0.00453012,0.00000000,0.22987315,0.01298743,0.51209146,0.00579700,0.06990976,0.06798308,1.51854360,0.00000000,0.01287706,0.00181213,0.01663025,0.01011510,0.00505357,0.05287612,0.02039967,0.00219678,0.02741781,0.01546876,0.00000000,0.00429567,0.12449735,0.00088618,0.05965023,0.04102794,0.01373299,0.28929076,0.01659863,0.08515252,0.19824761,0.00963522,0.00156756,0.00000000,0.04940028,0.06998834,0.00759637,0.03736335,0.00428942,0.02248720,0.00623136,0.00000000,0.00000000,0.20702045,0.04962914,0.14510883,0.02443057,0.00000000,0.29130858,0.00166429,0.04347849,0.00000000,0.00000000,0.00582400,0.03133417,0.67335981,0.00409377,0.88170224,0.00330467,0.00598572,0.50418782,0.00000000,0.85868704,0.00000000,0.04771671,0.14694256,0.00000000,0.00243561,0.01354795,0.21709076,0.00098976,0.05855604,0.00069568,0.29162675,0.00000000,0.01802978,0.03548648,0.19988826,0.00058459,0.00000000,0.00363635,0.01149292,0.60077417,0.00132997,0.00000000,0.00054827,0.23331219,0.04646986,0.01284224,0.00301078,0.02879437,0.00000000,0.00000000,0.01097848,0.43508065,0.02897547,0.11341426,0.03164892,0.01172352,0.00132207,0.07789624,0.00085915,0.00169867,0.08276116,0.00000000,0.04307508,0.18929026,0.00239269,0.00000000,0.00640609,0.10112532,0.00000000,0.01673440,0.04276109,0.00000000,0.01633714,0.00809313,0.00000000,0.00034440,0.03360875,0.22517189,0.10908038,0.00240241,0.03534846,0.01221603,0.01761650,0.05355830,0.01201118,0.10531563,0.04033556,0.01232515,0.00000000,0.00000000,0.00000000,0.57883424,0.00564886,0.13366069,0.00042705,1.38242745,0.00210137,0.30179381,0.00104184,0.00000000,0.03216960,0.22567926,0.01274391,0.80147070,0.32986918,0.00686280,0.10747190,0.09788835,0.00000000,0.00000000,0.14454949,0.00000000,0.07266761,0.34340686,0.00072383,0.00646492,0.35788617,0.00333692,0.00028248,0.13108939,0.06363824,0.00801232,0.24981348,0.97600073,0.00109763,0.00090178,0.00072617,0.09259444,0.10508909,0.04636895,0.00000000,0.00337494,0.00530514,0.06183904,0.69147074,0.00060766,0.02384827,0.00026835,0.00233202,0.00167188,0.02877552,0.00962782,0.00962859,0.94043148,0.00377635,0.04195819,0.01244690,0.00000000,0.00000000,0.05824482,0.00000000,0.16142550,0.00000000,0.00898426,0.77922142,0.18200618,0.08678071,0.15987508,0.00507385,0.05623649,0.00111337,0.01839812,0.59928733,0.13302335,0.06512323,0.00000000,0.03979014,0.01076497,0.22388996,0.80069256,0.00000000,0.00000000,0.29309416,0.01192472,0.10318404,0.08147259,0.05354807,0.02225481,0.00328061,0.00034126,0.18822968,0.05051110,0.01709270,0.00000000,0.33971730,0.05515244,0.04460896,0.00357473,0.00000000,0.00000000,0.00000000,0.10527466,0.00071093,0.00427497,0.06073986,0.01429127,0.00014998,0.11155411,0.02160554,0.14711514,0.00199578,0.00000000,0.06840849,0.08576687,0.00385853,0.08261401,0.08444553,0.02339646,0.03664635,0.00192828,0.00338506,0.00000000,0.00000000,0.00000000,0.01545355,0.24863437,0.00000000,0.01668593,0.00659788,1.53124213,0.00000000,0.21147603,0.00197855,0.00002340,0.00000000,0.00000000,0.07355491,0.02412966,0.04835946,0.00000000,0.00375972,0.00273013,0.03938185,0.02229304,0.07444271,0.01206125,0.00291072,0.01301426,0.01631076,0.00000000,0.02514366,0.00000000,0.00201499,0.10780099,0.00502852,0.00445157,0.30787283,0.05805370,0.00000000,0.13464031,0.01554077,0.01169608,0.00000000,0.01591147,0.27922440,0.00244888,0.07204568,0.23364377,0.26829079,0.02706224,0.00170193,0.02955621,0.05009204,0.01448498,0.01464014,0.02496495,0.00051170,0.00047675,0.23188640,0.00372075,0.02017770,0.13635780,0.19447546,0.00368208,0.02683825,0.01053851,0.00000000,0.00000000,0.00002015,0.00000000,0.58494705,0.00000000,0.02653847,0.15549368,0.01952860,0.00000000,0.03945471,0.02111553,0.00000000,0.00553691,0.01572469,0.00000000,0.00653880,0.00734865,0.00095851,0.01431135,0.00003715,0.24892715,0.01092084,0.03090348,0.00238620,0.00827557,0.00234823,0.00000000,0.01416877,0.00231117,0.05966082,0.00989540,0.04565553,0.09908837,0.01582875,0.00664429,0.08063644,0.00447344,0.11610697,0.30276266,0.00466257,0.03402079,0.00000000,0.05891069,0.17757961,0.13029118,0.14441514,0.00953195,0.12644054,1.00649273,0.00000000,0.00038918,0.00000000,0.16521038,0.15420978,0.12589249,0.04347589,0.00361488,0.00633862,0.00379286,0.00835301,0.02289400,0.14512885,0.01883993,0.00293089,0.05318740,0.09380054,0.13168988,0.22400144,0.07229743,0.06464862,0.17785773,0.01278059,0.03457085,0.00316143,0.00000000,0.00266422,0.00109172,0.02249649,0.01213629,0.00330106,0.76783633,0.02064729,0.01307253,0.63441932,0.00488396,0.03114461,0.02663940,0.05246117,0.00164503,0.03351216,0.37728596,0.13842219,0.00578335,0.00929463,0.00358793,0.00000000,0.02657492,0.00959351,0.00267669,0.05383577,0.00742504,0.04256375,0.06077294,0.01695214,0.00000000,0.00324368,0.01433912,0.00116968,0.04015553,0.01697768,0.13308474,0.00292862,0.13619351,0.00221193,0.00000000,0.03654338,0.00000000,0.00597612,0.51970488,0.00606214,0.00000000,0.04357490,0.12794667,0.00686951,0.00000000,0.00461963,0.03975634,0.00120622,0.00000000,0.06579696,0.00000000,0.00000000,0.01867206,0.00137795,0.08249135,0.05882536,0.06399830,0.59905761,0.00193822,0.00000000,0.01548615,0.00095170,0.05457779,0.00000000,0.01277040,0.07443933,0.05943095,0.00000000,0.01251768,0.00508992,0.00750752,0.90301216,0.07202888,0.00090295,0.27038360,0.00000000,0.00201614,0.02135901,0.09757996,0.00373251,0.00800642,0.70559567,0.02078644,0.00294859,0.33795717,0.08726150,0.00445469,0.01553389,0.04857117,0.01858318,0.00000000,0.03875889,0.02487572,0.00000000,0.05368899,0.00000000,0.16342638,0.01178589,0.01393025,0.00000000,0.00035818,0.49730009,0.17141227,0.00000000,0.87867475,0.03732261,0.00071221,0.00100203,0.01623266,0.00000000,0.27681240,0.02504873,0.16501489,0.09651314,0.07334176,0.02813049,0.00000000,0.00752673,0.00323141,0.23954584,0.06743962,0.00594066,0.00059971,0.00000000,0.00789465,0.00622748,0.04789677,0.03053467,0.01232157,0.03313744,0.00562433,0.00229907,0.04338578,0.01066759,0.00000000,0.03762173,0.05653172,0.22604190,0.02231949,0.01697819,0.24516322,0.21805948,0.00167722,0.00324672,0.00073056,0.00000000,0.00000000,0.17557007,0.00014633,0.19292092,0.00000000,0.00000000,0.00000000,0.00442046,0.02529947,0.39571485,0.03783155,0.01814026,0.02303156,0.02907099,0.00626266,0.06130701,0.07126562,0.02388472,0.23998831,0.07613508,0.00104296,0.00579207,0.00000000,0.05711617,0.07171264,0.00112890,0.00000000,0.00513552,0.00451825,0.03467529,0.04400771,0.00100996,0.00000000,0.00650227,0.00295523,0.00198700,0.59359306,0.00000000,0.00025050,0.00750139,0.00000000,0.00000000,0.04085224,0.02034981,0.07556394,0.00417459,0.04235561,0.00000000,0.02278150,0.00029836,0.10290706,0.12309703,0.02975354,0.01728664,0.13801293,0.00000000,0.96466249,0.01118566,0.08195084,0.00737139,0.03785749,0.01549754,0.09473287,0.00000000,0.00000000,0.65990889,0.12103984,0.00161797,0.00058595,0.00535865,0.00674829,0.00810690,0.02324788,0.01892661,0.02838523,0.00000000,0.00000000,0.04127681,0.10840849,0.15411350,0.00553288,0.06756321,0.50590706,0.00079634,0.45600906,0.15337361,0.00000000,0.54324287,0.00029856,0.00693773,0.01566770,0.00130522,0.04267971,0.00552029,0.00000000,0.00106477,0.00000000,0.00058144,0.00000000,0.08339660,0.59973145,0.15261406,0.00000000,0.03158470,0.01183859,0.01463709,0.05284865,0.00148839,0.02090663,0.00301241,0.01528992,0.00053788,0.00598234,0.06008434,0.07400731,0.09434385,0.21716967,0.03521153,0.00000000,0.00526511,0.00916957,0.00000000,0.00886215,0.04486010,0.00684181,0.02807898,0.00138457,0.01004822,0.00117781,0.00138210,0.21066743,0.01149995,0.04735122,0.00000000,0.19798511,0.00000000,0.04360402,0.29100835,0.04045102,0.00196678,0.01899704,0.01259635,0.03299489,0.00101108,0.23479308,0.00000000,0.00000000,0.01560982,0.18676551,0.06668817,0.01709709,0.01047168,0.06897403,0.00368321,0.07325793,0.29692060,0.00295853,0.00644379,0.01420133,0.00000000,0.06440755,0.22551785,0.00000000,0.00000000,0.01188593,0.05206091,0.04605294,0.00109926,0.49810761,0.20389579,0.00000000,0.00089989,0.04849278,0.01321344,0.27894729,0.00000000,0.00389023,0.90642041,0.01912955,0.01524271,0.01314961,0.01261629,0.68767381,0.08822644,0.00102101,0.00000000,0.00000000,0.00204476,0.00000000,0.10812476,0.00625631,6.21319962,0.07023122,0.00000000,0.00252160,0.00104398,0.00015648,0.16438502,0.00265681,0.00624483,0.02135563,0.26665038,0.23280038,0.02109924,0.01575775,0.00133618,0.00202111,0.00057855,0.00176816,0.00223512,0.03985268,0.00779228,0.24585477,0.00203954,0.00382665,0.18282995,0.08100034,0.00038485,0.32369059,0.00000000,0.08787321,0.00000000,0.22266880,0.01382151,0.04246704,0.22698517,0.02559747,0.29290208,0.04038444,0.04772211,0.00397243,0.01839330,0.01221879,0.00475747,0.02117654,0.02122002,0.01577747,0.06182089,0.00494976,0.29559225,0.20548920,0.03067032,0.00000000,0.01610027,0.00553552,0.11495932,0.00295263,0.04665193,1.33579814,0.03970055,1.66522276,0.00000000,0.00025457,0.00989148,0.00262522,0.01148495,0.00693125,0.23046653,0.00439612,0.00000000,0.00767796,0.14277023,0.00000000,0.14616784,0.15824333,0.15655968,0.34254450,0.00000000,0.02688908,0.02306735,0.10004875,0.00535799,0.03697481,0.01882231,0.01703108,0.00154303,0.00000000,0.00521829,0.07879822,0.00963676,0.02722320,0.02575902,0.02133694,0.04012432,0.01567306,0.00045197,0.01051348,0.01533415,0.04273689,0.00000000,0.01358144,0.00091240,0.00915003,0.04948071,0.01546738,0.00000000,0.00011881,0.48186556,0.00000000,0.05951770,0.20564736,0.00033246,0.00000000,0.00000000,0.05270499,0.00000000,0.13783289,0.10977191,0.03343522,0.00330929,0.00104033,0.02635678,0.00031779,0.15133041,0.24067286,0.00403592,0.00000000,0.01549974,0.00260866,0.01560693,0.02741724,0.00197854,0.01018259,0.50877404,0.00000000,0.07266278,1.29635918,0.00852908,0.00107385,0.00000000,0.04918108,0.64836240,0.01814023,0.00001094,0.01265059,0.02662456,0.00000000,0.00982786,0.00136032,0.42553991,0.02113999,0.00000000,0.00423314,0.00711075,0.00157336,0.02434502,0.00000000,0.02043386,0.05390974,0.00778294,0.00927308,0.00365969,0.18805616,0.00286988,0.01746786,0.01997777,0.35483375,0.00481068,0.00644131,0.00000000,0.04320450,0.00000000,0.07764129,0.00705668,0.01314321,0.00560923,0.00043241,0.01447664,0.00302422,0.06888929,0.00291626,0.30070779,0.00000000,0.00000000,0.00683909,0.04908982,1.40886796,0.05264509,0.61937952,0.25268903,0.32302451,0.22819749,0.00672338,0.00126577,0.26954234,0.05571631,1.12606525,0.37794524,0.00000000,0.00272193,0.02463601,0.33215725,0.00863987,0.07371443,0.01678158,0.00336393,0.03725975,0.00329316,0.00031643,0.01425928,0.00141667,0.01208039,0.00100140,0.16408694,0.01267403,0.00479457,0.01732598,0.07258357,0.09968497,0.30591950,0.00117930,0.00300143,0.01160587,0.00000000,0.00000000,0.00222701,0.00443908,0.00000000,0.02125984,0.00000000,0.00065431,0.00238746,0.01650252,0.00000000,0.02510544,0.00064651,0.09738459,0.00094892,0.02051667,0.41318619,0.00822483,0.00000000,0.00050736,0.04289913,0.42734367,0.07026789,0.08522154,0.00816945,0.00327175,0.29547423,0.06098998,0.06611140,0.01705248,0.09165548,0.03660443,0.01029771,0.00000000,0.01190887,0.01827161,0.02634716,0.05168359,0.02781198,0.16482925,0.22703588,0.00162608,0.06330212,0.34226346,0.00480214,0.73012406,0.04239230,0.02804577,0.00349697,0.01192109,0.04247990,0.16399412,0.06581847,0.07364669,0.00000000,0.00156678,0.00578702,0.07224111,0.02600363,0.00021116,0.00829802,0.01331348,0.24727349,0.03365471,0.05571393,0.63560128,0.02935722,0.13887414,0.07295059,0.05144967,0.00000000,0.28189373,0.00139774,0.09772293,0.00000000,0.00000000,0.12824567,0.07012650,0.00000000,0.37769988,0.03977239,0.02682726,0.00170480,0.02431917,0.00000000,0.03099638,0.05435343,0.17563015,0.04370534,0.44907933,0.01490590,0.03014129,0.02094103,0.00000000,0.00005746,0.04454574,0.07411908,0.03057628,0.00222174,0.00120324,0.02708133,0.12059775,0.00193917,0.00000000,0.39410391,0.89110255,0.01980430,0.12874798,0.00096269,0.08603857,0.07670466,0.39444038,0.14881344,0.13781944,0.00451885,0.01423543,0.06231896,0.02789138,0.02080383,0.00000000,0.00000000,0.16612919,0.00000000,0.02800053,0.69944054,0.01467451,0.00000000,0.00744886,0.00000000,0.00351811,0.00000000,0.35742044,0.01764454,0.05189977,0.01343502,0.00155612,0.00058270,0.97100306,0.38834339,0.00413481,0.02504634,0.01003981,0.20023628,0.00000000,0.30771810,0.03937927,0.11907552,0.00000000,0.00272262,0.00898585,0.57244366,0.00850400,0.00484328,0.04054316,0.04222565,0.16656765,0.03158614,0.00785471,0.00451523,0.01164208,0.08189598,0.10346480,0.17970717,0.03784091,0.06114956,0.00908034,0.01730853,0.15577844,0.02251239,0.15105261,0.00469512,0.00514533,0.03131470,0.01770143,0.06129669,0.08265632,0.00000000,0.03748521,0.00407511,0.00000000,0.00000000,0.00000000,0.00000000,0.01819198,0.01723792,1.24935603,0.00000000,0.00702214,0.06120575,0.00526758,0.07873498,0.04072050,0.00000000,0.05540734,0.00000000,0.00540720,0.03983878,0.00000000,0.05466905,0.01582722,0.00000000,0.33746561,0.00000000,0.02015853,0.00000000,0.43355399,0.72819930,0.00279613,0.00217600,0.02323314,0.31321549,0.10953125,0.15911387,0.00002192,0.00000000,0.00000000,0.04629000,0.17418168,0.55226415,0.10387914,0.00328349,0.01237446,0.00000000,0.00000000,0.28464416,0.02255034,0.43109268,0.00000000,0.00000000,0.05876945,0.00000000,0.31629625,0.06657783,0.00441343,0.00000000,0.00003208,0.04412578,0.07964634,0.10004229,0.01188281,0.00121696,3.10716915,0.00000000,0.00129275,0.00687929,0.41364625,0.00858411,0.01394814,0.34489694,0.00928092,0.00000000,0.45569527,0.02765724,0.04310792,0.00034956,0.00216653,0.03308975,0.03102727,0.07865804,0.00051698,0.01754123,0.00047933,0.02408238,0.00000000,0.00542743,0.01633395,0.03645291,0.01776261,0.00151752,0.00665835,0.00236048,0.03448821,0.01522763,0.00605797,0.00000000,0.04171743,0.03824912,0.01636360,0.06563742,0.00658692,0.01077912,0.33687189,0.05889972,0.10424483,0.01024906,0.04045614,0.02183283,0.01629316,0.00000000,0.00482943,0.00835736,0.02510957,0.27404872,0.41944927,0.01238192,0.00299838,0.89131641,0.00273221,0.00215805,0.00000000,0.00113923,0.04767083,0.19082519,0.00170662,0.12002804,0.00000000,0.00000000,0.00000000,0.06396218,0.33348358,0.08555405,0.00000000,0.01973850,0.05995437,0.00000000,0.48528725,0.00000000,0.00093372,0.11514413,0.01148487,0.03612832,0.79629385,0.56061411,0.01514448,0.00170942,0.01151503,0.07176377,0.00098150,0.00440340,0.01840390,0.00074344,0.00164652,0.39789551,0.54546911,0.00268581,0.01555353,0.00641863,0.08254403,0.00299434,0.13392530,0.08558245,0.72201878,0.00442984,0.00386466,0.33166385,0.03880231,0.04278729,0.03884330,0.00000000,0.12032264,1.35134161,0.00862357,0.00737811,0.07780130,0.01652583,0.00000000,0.03776686,0.09220950,0.00468833,0.00079379,0.04024784,0.00159787,0.20787203,0.00099962,0.00014582,0.00497216,0.00000000,0.00770468,0.18873332,0.45303872,0.00000000,0.00126456,0.11123770,0.20024666,0.03163691,0.11495303,0.00817608,0.00154966,0.00000000,0.23832306,0.03008490,0.00261365,0.00000000,0.00000000,0.00964385,0.14117774,0.30682990,0.41739196,0.00898057,0.01084387,0.16793448,0.33160308,0.01427650,0.01262231,1.49068689,0.47270370,0.00000000,0.00878757,0.00712934,0.00000000,0.08292267,0.00519897,0.00070558,0.02227107,0.00081756,0.02786955,0.00000000,0.01475280,0.01756110,0.14236407,0.00000000,0.00108160,0.02727694,0.06574424,0.00287160,0.00000000,0.01368750,0.18125615,0.03486602,0.00391119,0.00000000,0.15787372,0.00000000,0.01332063,0.00516449,0.00277317,0.00008724,0.01376609,0.00000000,0.01177064,0.01415631,0.14304303,0.02709531,0.02739979,0.00156252,0.00071670,0.01262381,0.02947554,0.00000000,0.00000000,0.09675575,0.00743317,0.05855623,0.17611888,0.00000000,0.08497976,0.05913576,0.06244506,0.04307061,0.03182963,0.14566258,0.03115361,2.42672443,0.00042616,0.00271940,0.01617003,0.01873326,0.00000000,0.23729871,0.24989325,0.00000000,0.05263008,0.68937653,0.03560621,0.00277544,0.01732210,0.00000000,0.01722878,0.21022950,0.00000000,0.00240079,0.04105477,0.00449468,0.00489189,0.00615491,0.00000000,0.10125373,0.07415605,0.00000000,0.00000000,0.03305484,0.00348544,0.84202582,0.01208310,0.00000000,0.39986002,0.00000000,0.01266490,0.03489277,0.10950173,0.01247349,0.03837759,0.00078326,0.03596885,0.00568793,0.00000000,0.00000000,0.07301250,0.36105177,0.03953291,0.00000000,0.00262487,0.22002517,0.00122338,0.00306771,0.00323626,0.01466706,0.01370639,0.08458284,0.13002169,0.52742052,0.03716040,0.01427404,1.36851215,0.00262174,0.25668311,0.01437886,0.11556351,0.00000000,0.00668242,0.00196985,0.04205988,0.05717741,0.00058236,0.00009822,0.00026293,0.00000000,0.00000000,0.00335898,0.04220958,0.01167358,0.00889944,0.00000000,0.40679330,0.00000000,0.04247574,0.10170940,0.00492474,0.00000000,0.02967068,0.04428194,0.00000000,0.00000000,0.00000000,0.00000000,0.30290884,0.08643773,0.00000000,0.05625995,0.00282241,0.03857758,0.02618412,0.00000000,0.03216023,0.00000000,0.05800966,0.03063264,0.00925790,0.16670905,0.12876019,0.03023386,0.21233359,0.01163623,0.22632754,0.06257305,0.32396942,0.00000000,0.23582390,0.11724140,0.00000000,0.00542723,0.02860342,0.57660288,0.00016863,0.05851350,0.30225563,0.00000000,0.14858335,0.10372824,0.00000000,0.00000000,0.02958894,0.00049087,0.00184833,0.00379181,0.00000000,0.00000000,0.01512617,0.00018830,0.00299957,0.01398337,0.49831778,0.00610389,0.00305892,0.04190861,0.01429664,0.16795126,0.00000000,0.10691473,0.13548002,0.00000000,0.00368837,0.00000000,0.00000000,0.01500184,0.08640639,0.04667872,0.00104513,0.00172516,0.00000000,0.00193432,0.12478061,0.01555417,0.10255711,0.00000000,0.00237892,0.00000000,0.17412229,0.14551228,0.00577278,0.00002842,0.00942031,0.00000000,0.12715754,0.11076541,0.14278357,0.19347605,0.01463390,0.01852612,0.18166310,0.03179859,0.06598660,0.00342061,0.00991906,0.12750040,0.05064137,0.03251410,0.00298580,0.01124897,0.02087809,0.02805444,0.00000000,0.01883741,0.01112171,0.02453731,0.00056614,0.00029890,0.02953276,0.00528558,0.01372627,0.00000000,0.01554187,0.00000000,0.20315795,0.00080699,0.04421546,0.00000000,0.00000000,0.01151131,0.03635174,0.25350004,0.00618864,0.00000000,0.10381462,0.00751087,0.15940651,0.28743508,0.68533856,0.06047732,0.03754154,0.05214925,0.07109074,0.00320545,0.00466447,0.01856162,0.00000000,0.41854742,0.00483364,0.00000000,0.00496266,0.37937006,0.01243768,2.27226329,0.00000000,0.00546881,0.10885915,0.00000000,0.01231748,0.02103058,0.10705829,0.00022645,0.73919266,0.01745499,0.00110857,0.00963518,0.05888520,0.00303131,0.00377921,0.00685276,0.01092645,0.00000000,0.03143880,0.00151029,0.00000000,0.03226205,0.00265770,0.07641611,0.00000000,0.00719047,0.02872215,0.00000000,0.13503425,0.00000000,0.05522067,0.04996146,0.00016222,0.19628167,0.00000000,0.05594237,0.04687370,0.01090366,0.03425353,0.02526948,0.11366917,0.00000000,0.02172448,0.34910855,0.08897693,0.04249666,0.00827776,0.00109835,0.03805679,0.06835693,0.00353741,0.00000000,0.02402574,0.04177555,0.05249226,0.20023181,0.04640621,0.04931124,0.00081896,0.15156510,0.00000000,0.01679103,0.00000000,0.00398707,0.04742841,0.00279849,0.00151317,0.00000000,0.12078480,0.08410093,0.02951695,0.19481875,0.04753086,0.03619931,0.00263043,0.10363016,1.07635903,0.00101299,0.72209251,0.00554419,0.14523360,0.03570100,0.00653264,0.00000000,0.00158405,0.00000000,0.02314724,0.00593908,0.00865278,0.00818480,0.08663716,0.00092259,0.00130964,0.02885174,0.00000000,0.00062347,0.01546546,0.03341999,0.00609033,0.00000000,0.00573830,0.01104680,0.00240740,0.00140135,0.35727453,0.07550676,0.00000000,0.00000000,0.18000908,0.00000000,0.04155179,0.00086092,0.01059810,0.20182078,0.17013897,0.15900940,0.05970867,0.18356004,0.00579441,0.00431797,0.00670119,0.00172135,0.00000000,0.00000000,0.02059677,0.05882196,0.00233834,0.19585930,0.03264352,0.04702245,0.00193298,0.01148274,0.02222148,0.00000000,0.36299834,0.00497884,0.04617621,0.00689125,0.07801017,0.00229404,0.00106809,0.34657815,0.06705052,0.00000000,0.09697198,0.00607650,0.00258010,0.12957588,0.00981080,0.00019380,0.00567446,0.34311870,0.02469677,0.00756905,0.00368388,0.07043006,0.00524862,0.01592561,0.00000000,0.00257571,0.00452576,0.00011486,0.00000000,0.07603770,0.03093490,0.06176162,0.00710260,0.01015722,0.01366860,0.01173324,0.01407529,0.00247250,0.21679804,0.00000000,0.01304495,1.37365091,0.00176401,0.68057221,0.00252792,0.00185232,0.41217130,0.02392039,0.01534380,0.11837339,0.00000000,0.01476918,0.09087911,0.00000000,0.05155449,0.15037960,0.00000000,0.00405231,0.03643980,0.01405022,0.00679363,0.04077372,0.03609947,0.00000000,0.00222261,0.02200329,0.07924291,0.07906437,0.06968059,0.22902757,0.00524812,0.00281545,0.00385135,0.00156481,0.00427335,0.04166972,0.03250737,1.37801123,0.00036579,0.03602077,0.01240308,0.12210850,0.01001652,0.00467434,0.00000000,0.03415215,0.00000000,0.02936109,0.00000000,0.00175902,0.00269308,0.05260941,0.28441995,0.00551554,1.38408399,0.00000000,0.03929182,0.00197226,0.34963927,0.22841233,0.00000000,0.07445564,0.03447716,0.01150551,0.07325266,0.00133151,0.00825344,0.00000000,0.00079461,0.01762718,0.01351693,0.04699233,0.01134579,0.00310958,0.00257688,0.00247876,0.04170511,0.03757317,0.00278683,0.00068841,0.18577376,0.07069269,0.00702542,0.03897849,0.01733821,0.13358937,0.08107808,0.00938759,0.00969844,0.00540625,0.00925232,0.02642953,0.01510585,0.42689127,0.34815735,0.58636993,0.00349817,0.00000000,0.00169828,0.00000000,0.00499988,0.12706751,0.00493392,0.01653256,0.75370425,0.10237414,0.10083114,0.01778296,0.00732220,0.00092559,0.11304336,0.09788635,0.09910539,0.05205672,0.00000000,0.14982815,0.00357608,0.24721622,0.00852666,0.04695874,0.15783453,0.00046441,0.00361093,0.33596763,0.00077810,0.00393996,0.00671852,0.12293909,0.00000000,0.40292028,0.00000000,0.04641335,0.05512027,0.02108508,0.00000000,0.00436069,0.00000000,0.00180483,0.20180875,0.47506973,0.10503254,0.00545072,0.00019426,0.01211214,0.00561035,0.02719971,0.31449220,0.00000000,0.02429037,0.00863912,0.00000000,0.07397415,0.00026575,0.00839578,0.04574632,0.00247184,0.03069140,0.00000000,0.03617438,0.00053119,0.22312431,0.01787224,0.00000000,0.00000000,0.02869502,0.03916372,0.02918817,0.01137417,0.00000000,0.00087406,0.01400594,0.52293807,0.02663667,0.00000000,0.00101997,0.00000000,0.00500761,0.06905545,0.00294859,0.05991892,0.00410803,0.00060055,0.04184317,0.14374550,0.00846046,0.00413051,0.00000000,0.00000000,0.00000000,0.06559423,0.00457978,0.00270860,0.36020049,0.08375202,0.00020931,0.00034541,0.23375046,0.00000000,0.26018369,0.10412607,0.03100316,0.00029498,0.82404059,0.03517976,0.16048774,0.06012735,0.00250183,0.12335366,0.03868077,0.04260941,0.00000000,0.00000000,0.01299005,0.00113506,0.00724505,0.01842236,0.00000000,0.09301315,0.06760132,0.01141360,0.03505742,0.00434125,0.12486508,0.01094087,0.00000000,0.00156624,0.01364705,0.03846016,0.00426398,0.22987548,0.10404720,0.05153133,0.01156494,0.00000000,0.06478695,0.03210534,0.29645553,0.01006691,0.06848279,0.03963050,0.77066416,0.00000000,0.01620742,0.00443737,0.03802354,0.00838898,0.00591170,0.05453779,0.02041037,0.00435220,0.06156541,0.03917914,0.00000000,0.00676955,0.17672090,0.00198602,0.08575555,0.03531700,0.01734687,0.30642772,0.04298849,0.04706865,0.11337915,0.01631408,0.00414738,0.00000000,0.02327958,0.06221929,0.01676478,0.04474332,0.00899966,0.02259090,0.01255013,0.00000000,0.00000000,0.13276015,0.07645356,0.13197605,0.04327969,0.00000000,0.27239841,0.00440331,0.07805252,0.00000000,0.00000000,0.01098847,0.02738544,0.38008621,0.00836139,0.50124359,0.00874334,0.00792437,0.20320795,0.00000000,0.63753772,0.00000000,0.04775401,0.09642110,0.00000000,0.00644402,0.02465725,0.13018788,0.00261865,0.07615128,0.00184059,0.19541134,0.00000000,0.04127962,0.01867645,0.14038940,0.00154668,0.00000000,0.00710110,0.01509468,0.19952914,0.00351878,0.00000000,0.00145058,0.14615263,0.06062656,0.01792400,0.00796577,0.02464761,0.00000000,0.00000000,0.01283391,0.18383822,0.03072034,0.07658938,0.04466385,0.01893921,0.00349786,0.13079156,0.00227310,0.00299038,0.12503989,0.00000000,0.04001295,0.09318765,0.00468250,0.00000000,0.00712265,0.10696825,0.00000000,0.02994675,0.03460249,0.00000000,0.01997759,0.02141240,0.00000000,0.00091119,0.03990449,0.07776798,0.08359739,0.00635617,0.01879813,0.02142218,0.02672053,0.03902154,0.01188372,0.07249456,0.05047347,0.03260927,0.00000000,0.00000000,0.00000000,0.29063120,0.00783804,0.15139386,0.00085461,1.26484025,0.00368011,0.24201453,0.00181253,0.00000000,0.02140098,0.06233296,0.02512326,0.57238454,0.06595979,0.01132361,0.10060407,0.13391012,0.00000000,0.00000000,0.12357078,0.00000000,0.07268064,0.25181606,0.00191506,0.00726065,0.23312956,0.00882867,0.00074738,0.12289535,0.07765328,0.01567270,0.21563895,0.71742129,0.00290405,0.00175638,0.00096701,0.10297907,0.12075976,0.05372785,0.00000000,0.00818544,0.00774705,0.03611301,0.33445618,0.00150179,0.02474162,0.00062367,0.00616994,0.00320595,0.01945758,0.02497980,0.01481256,0.73163319,0.00619462,0.04208944,0.01627235,0.00000000,0.00000000,0.03313224,0.00000000,0.10988290,0.00000000,0.01416748,0.26092789,0.20175917,0.07069504,0.15548602,0.01062910,0.06210862,0.00294569,0.02573191,0.48121220,0.13026549,0.08518632,0.00000000,0.07664590,0.01394234,0.21055147,0.25691423,0.00000000,0.00000000,0.20217375,0.02979572,0.06855832,0.05222932,0.04529833,0.02832842,0.00500639,0.00074313,0.12981719,0.03282697,0.02951572,0.00000000,0.38105026,0.05701350,0.04089403,0.00529155,0.00000000,0.00000000,0.00000000,0.08208558,0.00142375,0.01056790,0.03971191,0.01512636,0.00039680,0.07605329,0.04443258,0.09606382,0.00528033,0.00000000,0.05393869,0.08634324,0.01020872,0.07237574,0.06952098,0.02096181,0.03946147,0.00415975,0.00542438,0.00000000,0.00000000,0.00000000,0.02206386,0.08194673,0.00000000,0.01718251,0.00870071,0.25037023,0.00000000,0.13695882,0.00523476,0.00006191,0.00000000,0.00000000,0.06975122,0.02747581,0.01916213,0.00000000,0.00666236,0.00722323,0.05173598,0.03375761,0.05216134,0.01343534,0.00669638,0.01754590,0.02063704,0.00000000,0.04411419,0.00000000,0.00441226,0.07394734,0.01171415,0.00719834,0.20084105,0.04536616,0.00000000,0.10054570,0.01613299,0.01668202,0.00000000,0.01778353,0.16676550,0.00372065,0.04778341,0.10224061,0.09896154,0.03892015,0.00416680,0.01624773,0.08057126,0.03022370,0.02776766,0.04484469,0.00135383,0.00126136,0.07679253,0.00805672,0.02156405,0.09253106,0.09826563,0.00601686,0.03021627,0.01840716,0.00000000,0.00000000,0.00005332,0.00000000,0.59286255,0.00000000,0.02812288,0.11530149,0.02010917,0.00000000,0.02920894,0.02190142,0.00000000,0.00800631,0.01722650,0.00000000,0.01643676,0.01944271,0.00240951,0.02227987,0.00009828,0.15482186,0.01991014,0.03855281,0.00631330,0.01605523,0.00621282,0.00000000,0.02755349,0.00611479,0.07118058,0.01807766,0.06934278,0.04295127,0.02833959,0.01482768,0.07792185,0.00582189,0.06820395,0.19060567,0.01233601,0.03330708,0.00000000,0.06713016,0.13273120,0.13617671,0.11776683,0.01166716,0.16419393,0.58630842,0.00000000,0.00076503,0.00000000,0.11214098,0.08495035,0.07914032,0.03463513,0.00914833,0.01436781,0.00620914,0.01139518,0.05045287,0.06984638,0.02558086,0.00703576,0.03976392,0.11525001,0.22506040,0.04125934,0.04866668,0.04468834,0.08983792,0.02583274,0.02710289,0.00780020,0.00000000,0.00704886,0.00288842,0.02326812,0.01596261,0.00873378,0.44325051,0.04221328,0.01513897,0.34519234,0.00948646,0.03851856,0.06742498,0.04141002,0.00229811,0.04458502,0.17517166,0.12683880,0.01047764,0.01819951,0.00949276,0.00000000,0.03619672,0.01421827,0.00313995,0.02853955,0.00891604,0.02567923,0.08624008,0.02672644,0.00000000,0.00363339,0.01135579,0.00163702,0.01554343,0.01897072,0.08449171,0.00523921,0.11386736,0.00585223,0.00000000,0.04957928,0.00000000,0.01315559,0.36444554,0.00837017,0.00000000,0.03760660,0.07810543,0.01185021,0.00000000,0.01222239,0.03764258,0.00319135,0.00000000,0.04333327,0.00000000,0.00000000,0.01885616,0.00364571,0.05490629,0.13449098,0.14473319,0.14745754,0.00512806,0.00000000,0.02538358,0.00251796,0.08163562,0.00000000,0.02972925,0.05752772,0.07600529,0.00000000,0.01454035,0.01136404,0.01110725,0.31777140,0.03676913,0.00135720,0.18769149,0.00000000,0.00533421,0.04789978,0.13861898,0.00957948,0.01378192,0.36655849,0.01804646,0.00429488,0.27982685,0.05122641,0.00776728,0.02157196,0.06594503,0.03542494,0.00000000,0.04038744,0.01935048,0.00000000,0.04876019,0.00000000,0.10387336,0.02384635,0.01677371,0.00000000,0.00094765,0.39819434,0.09709094,0.00000000,0.31251708,0.04119290,0.00120172,0.00265113,0.01545705,0.00000000,0.28771850,0.03371635,0.09569129,0.15354392,0.14437623,0.02446387,0.00000000,0.01269321,0.00645671,0.18479244,0.06907461,0.01571750,0.00112564,0.00000000,0.01637979,0.01103096,0.05506796,0.03224541,0.01298577,0.07484216,0.01265415,0.00608275,0.04889477,0.02822380,0.00000000,0.07557877,0.03810684,0.23830184,0.02834594,0.02986568,0.13451785,0.10705821,0.00303082,0.00612125,0.00156417,0.00000000,0.00000000,0.11457956,0.00038715,0.14026688,0.00000000,0.00000000,0.00000000,0.01169544,0.02807862,0.29253832,0.05085110,0.02503998,0.02988499,0.05010364,0.01656944,0.03810154,0.06739558,0.06215730,0.15665019,0.07574577,0.00275942,0.01481075,0.00000000,0.03922421,0.12943883,0.00298680,0.00000000,0.01064718,0.01195416,0.02342182,0.06384256,0.00175041,0.00000000,0.01720339,0.00781880,0.00525712,0.43422070,0.00000000,0.00066275,0.01255255,0.00000000,0.00000000,0.04615360,0.02537533,0.04578285,0.00775729,0.03505071,0.00000000,0.02623098,0.00078938,0.08183191,0.15615097,0.04350795,0.02003552,0.14198788,0.00000000,0.53474653,0.01598588,0.10283525,0.01934185,0.02523245,0.02004906,0.07395390,0.00000000,0.00000000,0.36068866,0.12147962,0.00428073,0.00155027,0.00654412,0.01053386,0.01055333,0.04440701,0.05007510,0.04936042,0.00000000,0.00000000,0.04893333,0.12654136,0.13103443,0.00823819,0.06881869,0.26639083,0.00210691,0.30073282,0.13748696,0.00000000,0.36152816,0.00069024,0.01725138,0.02249545,0.00234550,0.05444506,0.00798050,0.00000000,0.00258165,0.00000000,0.00153835,0.00000000,0.04680351,0.12824148,0.18331304,0.00000000,0.05789954,0.01741671,0.01375753,0.06291730,0.00320303,0.02829253,0.00542850,0.01804498,0.00142311,0.01063595,0.04687094,0.05958202,0.06263383,0.14397006,0.03239522,0.00000000,0.00693915,0.01256613,0.00000000,0.01465189,0.04224099,0.00994714,0.03406849,0.00366324,0.01455035,0.00123118,0.00365670,0.12913713,0.03042601,0.06222447,0.00000000,0.26913568,0.00000000,0.05651093,0.13257979,0.04280004,0.00432192,0.05026145,0.03332682,0.03268822,0.00267507,0.34313062,0.00000000,0.00000000,0.01711755,0.10109699,0.08666828,0.02199402,0.01977421,0.14229675,0.00798107,0.03690031,0.16235775,0.00660909,0.01144592,0.01438519,0.00000000,0.03532647,0.08481000,0.00000000,0.00000000,0.02611434,0.04355067,0.03828261,0.00168256,0.35041755,0.10073265,0.00000000,0.00238089,0.07063747,0.01233264,0.40962219,0.00000000,0.00786564,0.36779237,0.01963947,0.02529231,0.02915471,0.02107602,0.38944623,0.10518906,0.00270134,0.00000000,0.00000000,0.00412968,0.00000000,0.11586823,0.01372743,0.83319360,0.06281606,0.00000000,0.00437086,0.00276212,0.00041400,0.08722025,0.00634135,0.01568079,0.02234419,0.14118004,0.14227454,0.03494182,0.02844174,0.00353520,0.00528752,0.00153070,0.00467812,0.00545439,0.01442823,0.01212946,0.21530814,0.00242576,0.00575976,0.21034028,0.05378731,0.00101821,0.11829814,0.00000000,0.11089207,0.00000000,0.13290967,0.02418691,0.02327915,0.16371070,0.02825358,0.22782381,0.04634273,0.03904985,0.00765940,0.02608208,0.01622081,0.01258709,0.03318815,0.02609783,0.01964786,0.09130488,0.01184460,0.18605022,0.09263010,0.02727961,0.00000000,0.02946814,0.01000385,0.13543853,0.00533224,0.05718113,0.42583835,0.04184884,0.57043207,0.00000000,0.00064029,0.01475888,0.00694567,0.01627855,0.00943382,0.20988484,0.00685544,0.00000000,0.01344266,0.18733284,0.00000000,0.10760509,0.17456155,0.11078399,0.17006220,0.00000000,0.03930442,0.03149070,0.04240810,0.00930863,0.03876205,0.04979916,0.02671693,0.00314149,0.00000000,0.00840669,0.06776611,0.00964443,0.01948986,0.04239418,0.03858178,0.03878951,0.01923823,0.00119580,0.01746798,0.02382765,0.03667200,0.00000000,0.02067974,0.00159335,0.01115345,0.02732539,0.01146348,0.00000000,0.00031434,0.27104959,0.00000000,0.09073322,0.14114131,0.00087961,0.00000000,0.00000000,0.03797089,0.00000000,0.13688822,0.10440343,0.05170828,0.00465359,0.00275247,0.02727810,0.00084080,0.31006339,0.14396514,0.00702345,0.00000000,0.02867769,0.00690186,0.01218751,0.06019106,0.00523473,0.01248511,0.25221628,0.00000000,0.12217642,0.53609848,0.00985065,0.00284113,0.00000000,0.02368609,0.29710743,0.02272165,0.00002895,0.02097207,0.02093757,0.00000000,0.01757546,0.00359908,0.26228479,0.02351775,0.00000000,0.00771643,0.01284264,0.00416271,0.04557236,0.00000000,0.01892377,0.03595561,0.00827685,0.01614002,0.00784281,0.07808106,0.00530635,0.04367929,0.02352500,0.22102152,0.00833387,0.00912174,0.00000000,0.07927443,0.00000000,0.07871357,0.00858309,0.02226438,0.01009868,0.00114405,0.01692813,0.00800133,0.04474512,0.00662352,0.21830831,0.00000000,0.00000000,0.01370815,0.07779077,0.53015411,0.04350595,0.48330325,0.21951784,0.29311538,0.14199632,0.01152824,0.00219260,0.24231935,0.06643007,0.38788971,0.41681308,0.00000000,0.00720156,0.02510208,0.18214314,0.01041925,0.06297819,0.02261553,0.00590233,0.02412937,0.00540200,0.00083719,0.01992729,0.00374816,0.02308777,0.00264946,0.11691571,0.01589443,0.00694556,0.01766498,0.04901135,0.05971853,0.18371931,0.00312013,0.00751775,0.00801685,0.00000000,0.00000000,0.00589212,0.00774486,0.00000000,0.04363515,0.00000000,0.00173114,0.00631662,0.02610219,0.00000000,0.02281399,0.00171050,0.07612643,0.00251061,0.02048798,0.31076932,0.01298593,0.00000000,0.00134234,0.04196541,0.18547715,0.07249740,0.10163270,0.00612429,0.00568428,0.11405222,0.07676639,0.04979717,0.03443784,0.06797522,0.03287589,0.01349282,0.00000000,0.01374895,0.02906397,0.02124452,0.03831543,0.03970559,0.08580217,0.15804458,0.00430219,0.06739665,0.31021863,0.00490163,0.32083353,0.04401120,0.04980441,0.00925211,0.01249715,0.04919756,0.39952308,0.08562644,0.16033970,0.00000000,0.00272928,0.00659653,0.06874513,0.06879915,0.00055868,0.00996541,0.01565559,0.05726999,0.05778531,0.10419570,0.47514150,0.02998276,0.06101567,0.04691466,0.05246320,0.00000000,0.21478179,0.00369807,0.05464214,0.00000000,0.00000000,0.03639679,0.10072678,0.00000000,0.21890165,0.06901647,0.06255886,0.00261517,0.04257896,0.00000000,0.01873863,0.04402844,0.30640402,0.04567794,0.26008621,0.02068295,0.04431187,0.02104555,0.00000000,0.00015202,0.06639052,0.07262614,0.03178177,0.00285710,0.00141374,0.02798632,0.13958602,0.00513057,0.00000000,0.51349092,0.16406156,0.03053996,0.13555945,0.00166959,0.13304566,0.04479786,0.18061061,0.07196947,0.15694460,0.00799564,0.01310922,0.05696769,0.02862120,0.02443690,0.00000000,0.00000000,0.12866454,0.00000000,0.03174428,0.15798244,0.03240445,0.00000000,0.00951279,0.00000000,0.00782992,0.00000000,0.26235235,0.01549343,0.03277045,0.02328699,0.00300769,0.00154169,0.71183729,0.30724847,0.00717769,0.01531818,0.01350412,0.06701042,0.00000000,0.19152299,0.03951741,0.16661072,0.00000000,0.00720337,0.01427232,0.27987659,0.02033881,0.01281411,0.05280502,0.03387837,0.05384636,0.05214611,0.01168843,0.00664728,0.01701375,0.07085624,0.09001016,0.12212247,0.03194409,0.06749042,0.01712118,0.03019704,0.12218401,0.02324550,0.08101082,0.00850398,0.00612928,0.04046883,0.02605975,0.14844565,0.08901580,0.00000000,0.03349594,0.00673235,0.00000000,0.00000000,0.00000000,0.00000000,0.01463561,0.04065604,0.52241886,0.00000000,0.01211462,0.04751556,0.01393672,0.06807461,0.04255261,0.00000000,0.05610931,0.00000000,0.01430609,0.04054004,0.00000000,0.04788348,0.02221375,0.00000000,0.14466745,0.00000000,0.02806204,0.00000000,0.16184986,0.52415514,0.00739787,0.00304437,0.02996222,0.12768406,0.07964782,0.10748638,0.00005799,0.00000000,0.00000000,0.06179411,0.15307315,0.09415099,0.17067786,0.00471655,0.02037172,0.00000000,0.00000000,0.09902229,0.03067402,0.36580789,0.00000000,0.00000000,0.06948667,0.00000000,0.32035795,0.05110909,0.01135343,0.00000000,0.00008488,0.06717231,0.07357940,0.06774671,0.00874852,0.00321978,0.29149112,0.00000000,0.00342028,0.01820088,0.29758999,0.02271143,0.02557417,0.35688078,0.01718119,0.00000000,0.10038829,0.03424790,0.07088551,0.00086155,0.00405101,0.02712841,0.06687409,0.08080602,0.00136780,0.02304991,0.00126820,0.04858073,0.00000000,0.00627545,0.02421984,0.05782740,0.03934040,0.00346436,0.00869518,0.00580166,0.02939217,0.02161802,0.00901675,0.00000000,0.03385958,0.03716609,0.02067311,0.08350950,0.01222941,0.02550562,0.22111651,0.05048541,0.20738795,0.01498397,0.07112787,0.02721431,0.02453574,0.00000000,0.01277747,0.01032892,0.02423717,0.17273179,0.23690733,0.02201485,0.00732837,0.34649336,0.00646005,0.00414883,0.00000000,0.00301412,0.04676614,0.06862772,0.00451530,0.08239641,0.00000000,0.00000000,0.00000000,0.06422733,0.11442775,0.11766388,0.00000000,0.02589864,0.05029035,0.00000000,0.24347979,0.00000000,0.00247039,0.11959955,0.01547182,0.03634787,0.22796746,0.43435186,0.02027172,0.00452269,0.02508095,0.07387710,0.00259680,0.01016398,0.02784630,0.00196696,0.00382438,0.33097282,0.40023223,0.00492910,0.03953074,0.00923394,0.07362166,0.00649299,0.09586751,0.09307911,0.50576186,0.00984767,0.00795295,0.06401585,0.02825740,0.03087838,0.04671369,0.00000000,0.09314593,0.37862501,0.01365739,0.00908877,0.09188576,0.01782069,0.00000000,0.03841868,0.04034577,0.00768092,0.00210018,0.04115765,0.00422756,0.21670362,0.00264475,0.00037647,0.01198267,0.00000000,0.02034922,0.31292382,0.18288021,0.00000000,0.00334572,0.04902779,0.20839566,0.03891884,0.09325673,0.01733660,0.00410003,0.00000000,0.20588958,0.02489566,0.00515295,0.00000000,0.00000000,0.01727691,0.11335931,0.22872408,0.22550297,0.01295553,0.02042810,0.13453314,0.20695943,0.03777206,0.01617906,0.45664623,0.25860319,0.00000000,0.02324972,0.01258191,0.00000000,0.08575025,0.01375519,0.00186678,0.02946340,0.00216307,0.03321188,0.00000000,0.02214953,0.04200850,0.07313683,0.00000000,0.00286164,0.02782658,0.04049523,0.00330409,0.00000000,0.01729664,0.23334748,0.04641320,0.00681966,0.00000000,0.07974691,0.00000000,0.01422595,0.01366396,0.00733713,0.00023081,0.01586176,0.00000000,0.01983825,0.01783555,0.14632595,0.06453545,0.03156507,0.00271966,0.00189621,0.01806488,0.07798496,0.00000000,0.00000000,0.06922305,0.01289160,0.04853080,0.09400827,0.00000000,0.04708943,0.09480254,0.11375993,0.06059115,0.04058753,0.09424136,0.03189499,0.82394582,0.00112752,0.00719485,0.02663508,0.02104986,0.00000000,0.17837688,0.12170534,0.00000000,0.03923326,0.25679404,0.03078295,0.00563474,0.02839827,0.00000000,0.04347756,0.12398668,0.00000000,0.00477217,0.07915685,0.01189180,0.01147533,0.00696643,0.00000000,0.05941562,0.06578317,0.00000000,0.00000000,0.04835745,0.00922160,0.16630493,0.01800274,0.00000000,0.18328233,0.00000000,0.02570122,0.04793948,0.08622620,0.01067799,0.04136658,0.00207231,0.03895940,0.00769198,0.00000000,0.00000000,0.04171939,0.23150614,0.09659609,0.00000000,0.00694475,0.19836175,0.00231971,0.00811640,0.00582576,0.03422261,0.02581253,0.09116744,0.05717086,0.35037783,0.02546463,0.02185617,0.93595177,0.00673137,0.35174286,0.03799412,0.11965006,0.00000000,0.01505527,0.00521174,0.02887164,0.10522281,0.00154078,0.00025986,0.00069566,0.00000000,0.00000000,0.00888703,0.03270867,0.03088539,0.01907439,0.00000000,0.24491946,0.00000000,0.03091426,0.09261785,0.00837580,0.00000000,0.03054172,0.03550985,0.00000000,0.00000000,0.00000000,0.00000000,0.16175757,0.07881059,0.00000000,0.08098543,0.00568447,0.02133969,0.03616427,0.00000000,0.05950114,0.00000000,0.10426811,0.04363480,0.01203496,0.10312561,0.09516404,0.02980247,0.11121273,0.02688524,0.36416045,0.04106104,0.14661774,0.00000000,0.14432526,0.09373946,0.00000000,0.00808194,0.05060556,0.35704309,0.00044616,0.06046956,0.18562825,0.00000000,0.08767404,0.10129997,0.00000000,0.00000000,0.03247086,0.00129872,0.00410190,0.00749933,0.00000000,0.00000000,0.01771211,0.00049819,0.00793610,0.01110474,0.25259173,0.01065988,0.00809313,0.05727443,0.02310988,0.07402422,0.00000000,0.15822433,0.06375484,0.00000000,0.00669818,0.00000000,0.00000000,0.01544572,0.05041701,0.04933408,0.00276516,0.00456435,0.00000000,0.00386978,0.11387943,0.04115247,0.05486445,0.00000000,0.00392983,0.00000000,0.13511680,0.04141152,0.00847394,0.00007520,0.01314769,0.00000000,0.06881391,0.10268205,0.05410558,0.12450512,0.03807560,0.01893603,0.11298541,0.02313479,0.03332165,0.00905007,0.01640994,0.11587197,0.07022149,0.03075019,0.00776792,0.01174376,0.04565682,0.04520889,0.00000000,0.02406893,0.01570936,0.03007310,0.00149787,0.00054556,0.03295759,0.00696044,0.01598002,0.00000000,0.01589814,0.00000000,0.12219208,0.00140488,0.04688609,0.00000000,0.00000000,0.01458435,0.06817837,0.09323896,0.00798105,0.00000000,0.09405931,0.01323655,0.15547596,0.22049294,0.27148101,0.08287620,0.07369782,0.04705212,0.04694362,0.00848083,0.01234102,0.02623625,0.00000000,0.21063107,0.00763459,0.00000000,0.01038823,0.29183343,0.01606664,1.27590203,0.00000000,0.00929316,0.08458725,0.00000000,0.03252864,0.04041010,0.09676678,0.00059912,0.34114558,0.03009906,0.00293300,0.01488809,0.04157214,0.00610213,0.00999886,0.01798247,0.01648820,0.00000000,0.05561151,0.00261629,0.00000000,0.02694761,0.00568667,0.09050009,0.00000000,0.01446171,0.04734583,0.00000000,0.09098954,0.00000000,0.09040891,0.03459047,0.00042918,0.12849468,0.00000000,0.07051764,0.04520284,0.01717365,0.02462462,0.05086342,0.11794409,0.00000000,0.03726734,0.20448826,0.17169946,0.05516740,0.01335858,0.00272809,0.03564651,0.07821755,0.00935912,0.00000000,0.04305026,0.06256457,0.05409062,0.15333824,0.04063370,0.06943335,0.00184648,0.09743730,0.00000000,0.02932936,0.00000000,0.01054881,0.04478338,0.00385572,0.00400346,0.00000000,0.09598123,0.08316597,0.02776288,0.25015774,0.07621107,0.03650443,0.00340736,0.10713667,0.36338162,0.00268013,0.31114066,0.01127418,0.06749782,0.05131410,0.01308797,0.00000000,0.00419101,0.00000000,0.02859826,0.01356695,0.01553476,0.02165494,0.05300177,0.00197415,0.00346498,0.02928481,0.00000000,0.00123079,0.03474158,0.02437363,0.01323763,0.00000000,0.00824645,0.02104151,0.00331790,0.00207730,0.18390207,0.09133866,0.00000000,0.00000000,0.12313149,0.00000000,0.04583573,0.00227779,0.02694850,0.15506239,0.14930284,0.30451766,0.06463707,0.06435280,0.01079988,0.00426368,0.01276878,0.00455426,0.00000000,0.00000000,0.05449392,0.04988410,0.00618666,0.17594931,0.03569614,0.06487602,0.00511419,0.01408915,0.03362675,0.00000000,0.26755732,0.01302975,0.03983685,0.01721886,0.07458786,0.00606947,0.00201571,0.22024514,0.11678682,0.00000000,0.08641738,0.01501819,0.00529375,0.13275205,0.01465870,0.00051275,0.00970457,0.24747278,0.03059097,0.01712810,0.00700355,0.04958600,0.01388655,0.02536637,0.00000000,0.00501183,0.00865279,0.00030390,0.00000000,0.05479481,0.04475050,0.03055787,0.01303036,0.02044810,0.02080339,0.01951204,0.02297017,0.00467335,0.15518898,0.00000000,0.01363378,0.37773567,0.00365481,0.41388720,0.00568470,0.00490078,0.27078235,0.01732418,0.01358690,0.07557696,0.00000000,0.01990549,0.12327614,0.00000000,0.07391305,0.11263564,0.00000000,0.01072141,0.06312214,0.03581896,0.00935252,0.05761407,0.03267515,0.00000000,0.00372988,0.03243929,0.08438605,0.10708296,0.03446294,0.33851647,0.01344303,0.00405305,0.00648386,0.00312730,0.01084933,0.03567540,0.04242163,0.56268412,0.00065684,0.04626590,0.01249771,0.10329350,0.02650121,0.00887125,0.00000000,0.06248261,0.00000000,0.04545856,0.00000000,0.00465393,0.00308152,0.05085380,0.11975698,0.00646584,0.33322677,0.00000000,0.09478761,0.00346985,0.36024654,0.14480639,0.00000000,0.18714312,0.03322870,0.03044072,0.07484267,0.00352284,0.01099115,0.00000000,0.00167274,0.02086210,0.02371592,0.04143013,0.02294196,0.00822718,0.00681780,0.00655817,0.05345665,0.05703110,0.00616621,0.00182136,0.15227798,0.05719788,0.00849115,0.05850588,0.01952931,0.11592317,0.04491267,0.01865240,0.01250724,0.00908787,0.01898587,0.02300028,0.02457844,0.28389388,0.18323380,0.37038806,0.00535280,0.00000000,0.00449324,0.00000000,0.00769006,0.05852609,0.00961811,0.01744896,0.65297675,0.06640916,0.08723592,0.01427105,0.01164556,0.00244887,0.08568685,0.05260899,0.08848148,0.03186972,0.00000000,0.11449436,0.00657967,0.17501484,0.00778349,0.05170286,0.08452700,0.00122872,0.00955362,0.12553898,0.00205867,0.00841881,0.01777554,0.09318031,0.00000000,0.23710226,0.00000000,0.04463773,0.06410193,0.01591383,0.00000000,0.00570374,0.00000000,0.00440936,0.22992489,0.18178914,0.15627633,0.00948582,0.00051396,0.00925314,0.01484358,0.02958691,0.09747836,0.00000000,0.05276445,0.02285696,0.00000000,0.05389863,0.00070310,0.01329846,0.06459089,0.00497301,0.02106233,0.00000000,0.02965071,0.00140539,0.10818472,0.02893098,0.00000000,0.00000000,0.05741812,0.06437670,0.02772347,0.03009323,0.00000000,0.00231254,0.03524986,0.43236244,0.03786898,0.00000000,0.00269859,0.00000000,0.01073395,0.07806782,0.00402121,0.06291894,0.01011015,0.00158890,0.04949610,0.19921070,0.02096828,0.00732927,0.00000000,0.00000000,0.00000000,0.06621014,0.00991668,0.00716628,0.29224935,0.06766831,0.00055379,0.00059928,0.06892094,0.00000000,0.09224006,0.07290806,0.04391455,0.00078045,0.30494177,0.02809763,0.08648292,0.05259457,0.00437358
6088,data/pair/6088/RHEED/2 min AlSb.MOV,manifest_specified_rheed_path,15.930000,478,8,0.33861679,0.01785772,0.07347007,0.00000000,0.00013207,0.02212749,0.00435604,0.00000000,0.00000000,0.00218950,0.01741433,0.02469192,0.00328864,0.00457808,0.00000000,0.17935586,0.00000000,0.03560712,0.08155552,0.02375205,0.08810832,0.00744309,0.41979855,0.20729777,0.00465925,0.00000000,0.00044668,0.21316260,0.00000000,0.86776382,0.00499529,0.08197767,0.10597246,2.45741224,0.00000000,0.00122203,0.00062144,0.00000000,0.03580891,0.00066803,0.15636566,0.01243918,0.04660171,0.00000000,0.00000000,0.00000000,0.00609711,0.12209384,0.00225091,0.00241612,0.01009781,0.01225818,0.17204675,0.00703144,0.01817008,0.07156497,0.10102937,0.00000000,0.00000000,0.01110209,0.16876921,0.00000000,0.02210862,0.00708642,0.00467114,0.00351205,0.00000000,0.00783137,0.00646947,0.06881671,0.11999588,0.00061960,0.00865147,0.18821634,0.00000000,0.00638377,0.00000000,0.00000000,0.00000000,0.01267953,1.32924473,0.00000000,1.16415274,0.00127579,0.00370605,1.21178639,0.00000000,1.54095244,0.00046512,0.00072192,0.09946927,0.00005167,0.00000000,0.00012712,0.10040552,0.00606127,0.21361317,0.00000000,0.37414181,0.00000000,0.00000000,0.07290308,0.34255093,0.00000000,0.00000000,0.00311899,0.01079888,0.31746143,0.00000000,0.00000000,0.00298051,0.37172017,0.00103330,0.00036272,0.00000000,0.00013224,0.00063785,0.00050153,0.00900389,0.20023070,0.02836787,0.05492757,0.02166038,0.00120139,0.00000000,0.06738552,0.00000000,0.08703572,0.01451023,0.00015694,0.00000000,0.14462270,0.00000000,0.00038861,0.03502941,0.01759435,0.00821798,0.00695072,0.16515872,0.00000000,0.01250096,0.00000000,0.00000000,0.00000000,0.06490357,0.29704234,0.19462757,0.00011576,0.04334007,0.03436183,0.01834125,0.00213096,0.00000000,0.06703082,0.00654408,0.00043689,0.00000000,0.00276339,0.00000000,0.18580070,0.00577852,0.00000000,0.00346269,1.01542819,0.00000000,0.25976181,0.00219117,0.09175946,0.10242863,0.07668368,0.01833994,1.14213252,0.21195929,0.01030752,0.25172681,0.08470766,0.00000000,0.00000000,0.06956109,0.00000000,0.03630164,0.18646955,0.01543223,0.00000000,0.54332304,0.00000000,0.00022262,0.00799522,0.10381372,0.00147894,0.03715388,0.09373873,0.00000000,0.00000000,0.00326228,0.04831444,0.02047949,0.00350697,0.00000000,0.00000000,0.00000000,0.00000000,1.07127798,0.00599810,0.04082283,0.00512034,0.00041195,0.00085637,0.01485415,0.00527344,0.00340713,0.68466681,0.00064033,0.14137645,0.00239847,0.00062751,0.00000000,0.02176378,0.00000000,0.25861272,0.01338238,0.00113091,0.34213489,0.20384943,0.04020646,0.21848163,0.00008592,0.00123234,0.00000000,0.04874421,0.23743203,0.44887576,0.05776370,0.00000000,0.00000000,0.13227288,0.07806402,0.73339832,0.01291638,0.00000000,0.16486478,0.00752078,0.03916188,0.04675376,0.00694783,0.00289807,0.29689938,0.11504258,0.02356208,0.04494443,0.01512493,0.00003620,0.08156662,0.05441119,0.00396710,0.00232724,0.04388467,0.00000000,0.00072340,0.06640841,0.04337119,0.01722571,0.02986996,0.00125913,0.00000000,0.07684124,0.00000000,0.19308068,0.00000000,0.00008705,0.03425859,0.01230601,0.00000000,0.21132089,0.04917037,0.07664134,0.15927112,0.00231260,0.00464914,0.16091838,0.00906640,0.00000000,0.02928963,0.02893258,0.00000000,0.00298327,0.00056182,1.14977086,0.00000000,0.17378101,0.00000000,0.00000000,0.00000000,0.03074258,0.00018356,0.01530342,0.08007688,0.00032354,0.00196295,0.00000000,0.00128015,0.01605612,0.02598492,0.06126222,0.09853006,0.00789860,0.00028326,0.00000000,0.00000000,0.00000000,0.02422966,0.00688249,0.01511883,0.00338369,0.32790723,0.08193518,0.00000000,0.06110465,0.01286558,0.05822860,0.00002580,0.03734744,0.18880670,0.00372803,0.16611761,0.28855574,0.22739576,0.02224433,0.00000000,0.06345856,0.01436880,0.00000000,0.00000000,0.15612774,0.00000000,0.00706905,0.17502828,0.00283416,0.00000000,0.04449023,0.07156933,0.00619463,0.01056792,0.00000000,0.00257677,0.00000000,0.00000000,0.00084333,1.25198710,0.00000000,0.02229068,0.33440012,0.03739531,0.00584929,0.04959787,0.03103372,0.00461587,0.00906260,0.09487716,0.00996873,0.00000000,0.00000000,0.00000000,0.10817872,0.03701046,0.21867169,0.00000000,0.00116710,0.00000000,0.00000000,0.00000000,0.00000000,0.00165321,0.00490208,0.01237840,0.00304703,0.08007091,0.11533481,0.00000000,0.00000000,0.20157878,0.11271964,0.21821822,0.44423318,0.00000000,0.00538200,0.00008529,0.00138162,0.37205407,0.01661549,0.05899069,0.00104047,0.08053319,1.33149993,0.00000000,0.00000000,0.02302889,0.25092557,0.12053265,0.31605712,0.01461025,0.00114597,0.00000000,0.02294648,0.01084144,0.01156382,0.04213523,0.00640972,0.00000000,0.05348219,0.24932241,0.00128809,0.13121028,0.11565273,0.03798869,0.21217002,0.01643754,0.01469660,0.00000000,0.01740519,0.00000000,0.00131856,0.00840763,0.03004130,0.02163344,0.76690257,0.02599402,0.07122415,0.38319552,0.00000000,0.07399195,0.01933968,0.01119207,0.00000000,0.01234471,0.10170962,0.07859103,0.00545300,0.02552135,0.00938578,0.00013242,0.12895770,0.00051450,0.03387541,0.04548949,0.00774477,0.00918554,0.00007449,0.00504611,0.00000000,0.01807632,0.00341994,0.00000000,0.01543035,0.03324521,0.07350571,0.00364576,0.34562251,0.00000000,0.00439557,0.00291686,0.00000000,0.00376899,0.13738053,0.00306895,0.00000000,0.01514518,0.22513634,0.00284105,0.00314892,0.00000000,0.11211783,0.00000000,0.00000000,0.14423311,0.00000000,0.00558527,0.09867407,0.00000000,0.07621031,0.14319029,0.00046498,0.09107207,0.08612850,0.00000000,0.00361679,0.00408740,0.02137083,0.00000000,0.02056970,0.13134411,0.00612152,0.00000000,0.00676072,0.05906028,0.00543640,0.16708536,0.03040654,0.00000000,0.22194055,0.00807565,0.06886835,0.00270501,0.00702120,0.00424056,0.00000000,1.10236430,0.00153012,0.00114132,0.57345158,0.02730712,0.00254564,0.01172441,0.05276086,0.00058608,0.00000000,0.01131966,0.05985595,0.00000000,0.00379905,0.02241461,0.00169456,0.00008463,0.04189704,0.01030539,0.00000000,0.24236706,0.06535816,0.00000000,0.04574955,0.02173569,0.08851669,0.00000000,0.04753677,0.00000000,0.15088136,0.01072552,0.22828750,0.02048931,0.00097577,0.02053034,0.00000000,0.00000000,0.00095718,0.17555971,0.00003353,0.05880092,0.00405350,0.00000000,0.00000000,0.00933616,0.00000000,0.21831210,0.01355828,0.10020424,0.00133180,0.00100157,0.13218907,0.00000000,0.00000000,0.00000000,0.01880957,0.04015012,0.00000000,0.00000000,0.05567392,0.06193835,0.01351702,0.00071885,0.00976271,0.00000000,0.00000000,0.12081893,0.00000000,0.18134335,0.00235081,0.00000000,0.00000000,0.00000000,0.04801620,0.32448524,0.36310661,0.01811396,0.08823555,0.05913781,0.00000000,0.07230184,0.03875704,0.00000000,0.05834220,0.10940362,0.00011644,0.00430863,0.00000000,0.03353150,0.01981877,0.02856719,0.00000000,0.00000000,0.00000000,0.01235500,0.00007361,0.03243541,0.00000000,0.00000000,0.00000000,0.00034095,0.55592591,0.00476822,0.01278185,0.00062978,0.01429265,0.00019307,0.05178702,0.01150330,0.06135664,0.00097062,0.25736102,0.07037657,0.00000000,0.00000000,0.24303022,0.00231809,0.00320220,0.31071979,0.02597866,0.00910355,1.61594701,0.01006973,0.00119581,0.09953602,0.00226843,0.00330591,0.06699947,0.00000000,0.02850376,0.94016659,0.81994015,0.00833853,0.04066111,0.00694011,0.01439803,0.00230543,0.05072628,0.00000000,0.00000000,0.00000000,0.00000000,0.06588092,0.09839116,0.25393268,0.01680652,0.02384441,0.45183161,0.03713393,0.99722558,0.27896163,0.00000000,1.29287815,0.00012193,0.00000000,0.01229416,0.00137869,0.00563966,0.00163001,0.00000000,0.00000000,0.00000000,0.00020281,0.00000000,0.03207296,0.95114416,0.09198354,0.00000000,0.05554648,0.02150028,0.01285809,0.08687647,0.00000000,0.02369581,0.00697849,0.00000000,0.00068503,0.00000000,0.00776083,0.03040025,0.13326128,0.27003017,0.00000000,0.00000000,0.01108182,0.00271145,0.00000000,0.21082535,0.00721009,0.03307893,0.03454430,0.00106196,0.02529759,0.00224676,0.00000000,0.02512534,0.00314348,0.01397957,0.00069339,0.04900245,0.00134350,0.00000000,0.69157851,0.11677188,0.00034126,0.00000000,0.00780357,0.00523951,0.00000000,0.04672298,0.00000000,0.00000000,0.21364188,0.27202860,0.00000000,0.00000000,0.00195972,0.00480709,0.04870220,0.07828737,0.10603964,0.00063134,0.00000000,0.01863338,0.03853521,0.02628696,0.15807986,0.00000000,0.07743531,0.00000000,0.01561189,0.07005633,0.00000000,0.07561209,0.00000000,0.00313629,0.00025998,0.15550515,0.00195070,0.00000000,0.00000000,0.00000000,0.31342080,0.02345804,0.12674899,0.00000000,0.00341982,1.45001590,0.24020484,0.00000000,0.08325095,0.00000000,0.00524431,0.00000000,0.02929753,0.00000000,5.57833147,0.14974745,0.00000000,0.00000000,0.00219284,0.00000000,0.14429475,0.00060230,0.01112093,0.00000000,0.25437492,0.00240795,0.00000000,0.00000000,0.00000000,0.00000000,0.00000000,0.00082166,0.00092292,0.01091364,0.04075614,0.55619240,0.01672494,0.06079755,0.07974017,0.13393186,0.00000000,0.28154790,0.00000000,0.16923334,0.00000000,0.16783312,0.00000000,0.00295290,0.17161542,0.02145116,0.36875585,0.01552787,0.01498752,0.00000000,0.01578218,0.00558644,0.00000000,0.00632837,0.02437149,0.44256571,0.00000000,0.00000000,0.28393999,0.10587483,0.00331566,0.00000000,0.00000000,0.00071042,0.14755955,0.07565872,0.00092588,1.86317003,0.02643557,2.12216997,0.00000000,0.00000000,0.06212458,0.00000000,0.01345420,0.00000000,0.13735886,0.00202844,0.00000000,0.00020741,0.04605077,0.00000000,0.13116884,0.18533748,0.02486043,0.02271599,0.00000000,0.00000000,0.00184769,0.02283840,0.00198592,0.06226604,0.00000000,0.00000000,0.00000000,0.00453575,0.00971341,0.18355951,0.00000000,0.00846842,0.00257910,0.00110727,0.02168205,0.00625892,0.00000000,0.00330673,0.00335218,0.01993566,0.00000000,0.00561506,0.03379052,0.00343040,0.01893264,0.03170032,0.00000000,0.00000000,0.64506489,0.00000000,0.01996620,0.22209372,0.02784635,0.00000000,0.01205880,0.00156841,0.00305979,0.33355963,0.21012093,0.11018656,0.00246685,0.00017436,0.00297483,0.00662566,0.05479591,0.30886552,0.00125451,0.00058425,0.01122165,0.01747724,0.00242500,0.00022392,0.24419865,0.00079247,0.12568256,0.00227785,0.00000000,1.80741096,0.00347668,0.00000000,0.00000000,0.02754099,0.24348448,0.00041098,0.00000000,0.00000000,0.00328480,0.00000000,0.00178412,0.00972859,0.17238505,0.02432649,0.00000000,0.00000000,0.00000000,0.00433465,0.00292316,0.00000000,0.00193062,0.00000000,0.00060607,0.00130015,0.00445868,0.14185187,0.06903686,0.00000000,0.05317485,0.41640890,0.00152220,0.01188004,0.00000000,0.00000000,0.00000000,0.01445053,0.00808846,0.00000000,0.00000000,0.02278158,0.03722068,0.00000000,0.00016863,0.00000000,0.02465328,0.00047762,0.00000000,0.01585351,0.00095189,0.39444304,0.16660228,0.63676625,0.06920446,0.10717278,0.30088881,0.00000000,0.00055646,0.12988080,0.01706614,0.64719570,0.20219424,0.00000000,0.00000000,0.10386912,0.03779254,0.01328488,0.01346912,0.15105115,0.06058937,0.00166770,0.01900409,0.00107575,0.08578336,0.00000000,0.00000000,0.00000000,0.36744732,0.07103857,0.00053201,0.01151180,0.15156502,0.12906954,0.26922739,0.00000000,0.00200867,0.01372284,0.01373498,0.00000000,0.11832232,0.01855368,0.00000000,0.00000000,0.00000000,0.00118251,0.00256050,0.00174355,0.01560491,0.00648957,0.00000000,0.37576866,0.00000000,0.00907015,0.43757391,0.00000000,0.00211245,0.00000000,0.04114915,0.53452945,0.00953262,0.28959814,0.00441622,0.00681921,0.17171094,0.00140100,0.03614809,0.00000000,0.14629757,0.03917546,0.00038027,0.02475977,0.00074330,0.00000000,0.01579965,0.16814058,0.00537940,0.41823381,0.02812114,0.00000000,0.05821929,0.04876152,0.00000000,0.92312270,0.08248027,0.01056273,0.00000000,0.00347853,0.02982537,0.00031306,0.03911963,0.00049602,0.00000000,0.00149485,0.00000000,0.05947010,0.00000000,0.00000000,0.00000000,0.02216928,0.06634657,0.00196241,0.00819494,0.40821543,0.01818099,0.09157049,0.10158583,0.08247139,0.00000000,0.26864398,0.03321650,0.01709481,0.00000000,0.00000000,0.01190880,0.00866140,0.00000000,0.01968844,0.01386287,0.00000000,0.00000000,0.11695432,0.15560314,0.00987908,0.03378468,0.02670256,0.25102204,1.39946926,0.00000000,0.00154323,0.23786093,0.00021049,0.01040431,0.09619708,0.09926538,0.01250237,0.00000000,0.01295745,0.01249880,0.02865928,0.00000000,0.00000000,0.07654657,0.70720464,0.00835647,0.20756422,0.00000000,0.03286831,0.04864897,0.06053873,0.14628083,0.04256312,0.00535916,0.01013322,0.12746844,0.07481990,0.08715143,0.00000000,0.00000000,0.02488670,0.00990915,0.23232572,1.00423145,0.10650246,0.00119864,0.00509893,0.00000000,0.00520238,0.00000000,0.01431402,0.00000000,0.01819198,0.00059467,0.01980202,0.00000000,0.23486173,0.09404837,0.00072665,0.04259894,0.00000000,0.14989549,0.01301946,0.03573419,0.10929853,0.01091720,0.00125828,0.00813645,0.00071127,1.18282008,0.00000000,0.00000000,0.01100941,0.01514739,0.06887311,0.04140681,0.00353795,0.02136252,0.00000000,0.00163165,0.11555122,0.50335705,0.01227216,0.06294463,0.00188093,0.09534465,0.06351204,0.01363022,0.46976361,0.00089404,0.00635469,0.00059723,0.00788001,0.00000000,0.01392330,0.00000000,0.00969919,0.01292843,0.00000000,0.00000000,0.00059378,0.00000000,0.01631966,0.01449155,1.05278742,0.00000000,0.00374715,0.00246550,0.00000000,0.01297102,0.13644341,0.00561951,0.06432000,0.00000000,0.03671306,0.10712135,0.00000000,0.00195109,0.00000000,0.00000000,0.10839766,0.00000000,0.00307043,0.00000000,0.51574194,0.88327229,0.00000000,0.02155155,0.03209575,0.13850315,0.07818507,0.05124828,0.01288939,0.00000000,0.00000000,0.03899835,0.71157551,0.37558010,0.00039118,0.00450821,0.04151645,0.00000000,0.00000000,0.21013856,0.02530384,0.15860514,0.00000000,0.00000000,0.03936215,0.00137013,0.78384757,0.14841127,0.00000000,0.00000000,0.00000000,0.00060499,0.05627523,0.09869072,0.01986400,0.00201188,3.98157620,0.00000000,0.00000000,0.00000000,0.46362153,0.07647828,0.00000000,0.03608600,0.00297301,0.00000000,0.10661235,0.00305386,0.00748956,0.00000000,0.00000000,0.01592619,0.00000000,0.12780373,0.00000000,0.00397023,0.00069874,0.00000000,0.00317761,0.00000000,0.00428014,0.04027871,0.00086937,0.00000000,0.02242647,0.18152177,0.04195825,0.00171772,0.00431055,0.00227742,0.00508486,0.04558976,0.00307922,0.00864151,0.00000000,0.00000000,1.15067255,0.02526688,0.01865385,0.00000000,0.05431859,0.12928738,0.00248717,0.00000000,0.00000000,0.00288743,0.00537509,0.47804955,0.54663914,0.00000000,0.00578570,1.07907236,0.00087407,0.00000000,0.00000000,0.03311975,0.04017124,0.22130680,0.00000000,0.18402739,0.00000000,0.00000000,0.00000000,0.00589985,0.27407375,0.16341150,0.00000000,0.00207279,0.00882941,0.00000000,0.72151852,0.00000000,0.06697615,0.00059237,0.00400451,0.34025103,0.15737404,0.99645573,0.00112785,0.00049961,0.00000000,0.38138968,0.00000000,0.00000000,0.15459374,0.00093301,0.02342329,0.36228764,0.54838413,0.00424212,0.00442227,0.01903221,0.00306696,0.05462624,0.05269750,0.00481502,0.32035565,0.00444150,0.01559925,0.36693472,0.05519635,0.03059956,0.11848737,0.00808052,0.03100048,0.38054234,0.00101806,0.01585682,0.04587231,0.01130915,0.00486531,0.03689657,0.13382016,0.03097123,0.00000000,0.23805048,0.00000000,0.01171078,0.01368930,0.00127028,0.00946021,0.00000000,0.00000000,0.00424265,0.14593256,0.00000000,0.00879826,0.01054428,0.19449423,0.02500686,0.00437592,0.00032244,0.00317173,0.00003826,0.09528061,0.04240268,0.00143471,0.01963223,0.00000000,0.02610675,0.06230481,0.13067821,0.18802392,0.03197733,0.00000000,0.16978265,0.24044600,0.00000000,0.00986983,0.91140991,0.24683110,0.06609547,0.12487014,0.00145284,0.00000000,0.37242666,0.00000000,0.00012724,0.00218015,0.00032833,0.01475072,0.00000000,0.00484219,0.00000000,0.30930170,0.00000000,0.00000000,0.09530445,0.27224338,0.00046620,0.00000000,0.09013350,0.02250597,0.00165408,0.00091914,0.00000000,0.19622013,0.00000000,0.02200374,0.00220675,0.00000000,0.00000000,0.04537786,0.00179580,0.03481688,0.01146208,0.12904720,0.00027721,0.11651149,0.00147306,0.00288717,0.02093677,0.00000000,0.00000000,0.06632277,0.05020560,0.11273929,0.09102983,0.13177691,0.05116887,0.03715227,0.03870933,0.00583080,0.00766096,0.20632912,0.03338703,0.03605347,2.65216851,0.00336441,0.00000321,0.00000000,0.00119292,0.01246180,0.52111077,0.27429014,0.00000000,0.01723976,0.19178432,0.01066447,0.00961477,0.01356566,0.00166669,0.00150984,0.04443282,0.00000000,0.00000000,0.00359230,0.00000000,0.00088072,0.00000000,0.00000000,0.00469599,0.15809913,0.00000000,0.00313796,0.02026809,0.00000000,1.41950810,0.07813004,0.00000000,0.29324073,0.00000000,0.00000000,0.01255409,0.11616527,0.00042094,0.00733908,0.00000000,0.02646325,0.00000000,0.00000000,0.00100575,0.19574474,0.49845687,0.00000000,0.02605903,0.00000000,0.27568898,0.00610405,0.00000000,0.03353582,0.00000000,0.00000000,0.15117040,0.14627534,1.49093378,0.01438722,0.00377862,1.63133931,0.00000000,0.18801589,0.00000000,0.07200308,0.00032257,0.00088523,0.00000000,0.00978425,0.05924190,0.00000000,0.00000000,0.00000000,0.00325080,0.00000000,0.00144706,0.01770946,0.00940263,0.00660824,0.00000000,0.25560677,0.00000000,0.07956734,0.10183890,0.15660436,0.00000000,0.00026691,0.09762637,0.00000000,0.01227244,0.00000000,0.00000000,0.08908981,0.03887957,0.00000000,0.02967098,0.05259732,0.01056403,0.03043558,0.00000000,0.01010101,0.00000000,0.06136233,0.00430841,0.00000000,0.02132073,0.04207361,0.00000000,0.08548489,0.02330993,0.00000000,0.00111153,0.02087194,0.01912831,0.79271734,0.07791531,0.00000000,0.00049625,0.00000000,0.21617925,0.00000000,0.02260601,0.14733526,0.00000000,0.50876719,0.13391025,0.00000000,0.00000000,0.02141847,0.05654177,0.11871992,0.00118936,0.00000000,0.00417429,0.00836116,0.00000000,0.00005053,0.06673954,0.76811147,0.00352265,0.00000000,0.18706574,0.00000000,0.07846194,0.00000000,0.01993825,0.04894588,0.00146026,0.00000000,0.00000000,0.00111280,0.04788913,0.06991433,0.01226553,0.00069846,0.00147913,0.00000000,0.00000000,0.23358706,0.01782607,0.00690429,0.00000000,0.03309154,0.00000000,0.26679319,0.32345837,0.00483732,0.00000000,0.00000000,0.00257171,0.40335691,0.30790496,0.04352151,0.41452095,0.02830193,0.02040639,0.06179945,0.00730705,0.17459859,0.00000000,0.00000000,0.17537902,0.01948323,0.00596365,0.00000000,0.00917190,0.10789589,0.08688329,0.00000000,0.03787902,0.00039953,0.00774710,0.00076737,0.01396582,0.03678632,0.00007427,0.00000000,0.04551321,0.02770766,0.00000000,0.29674548,0.00683416,0.01538632,0.00000000,0.00173184,0.00082698,0.00000000,0.11218568,0.00447057,0.00000000,0.09172970,0.01267781,0.10716626,0.34016168,0.57604706,0.00612381,0.00738476,0.00000000,0.00337584,0.00000000,0.00223961,0.00000000,0.00000000,0.43718493,0.01562283,0.01976606,0.01748322,0.25142193,0.00138637,3.10456324,0.00012623,0.00062726,0.00805692,0.00000000,0.00435156,0.00661700,0.02951703,0.02062296,0.75621682,0.06162716,0.00017075,0.08202593,0.08352485,0.00000000,0.00000000,0.00000000,0.00462101,0.00000000,0.00000000,0.00000000,0.11238950,0.01565190,0.00000000,0.03385632,0.00000000,0.00000000,0.00000000,0.00000000,0.12346257,0.00000000,0.01690802,0.00231984,0.00172216,0.12365088,0.00477115,0.01140407,0.04641868,0.00041410,0.00000000,0.00000000,0.43908238,0.01021931,0.02792937,0.06100935,0.00347431,0.06657065,0.01237423,0.00147643,0.00097922,0.02854213,0.00000000,0.00000000,0.00380251,0.01960658,0.19614215,0.18716924,0.09971853,0.04011448,0.00000000,0.08803007,0.00000000,0.00000000,0.00000000,0.00000000,0.07670821,0.00000000,0.05066311,0.00000000,0.02367172,0.00348574,0.05788307,0.00695793,0.00754237,0.06509532,0.00130376,0.66503048,0.42514318,0.00000000,0.74646330,0.00006209,0.04387411,0.03673800,0.00326525,0.00000000,0.00000000,0.00039566,0.00100837,0.00130141,0.00000000,0.17440951,0.03749217,0.01595813,0.00000000,0.12850946,0.00346990,0.00000000,0.00781587,0.03557134,0.00000000,0.00000000,0.00024425,0.00000000,0.00852858,0.00046674,0.23937550,0.08108621,0.07417342,0.00000000,0.23298837,0.03824069,0.00610624,0.00000000,0.00067943,0.26820117,0.12092961,0.48820055,0.00085619,0.13487361,0.00000000,0.04854353,0.15078424,0.04098795,0.00000000,0.01676761,0.00740218,0.00134047,0.00000000,0.29840711,0.02293783,0.01429969,0.00000000,0.00000000,0.14508055,0.01987400,0.29021111,0.00154261,0.05539412,0.00000000,0.06150889,0.00000000,0.00169308,0.15507972,0.01917685,0.00000000,0.18750937,0.00449886,0.00064157,0.03243253,0.00330495,0.00000000,0.00317825,0.35306078,0.00000000,0.00110967,0.11021871,0.02624441,0.00000000,0.00803832,0.00000000,0.02199836,0.00071084,0.00000000,0.00318143,0.00113408,0.00435854,0.05241828,0.08422495,0.00000000,0.00000000,0.01109002,0.00638651,0.04246530,0.06025725,0.00000000,0.00007443,1.46754682,0.00034500,0.66365463,0.00995093,0.04732156,0.15807284,0.00460721,0.03505207,0.23162305,0.00000000,0.00507009,0.03414041,0.00000000,0.00000000,0.13305660,0.00000000,0.00396356,0.13788116,0.00003058,0.00104784,0.00115078,0.00000000,0.00000000,0.03889316,0.00062888,0.01456062,0.01641209,0.00154325,0.05142115,0.00763598,0.00685784,0.00427538,0.00000000,0.00000000,0.01536049,0.00335395,0.97241372,0.00000000,0.04693048,0.08656553,0.04617257,0.00000000,0.00000000,0.01245652,0.01700977,0.00700457,0.00862056,0.00000000,0.00000000,0.00043576,0.03378874,0.01602340,0.00423207,1.60710382,0.00000000,0.00852614,0.00240198,0.96713114,0.02934458,0.00000000,0.04141558,0.04647028,0.00000000,0.02721235,0.00000000,0.01679736,0.00000000,0.01033246,0.00492297,0.00000000,0.03874210,0.00000000,0.03110100,0.00157042,0.02826934,0.00352700,0.00005273,0.00369857,0.00000000,0.05068756,0.25492287,0.02356462,0.04734780,0.00000000,0.04526770,0.04409159,0.12892362,0.01404843,0.00000000,0.00809919,0.00109769,0.00000000,0.31221911,0.08254045,0.67053199,0.00101214,0.00040721,0.00000000,0.00000000,0.10269650,0.03581889,0.00037100,0.19774537,0.21943590,0.02962463,0.15909812,0.00000000,0.00000000,0.00180050,0.17449141,0.20839334,0.27254105,0.00000000,0.00448639,0.04345399,0.00489957,0.17986757,0.17864117,0.15769461,0.13857247,0.00000000,0.00000000,0.26757929,0.00028772,0.02971441,0.00000000,0.13857546,0.00000000,0.52829075,0.00000000,0.00000000,0.00028303,0.05590056,0.00000000,0.00165619,0.15882012,0.02812662,0.24812366,0.62478781,0.00000000,0.00096180,0.00589804,0.00536101,0.04415571,0.00721540,0.55930108,0.00000000,0.00430582,0.00000000,0.00016237,0.16412511,0.00000000,0.00150354,0.00972183,0.00000000,0.00115749,0.00000000,0.14756310,0.00000000,0.11319707,0.00149403,0.00140210,0.00000000,0.00239284,0.00432781,0.02496740,0.00142257,0.00405004,0.03105416,0.00000000,0.70699769,0.00076676,0.00000000,0.01664379,0.00000000,0.04039060,0.02333472,0.00406935,0.03369571,0.02211314,0.00000000,0.04631706,0.01627016,0.00000000,0.00000000,0.00000000,0.00000000,0.00000000,0.16307274,0.00007714,0.05496007,0.12450576,0.03688209,0.00273499,0.00356082,0.03630279,0.04067919,0.01356425,0.07435272,0.00304453,0.00127460,0.38454309,0.02061722,0.00453262,0.06737367,0.00354391,0.17387806,0.01531446,0.07797892,0.00000000,0.00034943,0.00894707,0.00636852,0.00000000,0.00000000,0.00381975,0.03248609,0.02368942,0.00444998,0.00425447,0.00000000,0.10307109,0.00000000,0.02732038,0.02651999,0.00987783,0.03899140,0.00753139,0.11810986,0.04566304,0.00794574,0.00000000,0.00118180,0.09589698,0.00000000,0.16001652,0.01118447,0.04881751,0.05683878,0.09149718,0.00000000,0.00323320,0.00164417,0.00000000,0.06398066,0.00172555,0.02571939,0.01060445,0.02023181,0.00000000,0.00000000,0.00000000,0.00964520,0.04579145,0.00507001,0.00466802,0.00792663,0.00917723,0.09934877,0.00695226,0.01335166,0.03051157,0.02379820,0.00000000,0.00000000,0.01257251,0.08057479,0.00000000,0.02989258,0.00943451,0.01009642,0.00609137,0.00000000,0.01704944,0.01049600,0.04632362,0.06200518,0.00122431,0.01591465,0.12044252,0.00000000,0.01173721,0.00000000,0.00000000,0.00000000,0.00653224,0.38337961,0.00000000,0.25181690,0.00337544,0.00494519,0.08370483,0.00000000,0.40187964,0.00123059,0.00191003,0.02711136,0.00013669,0.00000000,0.00033632,0.06200242,0.00560162,0.05009735,0.00000000,0.14247179,0.00000000,0.00000000,0.05171838,0.08787838,0.00000000,0.00000000,0.00587687,0.00730655,0.10491933,0.00000000,0.00000000,0.00578395,0.09116329,0.00172239,0.00095965,0.00000000,0.00034989,0.00123400,0.00132691,0.00752216,0.07682250,0.03012055,0.04864399,0.01730181,0.00317858,0.00000000,0.08679699,0.00000000,0.02210844,0.01539668,0.00034389,0.00000000,0.05186174,0.00000000,0.00071361,0.01473195,0.01595211,0.00657532,0.01838988,0.03842408,0.00000000,0.00830624,0.00000000,0.00000000,0.00000000,0.01908262,0.06818344,0.04349429,0.00030629,0.01757346,0.03550898,0.01777255,0.00563798,0.00000000,0.05572234,0.01108938,0.00115590,0.00000000,0.00491963,0.00000000,0.03859254,0.00698538,0.00000000,0.00867210,0.18273643,0.00000000,0.10390754,0.00380571,0.02869542,0.07182976,0.05104979,0.01148393,0.62331468,0.10109857,0.01055592,0.03978004,0.06149014,0.00000000,0.00000000,0.05072555,0.00000000,0.04502161,0.07585762,0.01234546,0.00000000,0.35745093,0.00000000,0.00028952,0.00805287,0.06432648,0.00391289,0.03580139,0.00938123,0.00000000,0.00000000,0.00494688,0.05222928,0.01215136,0.00927857,0.00000000,0.00000000,0.00000000,0.00000000,0.26773772,0.00612021,0.02061717,0.00741692,0.00108991,0.00226575,0.01172125,0.00985502,0.00901442,0.31810698,0.00169416,0.03071631,0.00476511,0.00166024,0.00000000,0.01839517,0.00000000,0.03579124,0.01170424,0.00299211,0.09871859,0.08751639,0.01352199,0.12823728,0.00018725,0.00226322,0.00000000,0.03016710,0.07108320,0.07701965,0.08641612,0.00000000,0.00000000,0.05496557,0.10102207,0.26648334,0.02713229,0.00000000,0.06899966,0.00409362,0.01947949,0.03587715,0.00993635,0.00766758,0.11147340,0.06626999,0.01248905,0.02750063,0.01383222,0.00009578,0.08430017,0.03810772,0.00556570,0.00404641,0.02414128,0.00000000,0.00191394,0.01652096,0.02554074,0.01845974,0.02639873,0.00322332,0.00000000,0.03595928,0.00000000,0.08238144,0.00000000,0.00023032,0.01507985,0.01788300,0.00000000,0.09122538,0.03093091,0.02900006,0.03656328,0.00268342,0.01230047,0.02663680,0.01628844,0.00000000,0.00806879,0.07474910,0.00000000,0.00546258,0.00133053,0.23886491,0.00000000,0.07642882,0.00000000,0.00000000,0.00000000,0.01091128,0.00048565,0.00967444,0.02812221,0.00085601,0.00519348,0.00000000,0.00276650,0.01174579,0.02181505,0.01975089,0.02046643,0.01043561,0.00074944,0.00000000,0.00000000,0.00000000,0.01722841,0.01820937,0.02665147,0.00593678,0.12145292,0.05602059,0.00000000,0.01761402,0.03386004,0.04310647,0.00006826,0.01773348,0.06456528,0.00780294,0.02935589,0.10525262,0.06308347,0.02523890,0.00000000,0.03184149,0.01608419,0.00000000,0.00000000,0.02561346,0.00000000,0.01324806,0.05453542,0.00615334,0.00000000,0.04594075,0.05057279,0.00609963,0.01175866,0.00000000,0.00338270,0.00000000,0.00000000,0.00223124,0.38355622,0.00000000,0.02018501,0.05908550,0.01974191,0.00566383,0.04725416,0.02577344,0.00884845,0.00928021,0.03077381,0.00365976,0.00000000,0.00000000,0.00000000,0.05438327,0.01373858,0.05521057,0.00000000,0.00293765,0.00000000,0.00000000,0.00000000,0.00000000,0.00223303,0.01042796,0.01796863,0.00806169,0.04427204,0.03962195,0.00000000,0.00000000,0.08936386,0.03737664,0.11561013,0.10083085,0.00000000,0.00795591,0.00020330,0.00203286,0.08871548,0.01919680,0.04249358,0.00187533,0.04377124,0.18413457,0.00000000,0.00000000,0.00925812,0.15663111,0.04598663,0.06825631,0.01254628,0.00303195,0.00000000,0.03242185,0.01692954,0.00779695,0.02080568,0.01491521,0.00000000,0.02430994,0.09149244,0.00340797,0.05686431,0.04611249,0.03616023,0.07740137,0.04017433,0.01594167,0.00000000,0.00980485,0.00000000,0.00348857,0.00785786,0.02166141,0.03445213,0.19316831,0.01301246,0.02417086,0.13870978,0.00000000,0.01321813,0.01874107,0.01051138,0.00000000,0.01979758,0.03958689,0.05530136,0.01096754,0.04925094,0.01917895,0.00035034,0.07534270,0.00136124,0.01893198,0.03416850,0.00939164,0.01547875,0.00019709,0.00780807,0.00000000,0.01343781,0.00529872,0.00000000,0.01383331,0.02950184,0.04438433,0.00941495,0.09945683,0.00000000,0.00765376,0.00771729,0.00000000,0.00790541,0.11080166,0.00755925,0.00000000,0.00950534,0.06274185,0.00455013,0.00639780,0.00000000,0.02607469,0.00000000,0.00000000,0.06630666,0.00000000,0.00496227,0.02488148,0.00000000,0.03333244,0.03079259,0.00123021,0.05795589,0.03049047,0.00000000,0.00419091,0.00765480,0.01529113,0.00000000,0.01301000,0.05512480,0.01053129,0.00000000,0.00714882,0.02629454,0.00476500,0.10098173,0.01582224,0.00000000,0.14318185,0.00875988,0.01295247,0.00565081,0.01857635,0.01121946,0.00000000,0.24692015,0.00404832,0.00301964,0.09368073,0.01647829,0.00512960,0.01113978,0.08228702,0.00155062,0.00000000,0.01351058,0.02809381,0.00000000,0.00537077,0.01259751,0.00295462,0.00022391,0.01902231,0.01258198,0.00000000,0.19154644,0.03078578,0.00000000,0.02410236,0.02998294,0.01615223,0.00000000,0.02645435,0.00000000,0.05631341,0.02837706,0.10411284,0.03956483,0.00258165,0.01406150,0.00000000,0.00000000,0.00249970,0.05317578,0.00008871,0.02485430,0.00342732,0.00000000,0.00000000,0.00732743,0.00000000,0.03944977,0.01850784,0.02753944,0.00265469,0.00176677,0.03743093,0.00000000,0.00000000,0.00000000,0.01458523,0.03066391,0.00000000,0.00000000,0.02726264,0.04388359,0.01525770,0.00190189,0.01126448,0.00000000,0.00000000,0.06538717,0.00000000,0.12521243,0.00374304,0.00000000,0.00000000,0.00000000,0.04168896,0.09452102,0.05515685,0.03053007,0.03749711,0.04209615,0.00000000,0.03346742,0.02054586,0.00000000,0.05294370,0.10315224,0.00030807,0.00286436,0.00000000,0.02054406,0.01327325,0.01508853,0.00000000,0.00000000,0.00000000,0.01319035,0.00019475,0.01028999,0.00000000,0.00000000,0.00000000,0.00066363,0.12684387,0.01120149,0.01201679,0.00136627,0.01215250,0.00051082,0.02581668,0.01476542,0.04429938,0.00256802,0.11758565,0.02045902,0.00000000,0.00000000,0.05647955,0.00491141,0.00415108,0.05135459,0.04919649,0.01157125,0.32715330,0.01754652,0.00313062,0.03647998,0.00392933,0.00765773,0.03942719,0.00000000,0.01670574,0.10958842,0.25410455,0.01408335,0.01268521,0.01168848,0.01838704,0.00444538,0.03321332,0.00000000,0.00000000,0.00000000,0.00000000,0.02718827,0.12255513,0.13121249,0.01303759,0.02250518,0.03937500,0.04752934,0.22825427,0.11760904,0.00000000,0.20414251,0.00032260,0.00000000,0.02001561,0.00189291,0.01199281,0.00431259,0.00000000,0.00000000,0.00000000,0.00053659,0.00000000,0.04148182,0.07435241,0.09060118,0.00000000,0.04480381,0.01475921,0.01283434,0.06528872,0.00000000,0.02302702,0.00675608,0.00000000,0.00118718,0.00000000,0.00657488,0.04727262,0.06403955,0.07174949,0.00000000,0.00000000,0.01563811,0.00307162,0.00000000,0.07270148,0.00686109,0.00862586,0.03509152,0.00277321,0.01244906,0.00326139,0.00000000,0.02976315,0.00680199,0.01100721,0.00183453,0.03548163,0.00302551,0.00000000,0.06058766,0.03111973,0.00078008,0.00000000,0.00714206,0.00515146,0.00000000,0.04116252,0.00000000,0.00000000,0.06009838,0.07140121,0.00000000,0.00000000,0.00372330,0.00907040,0.01902736,0.02752980,0.07216153,0.00131700,0.00000000,0.01256715,0.01968228,0.01283264,0.06534430,0.00000000,0.02648742,0.00000000,0.01821126,0.05120052,0.00000000,0.02996725,0.00000000,0.00328523,0.00045042,0.11534219,0.00516106,0.00000000,0.00000000,0.00000000,0.08240663,0.01472475,0.03200193,0.00000000,0.00621820,0.24459258,0.07940097,0.00000000,0.02249881,0.00000000,0.00553314,0.00000000,0.03166297,0.00000000,0.24189956,0.05232045,0.00000000,0.00000000,0.00386130,0.00000000,0.05391119,0.00104140,0.01255503,0.00000000,0.08657272,0.00637085,0.00000000,0.00000000,0.00000000,0.00000000,0.00000000,0.00217392,0.00244183,0.01143072,0.02278168,0.10695625,0.01927913,0.01081480,0.04899460,0.04993901,0.00000000,0.06884500,0.00000000,0.09766155,0.00000000,0.09564701,0.00000000,0.00460311,0.06657026,0.01006855,0.24696748,0.01066996,0.01666313,0.00000000,0.02006113,0.00570349,0.00000000,0.00803569,0.01809646,0.07510271,0.00000000,0.00000000,0.24632730,0.06732738,0.00341228,0.00000000,0.00000000,0.00187959,0.12136962,0.02557743,0.00244966,0.11473170,0.02872509,0.54018193,0.00000000,0.00000000,0.04001602,0.00000000,0.01675574,0.00000000,0.09398426,0.00301550,0.00000000,0.00054875,0.02568400,0.00000000,0.04557211,0.08478187,0.02427157,0.01289328,0.00000000,0.00000000,0.00245827,0.02556783,0.00408210,0.05631131,0.00000000,0.00000000,0.00000000,0.00955898,0.00944146,0.11368949,0.00000000,0.00536143,0.00334884,0.00292957,0.02334701,0.01391994,0.00000000,0.00734774,0.00453172,0.02863968,0.00000000,0.00971268,0.01781885,0.00595480,0.02428284,0.01623650,0.00000000,0.00000000,0.11582607,0.00000000,0.01423823,0.05944577,0.02616405,0.00000000,0.01193238,0.00275681,0.00809544,0.04153809,0.12749808,0.03651421,0.00356997,0.00046131,0.00359181,0.01193385,0.03128642,0.08913834,0.00331913,0.00154577,0.01432019,0.01414380,0.00469326,0.00059244,0.06791813,0.00209668,0.05072373,0.00602662,0.00000000,0.16829582,0.00649772,0.00000000,0.00000000,0.02741910,0.10002141,0.00108736,0.00000000,0.00000000,0.00819722,0.00000000,0.00375731,0.00720726,0.09870389,0.02171788,0.00000000,0.00000000,0.00000000,0.00950227,0.00773395,0.00000000,0.00424763,0.00000000,0.00160351,0.00343988,0.00557689,0.02889518,0.03084867,0.00000000,0.03290589,0.16747682,0.00281260,0.01016413,0.00000000,0.00000000,0.00000000,0.01509308,0.00847708,0.00000000,0.00000000,0.02058553,0.01086901,0.00000000,0.00044615,0.00000000,0.02509118,0.00126366,0.00000000,0.01040072,0.00251846,0.11599658,0.07237412,0.07094938,0.02179733,0.07368098,0.12243491,0.00000000,0.00147225,0.09274550,0.01084882,0.14958985,0.10141620,0.00000000,0.00000000,0.04230428,0.04108506,0.03428471,0.01191511,0.08707800,0.01455148,0.00318428,0.01724557,0.00187713,0.02109014,0.00000000,0.00000000,0.00000000,0.13290782,0.03078259,0.00134365,0.01434908,0.10922884,0.01562509,0.11279400,0.00000000,0.00231250,0.00750211,0.01096314,0.00000000,0.02695507,0.00859222,0.00000000,0.00000000,0.00000000,0.00204915,0.00493237,0.00431473,0.00658318,0.00741821,0.00000000,0.08155582,0.00000000,0.01143681,0.23209596,0.00000000,0.00365888,0.00000000,0.03034990,0.16176240,0.00981820,0.21479532,0.00818475,0.01519268,0.07801705,0.00256063,0.02865889,0.00000000,0.10129203,0.03030571,0.00066353,0.01632375,0.00196659,0.00000000,0.01474989,0.08017701,0.00526694,0.06256093,0.00956435,0.00000000,0.02913101,0.02748898,0.00000000,0.21286868,0.01639603,0.01638653,0.00000000,0.00439039,0.01916028,0.00082828,0.05444190,0.00126038,0.00000000,0.00263247,0.00000000,0.01385108,0.00000000,0.00000000,0.00000000,0.01390813,0.02280547,0.00270280,0.00912280,0.21766260,0.01889983,0.01917390,0.05185838,0.01552222,0.00000000,0.09405206,0.01623106,0.02147304,0.00000000,0.00000000,0.00830266,0.01030736,0.00000000,0.05209071,0.01611122,0.00000000,0.00000000,0.02651031,0.01572840,0.01295558,0.01904562,0.02639615,0.03220516,0.19786116,0.00000000,0.00408301,0.06162887,0.00055691,0.00924982,0.04556256,0.05601085,0.01643873,0.00000000,0.01338869,0.01381241,0.02211283,0.00000000,0.00000000,0.02459145,0.16681363,0.01472326,0.04377833,0.00000000,0.02863575,0.01443608,0.06180998,0.02424322,0.06795391,0.00538876,0.01470491,0.03370793,0.01710364,0.08354171,0.00000000,0.00000000,0.01600211,0.00620471,0.11590606,0.40982336,0.06187576,0.00317130,0.00665226,0.00000000,0.01322083,0.00000000,0.02846106,0.00000000,0.01569425,0.00157335,0.02712990,0.00000000,0.07249761,0.04587766,0.00132622,0.05044454,0.00000000,0.03985614,0.00899460,0.01742741,0.07219386,0.01087295,0.00153028,0.01905223,0.00131113,0.17286099,0.00000000,0.00000000,0.01187888,0.01277220,0.05165216,0.02836518,0.00427564,0.01045828,0.00000000,0.00431694,0.04889610,0.05371267,0.00743728,0.01747498,0.00485814,0.09305361,0.02310809,0.01537137,0.18083808,0.00236541,0.01681293,0.00158012,0.00584187,0.00000000,0.01639291,0.00000000,0.01381645,0.00480175,0.00000000,0.00000000,0.00157099,0.00000000,0.01234776,0.01951728,0.10954723,0.00000000,0.00991403,0.00383845,0.00000000,0.01162660,0.01430596,0.00730806,0.03195534,0.00000000,0.01341035,0.04074781,0.00000000,0.00516210,0.00000000,0.00000000,0.02974127,0.00000000,0.00458453,0.00000000,0.14401917,0.29160678,0.00000000,0.02042311,0.02463463,0.09089982,0.04571470,0.01419571,0.01260850,0.00000000,0.00000000,0.01810974,0.34581816,0.09596548,0.00068155,0.00335551,0.02509177,0.00000000,0.00000000,0.03981855,0.01754043,0.09261312,0.00000000,0.00000000,0.02751356,0.00200745,0.20569311,0.06191947,0.00000000,0.00000000,0.00000000,0.00160066,0.03486744,0.06903639,0.01500766,0.00230288,0.14850888,0.00000000,0.00000000,0.00000000,0.13566646,0.04787063,0.00000000,0.03345162,0.00770475,0.00000000,0.07399558,0.00807975,0.01022684,0.00000000,0.00000000,0.00948205,0.00000000,0.05258878,0.00000000,0.00919381,0.00128787,0.00000000,0.00494629,0.00000000,0.01132419,0.02379960,0.00150586,0.00000000,0.01119457,0.02485148,0.02731226,0.00249624,0.01014783,0.00518098,0.00594466,0.02807457,0.00381755,0.01609990,0.00000000,0.00000000,0.21903981,0.01654468,0.00697417,0.00000000,0.03051742,0.03286827,0.00449327,0.00000000,0.00000000,0.00454770,0.00429374,0.14919390,0.27468225,0.00000000,0.00552156,0.11682200,0.00231258,0.00000000,0.00000000,0.02617408,0.03734641,0.06915841,0.00000000,0.04683382,0.00000000,0.00000000,0.00000000,0.01113973,0.12870987,0.05232466,0.00000000,0.00380144,0.01119536,0.00000000,0.13123864,0.00000000,0.02128493,0.00156726,0.00709256,0.06049812,0.07895239,0.34624797,0.00298401,0.00132183,0.00000000,0.04882881,0.00000000,0.00000000,0.05545364,0.00246850,0.01024628,0.28761941,0.32191458,0.00412266,0.00766836,0.03742883,0.00518565,0.04653708,0.02221799,0.01228236,0.13407589,0.00710572,0.01870323,0.11254352,0.03572501,0.01938844,0.03632971,0.01104591,0.02326206,0.08710459,0.00193103,0.01215790,0.02293820,0.01127950,0.00855384,0.03748364,0.04672379,0.01855022,0.00000000,0.03342438,0.00000000,0.01203692,0.01342038,0.00336085,0.00956965,0.00000000,0.00000000,0.00850308,0.10946307,0.00000000,0.01226725,0.02789754,0.04865050,0.02060027,0.01152552,0.00085311,0.00357208,0.00010122,0.03565841,0.02114058,0.00228817,0.00891073,0.00000000,0.03099564,0.05134777,0.08975269,0.11350212,0.02031098,0.00000000,0.03988546,0.08516333,0.00000000,0.01613823,0.23560834,0.09436258,0.01690111,0.04743974,0.00229779,0.00000000,0.08522890,0.00000000,0.00033664,0.00378351,0.00086867,0.02112901,0.00000000,0.01281122,0.00000000,0.05641074,0.00000000,0.00000000,0.05730650,0.06994244,0.00123345,0.00000000,0.02417263,0.02295322,0.00321557,0.00183984,0.00000000,0.06091475,0.00000000,0.02644218,0.00349265,0.00000000,0.00000000,0.04610036,0.00475125,0.04175169,0.00951164,0.08473793,0.00073342,0.03495108,0.00342971,0.00227048,0.03214598,0.00000000,0.00000000,0.01913009,0.05134180,0.01682121,0.05027778,0.02082535,0.02443205,0.01157942,0.01284456,0.01389223,0.01005456,0.02201194,0.03267354,0.04340288,0.59590805,0.00550401,0.00000849,0.00000000,0.00242806,0.00494575,0.07398111,0.13572031,0.00000000,0.00960524,0.03787336,0.01366884,0.00641187,0.01344301,0.00428795,0.00295866,0.06272419,0.00000000,0.00000000,0.00282265,0.00000000,0.00233017,0.00000000,0.00000000,0.00801624,0.06045612,0.00000000,0.00497439,0.01744321,0.00000000,0.27200222,0.05386650,0.00000000,0.11114231,0.00000000,0.00000000,0.01676080,0.04522300,0.00111370,0.01306061,0.00000000,0.01732087,0.00000000,0.00000000,0.00266095,0.06297186,0.09223987,0.00000000,0.01623398,0.00000000,0.10183807,0.01508923,0.00000000,0.01279618,0.00000000,0.00000000,0.05378827,0.03368357,0.17750643,0.02737696,0.00999730,0.21608450,0.00000000,0.11665348,0.00000000,0.03412319,0.00085344,0.00223793,0.00000000,0.00950600,0.01693620,0.00000000,0.00000000,0.00000000,0.00545911,0.00000000,0.00203323,0.02162229,0.02487702,0.01748376,0.00000000,0.05465512,0.00000000,0.05712111,0.05241933,0.04110406,0.00000000,0.00057191,0.01268770,0.00000000,0.00938186,0.00000000,0.00000000,0.03930479,0.05526026,0.00000000,0.01787222,0.06240660,0.01717610,0.03688412,0.00000000,0.01174663,0.00000000,0.01361268,0.00547774,0.00000000,0.00669603,0.04321882,0.00000000,0.03057527,0.02276103,0.00000000,0.00294084,0.03064535,0.01446433,0.12963124,0.02190666,0.00000000,0.00131294,0.00000000,0.08951348,0.00000000,0.04427962,0.04031824,0.00000000,0.11538915,0.03283312,0.00000000,0.00000000,0.01688384,0.01529386,0.02988649,0.00243826,0.00000000,0.00557794,0.01152626,0.00000000,0.00013370,0.03928009,0.18455707,0.00584832,0.00000000,0.05023229,0.00000000,0.06449376,0.00000000,0.02893238,0.02436808,0.00325073,0.00000000,0.00000000,0.00294420,0.01426859,0.03114073,0.01535562,0.00184794,0.00310853,0.00000000,0.00000000,0.18518838,0.02643787,0.00999207,0.00000000,0.01378526,0.00000000,0.03732245,0.04533665,0.00651533,0.00000000,0.00000000,0.00448518,0.17550935,0.08745742,0.01533015,0.09657808,0.02999598,0.01424016,0.02981214,0.00887452,0.03501179,0.00000000,0.00000000,0.08166614,0.01738098,0.01033620,0.00000000,0.00628232,0.05273278,0.03667719,0.00000000,0.01646215,0.00105706,0.00868484,0.00158339,0.01817347,0.02320528,0.00019650,0.00000000,0.02125841,0.01990664,0.00000000,0.08158419,0.01264388,0.02202157,0.00000000,0.00234438,0.00151560,0.00000000,0.08415526,0.00606931,0.00000000,0.03790590,0.01533636,0.13608809,0.16404778,0.16294068,0.00667545,0.00775763,0.00000000,0.00531552,0.00000000,0.00592546,0.00000000,0.00000000,0.12909830,0.02105071,0.00758481,0.03507107,0.11856672,0.00264238,0.32050925,0.00033397,0.00165957,0.01611832,0.00000000,0.01151313,0.01192666,0.01996289,0.00991106,0.29010117,0.00896056,0.00045176,0.01307204,0.05189465,0.00000000,0.00000000,0.00000000,0.00572951,0.00000000,0.00000000,0.00000000,0.03217738,0.01169013,0.00000000,0.03043294,0.00000000,0.00000000,0.00000000,0.00000000,0.03988169,0.00000000,0.02746595,0.00401808,0.00389725,0.04422736,0.00473587,0.01954522,0.02588115,0.00054704,0.00000000,0.00000000,0.06037335,0.00900983,0.01694308,0.02485373,0.00512716,0.02154850,0.03273913,0.00300710,0.00207990,0.02671943,0.00000000,0.00000000,0.00725655,0.01664373,0.05705291,0.07592056,0.05068721,0.00653649,0.00000000,0.04778318,0.00000000,0.00000000,0.00000000,0.00000000,0.07438475,0.00000000,0.04083866,0.00000000,0.03201035,0.00632158,0.01154616,0.01209708,0.01119122,0.02074429,0.00344943,0.07637455,0.12252837,0.00000000,0.14839841,0.00016427,0.04050100,0.03038527,0.00708282,0.00000000,0.00000000,0.00104681,0.00236172,0.00296892,0.00000000,0.06233219,0.02757917,0.00621821,0.00000000,0.03967423,0.00918049,0.00000000,0.00795442,0.02805364,0.00000000,0.00000000,0.00058254,0.00000000,0.00534740,0.00123489,0.05772930,0.02975788,0.02419835,0.00000000,0.06358258,0.01896475,0.00714931,0.00000000,0.00179761,0.09094007,0.06475820,0.32617411,0.00226526,0.08005162,0.00000000,0.02323795,0.02043417,0.02140046,0.00000000,0.01915024,0.01249514,0.00185397,0.00000000,0.13659115,0.01027677,0.01446001,0.00000000,0.00000000,0.03437320,0.01332844,0.09450892,0.00275665,0.05853788,0.00000000,0.06607905,0.00000000,0.00384645,0.02664262,0.01555782,0.00000000,0.06108622,0.01190286,0.00169744,0.01664219,0.00402270,0.00000000,0.00376381,0.13628487,0.00000000,0.00200795,0.03783431,0.01271758,0.00000000,0.01648032,0.00000000,0.01038827,0.00127518,0.00000000,0.00687476,0.00300049,0.01153161,0.02673124,0.02039960,0.00000000,0.00000000,0.01159600,0.01078414,0.02125167,0.01490769,0.00000000,0.00019692,0.26762468,0.00091280,0.11177306,0.00820769,0.02120682,0.08124139,0.01218952,0.03896144,0.13140866,0.00000000,0.00966608,0.02762603,0.00000000,0.00000000,0.06245296,0.00000000,0.00664526,0.05059151,0.00008092,0.00199054,0.00199326,0.00000000,0.00000000,0.02246835,0.00166385,0.03061783,0.01077481,0.00339470,0.03233385,0.01105492,0.00487927,0.01131160,0.00000000,0.00000000,0.03287107,0.00812333,0.31004044,0.00000000,0.02363747,0.01920310,0.07762571,0.00000000,0.00000000,0.01354957,0.01626713,0.00518189,0.00334570,0.00000000,0.00000000,0.00115292,0.04795529,0.02612987,0.00397939,0.16257350,0.00000000,0.01341625,0.00635505,0.40460756,0.02994928,0.00000000,0.02809231,0.03170889,0.00000000,0.01872253,0.00000000,0.02042852,0.00000000,0.01758702,0.01302495,0.00000000,0.01541763,0.00000000,0.03356431,0.00219089,0.01308788,0.00933157,0.00013952,0.00978551,0.00000000,0.04121518,0.05791136,0.01490219,0.02954146,0.00000000,0.02518138,0.02236906,0.03433741,0.02006960,0.00000000,0.01052191,0.00209282,0.00000000,0.04401407,0.06752583,0.10448664,0.00267786,0.00107738,0.00000000,0.00000000,0.01142194,0.02793803,0.00098156,0.04540259,0.11125044,0.03000542,0.04344991,0.00000000,0.00000000,0.00270513,0.08811697,0.03985127,0.05406904,0.00000000,0.00478429,0.02673029,0.00887810,0.07554463,0.03222283,0.03906154,0.05474417,0.00000000,0.00000000,0.08832306,0.00076125,0.03704718,0.00000000,0.04631970,0.00000000,0.18112402,0.00000000,0.00000000,0.00074882,0.03544403,0.00000000,0.00285232,0.03605349,0.02613416,0.03164774,0.06288076,0.00000000,0.00232874,0.00647131,0.00726954,0.02929272,0.00904723,0.13577962,0.00000000,0.00690466,0.00000000,0.00042960,0.08465089,0.00000000,0.00141749,0.00964988,0.00000000,0.00306243,0.00000000,0.05241946,0.00000000,0.09158120,0.00395283,0.00370960,0.00000000,0.00515037,0.00567749,0.02094685,0.00376377,0.00414883,0.01864680,0.00000000,0.14404012,0.00202866,0.00000000,0.01196938,0.00000000,0.02462556,0.05886130,0.00528834,0.02900365,0.03522866,0.00000000,0.02696034,0.01708846,0.00000000,0.00000000,0.00000000,0.00000000,0.00000000,0.02660377,0.00020409,0.03389076,0.06876089,0.02754639,0.00502765,0.00942105,0.01903582,0.01718886,0.02359546,0.03272673,0.00408122,0.00240625,0.05614222,0.00879464,0.00898897,0.02846759,0.00539640
6090,data/pair/6090/RHEED/5 min AlsB.MOV,manifest_specified_rheed_path,22.030000,661,8,0.51513588,0.00179691,0.05727771,0.00188271,0.00000000,0.00000000,0.00394948,0.00127606,0.00150711,0.00000000,0.16994043,0.03230735,0.00000000,0.00000000,0.00392977,0.08783858,0.10971263,0.00000000,0.00000000,0.01403583,0.00000000,0.00031565,0.91323704,0.01082773,0.00277069,0.05239044,0.00000000,0.32910165,0.00000000,0.35779521,0.00100831,0.07010618,0.17356011,2.92243123,0.00000000,0.05697753,0.00000000,0.00000000,0.00585541,0.01599615,0.00000000,0.00000000,0.00157163,0.00000000,0.00075636,0.00250023,0.00000000,0.07036185,0.00003226,0.01696528,0.00574949,0.00296779,0.30850649,0.00596967,0.00000000,0.17214373,0.00000000,0.00025633,0.00000000,0.03867579,0.09149855,0.00000000,0.11774536,0.01033574,0.00000000,0.02257882,0.00000000,0.00000000,0.32486761,0.00915930,0.08879980,0.00350352,0.03746479,0.05393995,0.04140020,0.01662777,0.00040648,0.00000000,0.00000000,0.00000000,0.37818620,0.00000000,1.19506741,0.01889711,0.00000000,0.84052575,0.00000000,1.82804716,0.00000000,0.01639629,0.17298524,0.00000000,0.00017717,0.00190564,0.01969956,0.00000000,0.11150207,0.00000000,0.62449133,0.00052908,0.03991791,0.02969952,0.22530584,0.01239318,0.00000000,0.00273911,0.00094889,0.19820461,0.00000000,0.00000000,0.00000000,0.42076129,0.03361720,0.00000000,0.00048475,0.00158657,0.00000000,0.00000000,0.01648741,0.50148070,0.08296492,0.04107377,0.00540315,0.00240220,0.00146671,0.00181856,0.00000000,0.00000000,0.02854565,0.00000000,0.00000000,0.31554210,0.00000000,0.00000000,0.01241168,0.04703756,0.00054984,0.01267268,0.20334812,0.00000000,0.00000000,0.00000000,0.00000000,0.00024604,0.00000000,0.12329622,0.16616616,0.00010268,0.06961654,0.00000000,0.05367146,0.05900999,0.00419948,0.20506728,0.00090642,0.00000000,0.00000000,0.00000000,0.00000000,0.14940299,0.05236820,0.00000000,0.00764614,1.33676863,0.01483079,0.38944340,0.00000000,0.00000000,0.23651512,0.00289320,0.01215776,1.31584573,0.30296648,0.02523235,0.00000000,0.01471149,0.00000000,0.00000000,0.14799361,0.00000000,0.00499598,0.33749607,0.00198275,0.00123222,0.33270246,0.00647535,0.01676591,0.03091816,0.00254815,0.00000000,0.11733103,0.86383486,0.00343675,0.00000000,0.00330892,0.09872539,0.00380166,0.00627166,0.00000000,0.01451524,0.00442018,0.00368218,0.79999524,0.00000000,0.01707908,0.00000000,0.05411420,0.00000000,0.02969127,0.01619641,0.00180938,0.19561195,0.00161205,0.01950634,0.00263433,0.00000000,0.00000000,0.00000000,0.00601525,0.05085948,0.00000000,0.00000000,0.72041589,0.06619816,0.01045051,0.07121336,0.00198811,0.01317855,0.00000000,0.01603552,0.18881880,0.02180832,0.02796965,0.00000000,0.00000000,0.02601897,0.21506943,0.59636980,0.02576112,0.00000000,0.28910765,0.00000000,0.12495484,0.05048636,0.03279830,0.00638030,0.00583358,0.02704669,0.00000000,0.00440764,0.00124451,0.00000000,0.08832800,0.00872624,0.01700654,0.00000000,0.00000000,0.00000000,0.00000000,0.07944322,0.00000000,0.00133661,0.01669972,0.00358385,0.00061368,0.18605079,0.00494095,0.26409310,0.00000000,0.00000000,0.00753550,0.11998701,0.00062492,0.06278555,0.09315555,0.02172239,0.00011200,0.01135785,0.04175902,0.00000000,0.00078882,0.00266064,0.00287506,0.11710160,0.00094663,0.03656648,0.02934378,1.56329250,0.00000000,0.27046949,0.00251249,0.00000000,0.00000000,0.00000000,0.20411734,0.00000000,0.00000000,0.00123540,0.00000000,0.00872091,0.00003336,0.00000000,0.00657414,0.05024876,0.00000000,0.00410308,0.00075736,0.00000000,0.00041292,0.00000000,0.00000000,0.00000000,0.01132913,0.00000000,0.11762625,0.00378835,0.00184584,0.00000000,0.00085676,0.00000000,0.00148546,0.08723743,0.26677376,0.00000000,0.02662727,0.18378972,0.24050356,0.08024561,0.00287224,0.05642115,0.04952440,0.00000000,0.00162206,0.00898720,0.00000000,0.00000000,0.13515148,0.01256853,0.10140849,0.03298995,0.08088667,0.00066486,0.07668069,0.00805455,0.06918965,0.00000000,0.00125691,0.00003976,0.69371766,0.00000000,0.00000000,0.19017643,0.00168274,0.00000000,0.06366211,0.14139466,0.00000000,0.00147722,0.00761088,0.00000000,0.00000000,0.00856647,0.00157973,0.14179464,0.00000000,0.13199857,0.00000000,0.02409978,0.00000000,0.00000000,0.00103084,0.00000000,0.00345886,0.00269478,0.07503045,0.01874729,0.01590365,0.20031604,0.00042712,0.00000000,0.45169613,0.00122669,0.10373256,0.19109894,0.00000000,0.00294512,0.00174747,0.00078585,0.48912245,0.07037136,0.02504240,0.01342810,0.05115804,1.00215995,0.00000000,0.00000000,0.00000000,0.59112072,0.05408496,0.16031314,0.03210953,0.00000000,0.00628002,0.02454067,0.00000000,0.00084047,0.19919838,0.00000000,0.00000000,0.22473121,0.01511300,0.02332139,0.21332820,0.19474944,0.22048873,0.11183389,0.01291212,0.00900112,0.00036291,0.00000000,0.00000000,0.00000000,0.10076034,0.00000000,0.04000619,0.42397150,0.00011630,0.00000000,1.02221715,0.01127385,0.00000000,0.01257323,0.05352107,0.00000000,0.13595764,0.04848893,0.01240011,0.00193695,0.00000000,0.04443367,0.00923453,0.09321015,0.00000000,0.05804630,0.01230846,0.00084413,0.00033320,0.00686495,0.04391081,0.00000000,0.00226400,0.00000000,0.00598148,0.00308582,0.01597066,0.13180301,0.00271062,0.09011819,0.01338368,0.00000000,0.03992071,0.00000000,0.00000000,0.25900531,0.00249635,0.00000000,0.00283155,0.14751084,0.08472667,0.00000000,0.00023993,0.02008410,0.00000000,0.00000000,0.12564617,0.00000000,0.00000000,0.00059833,0.00000000,0.03807349,0.00000000,0.00000000,0.77565521,0.00000000,0.00000000,0.00430324,0.00000000,0.00446365,0.00000000,0.00000000,0.15824218,0.05627902,0.00000000,0.01300842,0.00000000,0.07505742,0.34824675,0.06220431,0.00000000,0.12797619,0.00000000,0.00000000,0.03538311,0.00164337,0.00000000,0.00000000,0.56016129,0.00555643,0.00000000,0.36835867,0.17441601,0.01336634,0.00217501,0.02960153,0.00920453,0.00352546,0.04770011,0.00333618,0.00000000,0.10130472,0.00000000,0.06181050,0.00000000,0.00749064,0.02731866,0.00000000,0.07941017,0.01629849,0.00000000,0.19109221,0.10791884,0.00000000,0.00000000,0.01478806,0.00000000,0.17377174,0.00157855,0.21071658,0.00245868,0.03364917,0.09006534,0.00454520,0.00142059,0.03926186,0.23406842,0.00456630,0.00041895,0.00000000,0.00000000,0.00566693,0.00162497,0.00250464,0.00000000,0.11110242,0.00000000,0.01255156,0.00628408,0.05208880,0.00000000,0.00000000,0.00023647,0.21426526,0.03309453,0.00000000,0.00581611,0.22122562,0.30745828,0.02156796,0.00383110,0.00054791,0.01040608,0.00000000,0.12509313,0.00000000,0.36437383,0.00000000,0.00000000,0.00000000,0.03175642,0.13134886,0.12851074,0.00000000,0.00495459,0.00000000,0.00628572,0.00000000,0.05408289,0.02514778,0.00000000,0.00718889,0.10890657,0.00999831,0.00236362,0.00000000,0.01499097,0.00747285,0.00000000,0.00486255,0.00000000,0.00797040,0.00000000,0.00002835,0.00000000,0.00000000,0.00000000,0.00000000,0.02829975,0.47872689,0.00000000,0.00000000,0.00010919,0.00000000,0.00000000,0.02739128,0.04250923,0.15443167,0.00156548,0.20533013,0.00000000,0.00000000,0.00004371,0.12076189,0.00000000,0.00000000,0.00364540,0.01910771,0.00000000,0.83133715,0.03647365,0.00056719,0.00000000,0.00000000,0.00242078,0.01077162,0.00000000,0.00000000,0.88784158,0.42825398,0.00035832,0.00000000,0.00366887,0.02226941,0.00564255,0.00082182,0.00218499,0.00506449,0.00000000,0.00000000,0.11265004,0.08263888,0.18640320,0.00401000,0.01266786,0.31319985,0.00015694,0.64296710,0.19248660,0.00000000,0.73716074,0.00000000,0.00290381,0.08126787,0.00406690,0.13615835,0.00000000,0.00000000,0.00000000,0.00000000,0.00000000,0.00028894,0.00588390,1.26295912,0.12985696,0.00150459,0.00610539,0.00000000,0.06020281,0.03641930,0.00000000,0.00933709,0.01136716,0.03040547,0.00023263,0.00406783,0.07681124,0.11393142,0.02682477,0.19998625,0.02330223,0.00000000,0.07749688,0.00051998,0.00000000,0.00000000,0.09487885,0.00000000,0.00061504,0.00002896,0.00000000,0.00443122,0.00000000,0.03741127,0.00092122,0.00568065,0.00000000,0.10379013,0.00000000,0.00350277,1.13401330,0.01533246,0.00108422,0.00000000,0.00026776,0.10522623,0.00000000,0.00662868,0.00270040,0.00990685,0.00000000,0.10825174,0.02229018,0.00000000,0.00163342,0.00340580,0.00059509,0.06292961,0.23402107,0.00041093,0.00004147,0.00458381,0.00000000,0.06241481,0.26989791,0.00357343,0.00000000,0.00000000,0.02614939,0.00530739,0.00000000,0.09094338,0.00000000,0.00000000,0.00000000,0.16605523,0.00232903,0.15037616,0.00000000,0.00000000,0.45467898,0.09394809,0.00000000,0.00832989,0.00067473,2.29756737,0.00000000,0.00874985,0.00000000,0.00029345,0.00000000,0.00000000,0.03798721,0.00000000,4.80335951,0.03102977,0.00000000,0.00384417,0.00588070,0.00239242,0.04623160,0.01653727,0.00400931,0.00685046,0.23298760,0.00000000,0.00518695,0.00097364,0.00000000,0.00000000,0.01242038,0.03364528,0.00051186,0.02768703,0.00020758,0.19243509,0.20308758,0.02155912,0.23380522,0.13855259,0.00000000,0.44205400,0.00096220,0.56493372,0.01378565,0.20682141,0.00000000,0.18285733,0.32196912,0.05781562,0.44142988,0.01118591,0.00000000,0.00000000,0.01941433,0.00386878,0.00000000,0.03469109,0.20575067,0.00000000,0.00079652,0.00000000,0.16287506,0.08749659,0.00388315,0.00000000,0.00000000,0.02503726,0.04377844,0.00031478,0.00000000,2.37082911,0.06000925,1.74398923,0.00000000,0.02330793,0.08651605,0.00440477,0.00000000,0.00647409,0.12553613,0.01146829,0.00000000,0.00086135,0.04302163,0.00000000,0.23723498,0.14766470,0.00410848,0.64795226,0.00221880,0.00000000,0.00000000,0.10340841,0.00000000,0.03875223,0.00000000,0.00853728,0.00719362,0.00000000,0.00000000,0.02516011,0.00229306,0.05894784,0.00310151,0.00153530,0.07056391,0.00813231,0.00021937,0.02724769,0.00584976,0.00140620,0.00000000,0.00008271,0.00152236,0.00000000,0.00608842,0.00000000,0.00000000,0.00218347,0.61793101,0.00000000,0.00000000,0.37609956,0.00436585,0.00000000,0.00000000,0.09102648,0.00000000,0.00185232,0.54573888,0.00029872,0.02363825,0.00000000,0.00198028,0.00312885,0.02917228,0.51133418,0.03263176,0.00039519,0.00000000,0.00000000,0.00000000,0.00000000,0.00000000,0.00010581,1.30976689,0.00000000,0.00021159,1.60044205,0.00234405,0.00000000,0.00116834,0.14488919,1.04349816,0.00503710,0.00068804,0.00885442,0.00693224,0.00000000,0.01279942,0.02144275,0.19683659,0.03711519,0.00000000,0.00000000,0.00000000,0.00000000,0.00000000,0.00000000,0.00024608,0.00000000,0.00002446,0.00058096,0.00012603,0.02243721,0.00000000,0.02637325,0.06553037,0.52434433,0.00821253,0.03638635,0.00000000,0.00456584,0.00098811,0.00193966,0.00000000,0.00000000,0.00040689,0.00000000,0.01845756,0.00229327,0.01203930,0.00044483,0.08399862,0.00738551,0.00000000,0.00000000,0.07307246,0.67307281,0.01346661,0.92989504,0.06027313,0.02634484,0.06244465,0.00236234,0.03142713,0.04777277,0.21058995,0.57965130,0.18532322,0.00000000,0.00737698,0.00000000,0.67649591,0.00005551,0.10104005,0.02907575,0.00047500,0.04331388,0.00006410,0.00000000,0.00000000,0.00000000,0.00000000,0.00000000,0.30335388,0.00007854,0.01510235,0.02044394,0.27653378,0.01651439,0.22195901,0.00000000,0.00000000,0.00349213,0.00000000,0.00000000,0.00000000,0.00000000,0.00070459,0.00000000,0.00000000,0.03622540,0.00048588,0.03628006,0.00087887,0.02960526,0.00184998,0.22657591,0.00000000,0.00051351,0.09073451,0.00208340,0.00036453,0.00789940,0.01507951,0.63295603,0.17991371,0.03685079,0.00000000,0.01407563,0.18518886,0.00082790,0.00909558,0.00000000,0.07630493,0.07479281,0.03421091,0.00000000,0.00977622,0.02109649,0.01436056,0.04566078,0.00924024,0.15504980,0.05697055,0.00151912,0.03263405,0.30673313,0.00705534,1.83558118,0.00000000,0.10384296,0.00000000,0.10775120,0.10396726,0.00061873,0.01426911,0.00504721,0.00000000,0.02625658,0.02222553,0.00000000,0.00019501,0.00006907,0.00000000,0.04704333,0.23467903,0.00000000,0.04415961,0.41153240,0.00673769,0.06517099,0.06805866,0.00014222,0.00000000,0.12791505,0.00000000,0.00263674,0.00000000,0.00000000,0.00000000,0.03596622,0.00000000,0.15035105,0.03391859,0.00000000,0.00883882,0.00000000,0.00000000,0.01248818,0.02354519,0.01868969,0.00000000,1.29362857,0.00000000,0.01579807,0.00598081,0.00735920,0.00000000,0.01447063,0.58875233,0.02769178,0.00496147,0.09467351,0.01463657,0.02378143,0.00031023,0.00000000,0.09537993,1.19629586,0.04651020,0.20090657,0.00000000,0.35392493,0.02300841,0.22379228,0.10353495,0.08210863,0.00237284,0.00127145,0.00093231,0.00000000,0.05686058,0.00000000,0.00000000,0.10562633,0.00000000,0.05231089,0.67686135,0.09065059,0.01004225,0.00820944,0.00000000,0.00000000,0.00000000,1.04433382,0.00250335,0.02049303,0.00000000,0.00220074,0.00000000,0.09902088,0.32509091,0.00000000,0.02089908,0.00000000,0.24139990,0.00000000,0.17086667,0.17506792,0.02016313,0.00000000,0.00000000,0.01789341,0.80433071,0.00055235,0.00000000,0.05548256,0.00017612,0.16224964,0.00439595,0.00000000,0.00569061,0.02195139,0.09904385,0.11023548,0.60482967,0.00000000,0.04959126,0.00000000,0.04365933,0.31549343,0.00228796,0.18611461,0.00000000,0.00056557,0.00427972,0.00865529,0.03375134,0.01293692,0.00000000,0.00439175,0.00000000,0.00592299,0.00000000,0.00000000,0.00000000,0.01277600,0.00278614,0.80733204,0.00000000,0.00115661,0.01776141,0.00142419,0.01260834,0.00142611,0.00000000,0.06516442,0.00000000,0.00000000,0.00000000,0.00000000,0.01352838,0.00404359,0.00000000,0.31314018,0.00053817,0.01321038,0.00100652,0.64288735,1.02847576,0.00000000,0.00562379,0.02625759,0.15022811,0.13236809,0.02995338,0.00000000,0.00000000,0.00000000,0.00154720,0.11113616,0.41825598,0.22736837,0.00169558,0.00000000,0.00229002,0.00659671,0.23685969,0.00669029,0.09947059,0.00000000,0.00000000,0.05526615,0.00000000,0.58899140,0.01579628,0.00214254,0.00000000,0.00000000,0.12818787,0.00000000,0.02198090,0.01311847,0.00550691,2.75800109,0.00000000,0.00000000,0.00001390,0.93094695,0.00000000,0.01858645,0.00000000,0.00000000,0.00000000,0.82232434,0.09456582,0.00000000,0.00044490,0.00000000,0.00927095,0.11180850,0.34603813,0.00000000,0.04644523,0.00143725,0.00000000,0.03879938,0.00086963,0.00583068,0.05286231,0.00313871,0.00000000,0.10736812,0.00000000,0.14528181,0.03650520,0.00000000,0.00000000,0.04701621,0.03024491,0.00086481,0.04541159,0.00000000,0.00213020,0.99691623,0.00764809,0.08106323,0.00153297,0.20663403,0.00033892,0.02418521,0.00000000,0.00000000,0.00099496,0.00738436,0.65583718,0.35042107,0.00245400,0.00000000,1.59879804,0.00000000,0.00006673,0.00000000,0.00698465,0.07350389,0.22370556,0.00029135,0.15299527,0.00000000,0.00000000,0.00000000,0.00862372,0.59708160,0.00000000,0.00000000,0.00000000,0.05104615,0.00010993,0.74085212,0.00000000,0.00000000,0.00625067,0.12829900,0.00000000,0.90703297,0.27921814,0.00117804,0.00017124,0.00000000,0.00000000,0.01712871,0.00000000,0.03771862,0.00128574,0.00000000,0.25951830,0.35109270,0.00145658,0.00794580,0.03742088,0.04290340,0.00290510,0.13689916,0.00000000,0.23996922,0.00075685,0.02984674,0.18321557,0.07534867,0.06035637,0.00000000,0.00000000,0.00755473,1.82109463,0.00062836,0.02520929,0.00000000,0.10793205,0.00000000,0.01279396,0.10019346,0.00000000,0.02910791,0.00000000,0.00111592,0.09553090,0.00000000,0.00019966,0.00000000,0.00000000,0.00000000,0.01980619,0.85052234,0.00000000,0.00000000,0.00000000,0.23588251,0.00000000,0.00041751,0.00581316,0.00000000,0.00000000,0.08780028,0.16120081,0.00495550,0.00085632,0.00044546,0.01518487,0.07047488,0.30618501,0.17615153,0.01848337,0.00190414,0.15129721,0.06905921,0.00000000,0.00000000,0.85165614,0.26340529,0.00000000,0.04963034,0.00163113,0.00000000,0.00000000,0.00000000,0.00009599,0.06350406,0.00000000,0.00768533,0.00000000,0.00795337,0.00060120,0.20621219,0.00046656,0.00000000,0.13205162,0.43408728,0.00018897,0.00000000,0.00000000,0.01447985,0.04914756,0.00000000,0.00000000,0.33818138,0.00000000,0.02975567,0.00000000,0.00322895,0.00000000,0.04582738,0.00828836,0.04010948,0.01199769,0.19803768,0.00000000,0.09299310,0.00000000,0.02319650,0.01784413,0.00379540,0.00000000,0.00000000,0.10921561,0.00000000,0.00390097,0.01407611,0.00000000,0.04168004,0.38928095,0.21504359,0.00000000,0.00000000,0.02831730,0.00228244,1.71674991,0.03641482,0.00253879,0.00000000,0.01047705,0.00000000,0.31251189,0.14565711,0.00000000,0.05177631,0.81220019,0.01045055,0.00000000,0.00179072,0.01462234,0.00462706,0.04289120,0.00169252,0.00000000,0.00000000,0.00253478,0.00000000,0.00000000,0.00000000,0.09885674,0.50469458,0.00000000,0.00265123,0.05416512,0.00000000,0.54408944,0.02106874,0.00804529,0.14224759,0.00000000,0.00008755,0.00000000,0.00882458,0.01310542,0.00000000,0.00000000,0.00866771,0.00000000,0.00000000,0.00834927,0.14432730,0.41029167,0.00754271,0.00558296,0.00000000,0.33392882,0.09628011,0.00101223,0.00000000,0.00547216,0.00000000,0.01134259,0.07605863,1.06571567,0.00443464,0.00000000,1.68632877,0.00498962,0.09286976,0.00000000,0.04120057,0.00000000,0.00274890,0.00272929,0.03039737,0.00185435,0.00000000,0.00000000,0.00000000,0.00000000,0.02312798,0.00000000,0.02231762,0.00000000,0.00000000,0.00000000,0.35891730,0.00272965,0.01302062,0.51656532,0.00180873,0.00065551,0.09855569,0.02415011,0.00000000,0.00000000,0.00171728,0.00071979,0.04682652,0.33400938,0.01916550,0.07344528,0.03419571,0.07505836,0.01169404,0.00000000,0.01284625,0.00000000,0.02647610,0.01437175,0.03736325,0.04172771,0.01011217,0.00000000,0.25778276,0.00314212,0.15901366,0.07268366,0.01423694,0.00000000,0.49965081,0.02325423,0.00000000,0.00052581,0.00000000,0.35172361,0.00735289,0.12646705,0.19584969,0.00537160,0.48338443,0.00133423,0.00000000,0.00000000,0.00435914,0.00000000,0.00000000,0.00292945,0.00000000,0.00000000,0.00050837,0.00000000,0.00000000,0.09234150,0.73555261,0.00000000,0.00000000,0.00000000,0.01162841,0.11649264,0.00000000,0.00079162,0.02037297,0.00000000,0.00000000,0.00239522,0.00605245,0.00000000,0.15198644,0.00000000,0.00000000,0.00000000,0.00000000,0.00000000,0.23426001,0.01640600,0.07363674,0.00000000,0.00979774,0.00000000,0.38257149,0.17350219,0.00000000,0.00000000,0.01659463,0.00288509,0.12313140,0.34626746,0.05368648,0.13718668,0.00086483,0.01173371,0.12955791,0.08874731,0.00000000,0.00000000,0.00000000,0.12012442,0.02165703,0.02056555,0.00000000,0.01072593,0.00080183,0.01395641,0.00000000,0.00374766,0.00000000,0.05343166,0.03013301,0.00069114,0.00000000,0.00015500,0.00639348,0.00000000,0.01000917,0.00000000,0.32557088,0.00000000,0.00938336,0.00000000,0.00000000,0.01410918,0.03053868,0.10464111,0.01923871,0.00000000,0.31665123,0.00000000,0.03782148,0.35504699,0.50186121,0.00802272,0.03377335,0.01353803,0.07888629,0.00000000,0.00000000,0.00275002,0.00000000,0.44708034,0.00000000,0.00000000,0.13127291,0.99222696,0.00750055,3.08968449,0.00000000,0.01257897,0.00584409,0.00118112,0.00842198,0.03531913,0.00255013,0.00098179,1.07775855,0.22532207,0.00000000,0.00263376,0.00424078,0.00000000,0.00000000,0.00000000,0.00000000,0.00000000,0.02032914,0.00028912,0.00000000,0.15409845,0.00000000,0.09513157,0.00000000,0.00000000,0.01478194,0.00000000,0.25214452,0.00047088,0.02353090,0.01031565,0.00000000,0.40064621,0.00000000,0.00000000,0.03096581,0.02360549,0.00000000,0.00639885,0.00194705,0.00000000,0.06048202,0.72238874,0.00603951,0.03340112,0.00006616,0.00000000,0.00090133,0.00206090,0.00000000,0.00000000,0.00584061,0.01284436,0.00000000,0.14745833,0.06880376,0.00011998,0.00655759,0.16064246,0.00000000,0.00000000,0.00000000,0.00000000,0.07450493,0.00883809,0.00082853,0.00000000,0.09959220,0.00000000,0.00213712,0.02892227,0.13738683,0.00000000,0.00465141,0.00210568,0.35917515,0.00052877,0.91812682,0.06662041,0.11162973,0.00000000,0.00000000,0.00000000,0.00279425,0.00000000,0.00000000,0.00210783,0.00000000,0.21458451,0.03458035,0.00000000,0.00000000,0.00000000,0.00000000,0.04272692,0.06333338,0.10690543,0.00647837,0.00075784,0.00000000,0.00013957,0.00027396,0.00267714,0.34413856,0.03612520,0.00000000,0.00000000,0.22148401,0.00000000,0.00260741,0.00000000,0.04760242,0.32802644,0.24247424,0.26785901,0.09824058,0.44525325,0.00000000,0.00344497,0.00000000,0.00000000,0.00000000,0.00342539,0.00000000,0.06701959,0.00000000,0.22108334,0.00158180,0.00816142,0.00080849,0.00000000,0.00000000,0.00000000,0.22893000,0.00000000,0.01955184,0.01671054,0.01705219,0.00127445,0.00028499,0.10425082,0.01082649,0.00761378,0.23865606,0.04728930,0.00000000,0.09735001,0.05163726,0.02751702,0.05003991,0.23952021,0.00021797,0.05921916,0.00000000,0.01830377,0.00460100,0.00712309,0.00000000,0.00000000,0.01765348,0.00668549,0.00759149,0.12197188,0.05603830,0.00641002,0.00000000,0.00203928,0.00000000,0.00654994,0.00075138,0.00425678,0.10357179,0.00000000,0.00050639,1.43623948,0.00000000,1.45447195,0.00062034,0.00000000,0.32930863,0.00268547,0.00615335,0.16820824,0.01012736,0.00119467,0.04217184,0.00000000,0.00000000,0.19520055,0.00620725,0.00341437,0.01728383,0.00000000,0.00706886,0.00736933,0.05730927,0.01255976,0.00000000,0.00109749,0.01534506,0.12713441,0.00254497,0.03363716,0.00049551,0.02839867,0.00024317,0.00519000,0.00000000,0.12713215,0.07370730,0.42398623,0.00146832,0.07632242,0.00000000,0.23351763,0.00074922,0.00014642,0.00000000,0.00000000,0.00000000,0.00000000,0.00000000,0.00000000,0.00305448,0.16022414,0.00915873,0.00998651,1.50846910,0.00000000,0.00069614,0.00297172,1.00069690,0.09640241,0.00000000,0.01260462,0.01680245,0.00000000,0.10646201,0.00000000,0.00424325,0.00000000,0.00056181,0.09101436,0.00000000,0.06947542,0.00586739,0.00000000,0.04836174,0.00000000,0.16221195,0.03696685,0.00169634,0.01061559,0.20152216,0.14120515,0.00997813,0.00096390,0.00262348,0.02256855,0.13661012,0.00000000,0.00138489,0.03282152,0.01212445,0.11465743,0.00195412,0.70363712,0.01059435,0.61747670,0.00031187,0.00000000,0.00238368,0.00000000,0.00000000,0.08552021,0.00486126,0.00000000,0.09932045,0.09005439,0.20709495,0.00000000,0.00187423,0.00660690,0.41280821,0.02072519,0.09281548,0.05128405,0.02023881,0.21304400,0.00000000,0.12938556,0.00000000,0.03441025,0.21048260,0.00475072,0.00000000,0.24447246,0.00000000,0.03515791,0.00175858,0.04866212,0.00142007,0.71610254,0.00000000,0.00146987,0.00000000,0.09425986,0.00000000,0.00976177,0.00000000,0.02551313,0.00000000,0.83273298,0.01682904,0.00312621,0.00000000,0.00412861,0.00000000,0.00378737,0.08035606,0.00000000,0.00250385,0.00176414,0.00000000,0.37405738,0.00000000,0.00292244,0.06007178,0.00000000,0.00000794,0.00000000,0.03177748,0.00003471,0.25493771,0.00000000,0.00000000,0.00000000,0.00028520,0.00092289,0.05842655,0.05891899,0.00392628,0.00000000,0.00461490,0.91449672,0.00244196,0.00004765,0.00000000,0.00000000,0.00000000,0.32609537,0.00000000,0.02905581,0.01443528,0.00000000,0.04182221,0.02413248,0.00000000,0.00000000,0.00000000,0.00000000,0.00848134,0.00276499,0.00047449,0.00000000,0.29663843,0.05846471,0.00000000,0.00000000,0.22150460,0.00000000,0.06901152,0.13836251,0.00521616,0.00000000,0.41402456,0.00000000,0.41532943,0.00556710,0.00000000,0.12516256,0.00475418,0.04005122,0.00343538,0.00000000,0.00000000,0.00415839,0.00337615,0.00398744,0.00000000,0.13233997,0.03147528,0.00000000,0.00000000,0.01039719,0.06520011,0.05406499,0.00000000,0.00000000,0.00874683,0.00000000,0.00075724,0.13254134,0.01442055,0.00450966,0.04525794,0.00000000,0.05525899,0.00000000,0.15026666,0.00266774,0.04035474,0.09483887,0.19397233,0.00000000,0.03710186,0.00000000,0.00000000,0.01549195,0.01246989,0.00000000,0.00000000,0.00415813,0.00000000,0.00193971,0.00518999,0.00000000,0.05757098,0.00008534,0.03124734,0.00652636,0.00534470,0.14740308,0.01055241,0.00000000,0.10484704,0.00000000,0.00067820,0.00000000,0.01121330,0.05001685,0.00000000,0.06310732,0.01043127,0.00000000,0.02200539,0.00000000,0.00000000,0.14881782,0.01432027,0.06276929,0.00926944,0.03531594,0.04012259,0.02765251,0.01428059,0.00107544,0.00000000,0.00000000,0.00000000,0.11328740,0.00000000,0.28557837,0.03098491,0.00000000,0.42400515,0.00000000,0.21336375,0.00000000,0.00939363,0.06690264,0.00000000,0.00046875,0.00201792,0.02481062,0.00000000,0.07051982,0.00000000,0.35658175,0.00083401,0.02639288,0.01847110,0.06210586,0.03278927,0.00000000,0.00475718,0.00251052,0.08670438,0.00000000,0.00000000,0.00000000,0.11586086,0.02681830,0.00000000,0.00128252,0.00306220,0.00000000,0.00000000,0.01887907,0.14899655,0.06962470,0.05280284,0.01148883,0.00635561,0.00388054,0.00481146,0.00000000,0.00000000,0.01416747,0.00000000,0.00000000,0.12993275,0.00000000,0.00000000,0.01344920,0.02570355,0.00145473,0.02265327,0.06919145,0.00000000,0.00000000,0.00000000,0.00000000,0.00065096,0.00000000,0.04930715,0.06033647,0.00027166,0.03281843,0.00000000,0.04148434,0.03810785,0.00427708,0.07377427,0.00163284,0.00000000,0.00000000,0.00000000,0.00000000,0.07871594,0.03137504,0.00000000,0.01269220,0.15173696,0.01816045,0.14714916,0.00000000,0.00000000,0.08022688,0.00502847,0.02684431,0.43024001,0.13297667,0.02290027,0.00000000,0.03772245,0.00000000,0.00000000,0.07134778,0.00000000,0.00599374,0.10319474,0.00263287,0.00282465,0.11514176,0.00928937,0.02530072,0.02054022,0.00477830,0.00000000,0.02214560,0.21533212,0.00527688,0.00000000,0.00843122,0.05135727,0.01005824,0.01659326,0.00000000,0.02091749,0.01118342,0.00547890,0.34469032,0.00000000,0.01783750,0.00000000,0.02405041,0.00000000,0.02079593,0.04285168,0.00159390,0.09992260,0.00314968,0.05160892,0.00417513,0.00000000,0.00000000,0.00000000,0.00989122,0.03573985,0.00000000,0.00000000,0.18834457,0.05987728,0.00965308,0.08441033,0.00340884,0.01835300,0.00000000,0.01307300,0.06072874,0.01323218,0.02013966,0.00000000,0.00000000,0.04396607,0.06217066,0.24507026,0.03190225,0.00000000,0.12495364,0.00000000,0.04334190,0.06418256,0.01844168,0.01210936,0.00863858,0.02825415,0.00000000,0.00764311,0.00329268,0.00000000,0.06288290,0.01166201,0.02322103,0.00000000,0.00000000,0.00000000,0.00000000,0.03771876,0.00000000,0.00261670,0.01585475,0.00623635,0.00162364,0.08119586,0.00824949,0.08295780,0.00000000,0.00000000,0.00994203,0.03972732,0.00165338,0.04909444,0.06356298,0.01883510,0.00029631,0.01461235,0.04737965,0.00000000,0.00137343,0.00340960,0.00386107,0.07231480,0.00235628,0.01379896,0.02037944,0.41563737,0.00000000,0.18892069,0.00391752,0.00000000,0.00000000,0.00000000,0.09344138,0.00000000,0.00000000,0.00240078,0.00000000,0.01122136,0.00008826,0.00000000,0.01071138,0.03000628,0.00000000,0.00468950,0.00132867,0.00000000,0.00108616,0.00000000,0.00000000,0.00000000,0.01259635,0.00000000,0.04389232,0.00402486,0.00488362,0.00000000,0.00200979,0.00000000,0.00257407,0.05540037,0.13490504,0.00000000,0.03058758,0.06271457,0.05536329,0.02906709,0.00511930,0.02821658,0.02418608,0.00000000,0.00429158,0.00811414,0.00000000,0.00000000,0.03551241,0.02183255,0.07452746,0.03189447,0.04154672,0.00121224,0.04843724,0.00943904,0.03856277,0.00000000,0.00179658,0.00010520,0.23343316,0.00000000,0.00000000,0.07653071,0.00408165,0.00000000,0.06437963,0.05045097,0.00000000,0.00239332,0.01015546,0.00000000,0.00000000,0.02266475,0.00232301,0.05041539,0.00000000,0.07727430,0.00000000,0.05225150,0.00000000,0.00000000,0.00179122,0.00000000,0.00706321,0.00697689,0.01851440,0.02082970,0.03454930,0.07799947,0.00100198,0.00000000,0.17960642,0.00218018,0.05867922,0.06627360,0.00000000,0.00490663,0.00462336,0.00207916,0.10544684,0.04292558,0.02297716,0.01750689,0.02840159,0.40116531,0.00000000,0.00000000,0.00000000,0.18317696,0.04481653,0.07543447,0.02576383,0.00000000,0.01130982,0.01313969,0.00000000,0.00176721,0.09811355,0.00000000,0.00000000,0.08347400,0.01810500,0.01829486,0.07277537,0.05849678,0.12205443,0.08573284,0.01226399,0.01184344,0.00096018,0.00000000,0.00000000,0.00000000,0.06801055,0.00000000,0.03162046,0.15961696,0.00030769,0.00000000,0.20601715,0.01178207,0.00000000,0.01734254,0.04901579,0.00000000,0.09782851,0.04509711,0.03280762,0.00512468,0.00000000,0.03248551,0.02443228,0.07352491,0.00000000,0.03650313,0.00759337,0.00223335,0.00079295,0.01264223,0.02387406,0.00000000,0.00372939,0.00000000,0.00557439,0.00816432,0.00773533,0.07750531,0.00570595,0.08664568,0.00732973,0.00000000,0.01371248,0.00000000,0.00000000,0.07898702,0.00415219,0.00000000,0.00511676,0.08212372,0.02975949,0.00000000,0.00041599,0.01609357,0.00000000,0.00000000,0.05697458,0.00000000,0.00000000,0.00158302,0.00000000,0.02225996,0.00000000,0.00000000,0.16766335,0.00000000,0.00000000,0.00891837,0.00000000,0.00415192,0.00000000,0.00000000,0.04939903,0.04350817,0.00000000,0.01046884,0.00000000,0.05858028,0.12074637,0.05145670,0.00000000,0.07947347,0.00000000,0.00000000,0.02962606,0.00434796,0.00000000,0.00000000,0.23972845,0.00743053,0.00000000,0.12385602,0.08491973,0.02479639,0.00247652,0.02483696,0.01538131,0.00932750,0.04049907,0.00545751,0.00000000,0.08131739,0.00000000,0.04030607,0.00000000,0.00677969,0.04770857,0.00000000,0.03997144,0.01596084,0.00000000,0.04936447,0.04965729,0.00000000,0.00000000,0.01773078,0.00000000,0.06535080,0.00373659,0.12301364,0.00650505,0.03319137,0.03653522,0.01202546,0.00327915,0.01758326,0.05779340,0.00887255,0.00110844,0.00000000,0.00000000,0.01102093,0.00390003,0.00662666,0.00000000,0.05947788,0.00000000,0.02458925,0.00868153,0.02963489,0.00000000,0.00000000,0.00041077,0.04129220,0.02207590,0.00000000,0.00687052,0.09981447,0.20455304,0.03644227,0.00970470,0.00144963,0.01410664,0.00000000,0.02029675,0.00000000,0.09966113,0.00000000,0.00000000,0.00000000,0.02046450,0.09857484,0.05929140,0.00000000,0.00724783,0.00000000,0.00496953,0.00000000,0.03586256,0.02044213,0.00000000,0.01246233,0.05719665,0.01084231,0.00353571,0.00000000,0.01190428,0.01032202,0.00000000,0.01286511,0.00000000,0.00971017,0.00000000,0.00007501,0.00000000,0.00000000,0.00000000,0.00000000,0.02476219,0.16363436,0.00000000,0.00000000,0.00028888,0.00000000,0.00000000,0.02562395,0.02750902,0.02654937,0.00414186,0.11549532,0.00000000,0.00000000,0.00011563,0.05562166,0.00000000,0.00000000,0.00502743,0.01553410,0.00000000,0.16912413,0.02112755,0.00150065,0.00000000,0.00000000,0.00640477,0.01363127,0.00000000,0.00000000,0.15511370,0.11156228,0.00094802,0.00000000,0.00485870,0.02097000,0.00711074,0.00206049,0.00305730,0.00532829,0.00000000,0.00000000,0.04617269,0.05031567,0.08965522,0.00964546,0.01063465,0.08598353,0.00041522,0.16544974,0.06764037,0.00000000,0.09157663,0.00000000,0.00398254,0.08871592,0.00705355,0.06557138,0.00000000,0.00000000,0.00000000,0.00000000,0.00000000,0.00076447,0.00647098,0.28799811,0.04680911,0.00398077,0.00974593,0.00000000,0.04501106,0.02331232,0.00000000,0.01642371,0.00984164,0.03813870,0.00061549,0.01076248,0.05290389,0.05614641,0.04719090,0.06055809,0.02009737,0.00000000,0.06899812,0.00137573,0.00000000,0.00000000,0.06287978,0.00000000,0.00162724,0.00007662,0.00000000,0.00726246,0.00000000,0.05316566,0.00243732,0.00889956,0.00000000,0.03831437,0.00000000,0.00777909,0.25420383,0.04056589,0.00286859,0.00000000,0.00070844,0.08800315,0.00000000,0.00903776,0.00714458,0.02432640,0.00000000,0.05794107,0.01694393,0.00000000,0.00349085,0.00635140,0.00157446,0.04507833,0.11945169,0.00108722,0.00010973,0.00658794,0.00000000,0.03738758,0.07373331,0.00293181,0.00000000,0.00000000,0.01069857,0.00870684,0.00000000,0.04980889,0.00000000,0.00000000,0.00000000,0.10333513,0.00403415,0.08265670,0.00000000,0.00000000,0.13268135,0.04255172,0.00000000,0.01873138,0.00178517,0.51602155,0.00000000,0.02314994,0.00000000,0.00077640,0.00000000,0.00000000,0.01790789,0.00000000,0.26487932,0.02121732,0.00000000,0.00529348,0.00823577,0.00313417,0.03773531,0.00906313,0.00518140,0.01339089,0.10106106,0.00000000,0.00707668,0.00257602,0.00000000,0.00000000,0.01094336,0.01272290,0.00135427,0.01358922,0.00054921,0.11731488,0.08544246,0.04614978,0.04913718,0.04583549,0.00000000,0.08792374,0.00167384,0.15967087,0.01286216,0.12043966,0.00000000,0.06658977,0.14102885,0.07475890,0.09444771,0.01909799,0.00000000,0.00000000,0.02239778,0.00830223,0.00000000,0.02434394,0.10718612,0.00000000,0.00170621,0.00000000,0.10005621,0.04327992,0.00570774,0.00000000,0.00000000,0.01781498,0.03304207,0.00083284,0.00000000,0.35611418,0.11698841,0.16972986,0.00000000,0.02154357,0.02569228,0.01076651,0.00000000,0.00567128,0.12425909,0.00975750,0.00000000,0.00162446,0.03350227,0.00000000,0.05791529,0.09145018,0.00693777,0.20202747,0.00532548,0.00000000,0.00000000,0.07340931,0.00000000,0.03695231,0.00000000,0.02236450,0.00865183,0.00000000,0.00000000,0.01205110,0.00218310,0.03353880,0.00438151,0.00406202,0.02877964,0.00691848,0.00058040,0.02431775,0.01322438,0.00372046,0.00000000,0.00021882,0.00402780,0.00000000,0.01439518,0.00000000,0.00000000,0.00414960,0.17129707,0.00000000,0.00000000,0.09805111,0.00358993,0.00000000,0.00000000,0.03735730,0.00000000,0.00490077,0.06909811,0.00079035,0.01307612,0.00000000,0.00523932,0.00827815,0.01384253,0.13394257,0.04247342,0.00104558,0.00000000,0.00000000,0.00000000,0.00000000,0.00000000,0.00027995,0.28518385,0.00000000,0.00055981,0.35290354,0.00233137,0.00000000,0.00309112,0.07946373,0.32182711,0.00930860,0.00182039,0.00874169,0.01679762,0.00000000,0.01310254,0.01605586,0.07084389,0.03162498,0.00000000,0.00000000,0.00000000,0.00000000,0.00000000,0.00000000,0.00065108,0.00000000,0.00006471,0.00100807,0.00023486,0.02053223,0.00000000,0.04360737,0.02082360,0.16373347,0.00690544,0.01164727,0.00000000,0.00525898,0.00212401,0.00323980,0.00000000,0.00000000,0.00065842,0.00000000,0.02359338,0.00606741,0.01229540,0.00117691,0.11531845,0.01773792,0.00000000,0.00000000,0.04802388,0.17558277,0.01673391,0.18053937,0.02899684,0.02615830,0.06263107,0.00367375,0.01399566,0.02977598,0.07104228,0.21994023,0.09574100,0.00000000,0.00947163,0.00000000,0.19922516,0.00014687,0.04895380,0.01337217,0.00125674,0.03049673,0.00016959,0.00000000,0.00000000,0.00000000,0.00000000,0.00000000,0.05786464,0.00020779,0.01202437,0.01247085,0.16039804,0.01657950,0.06926040,0.00000000,0.00000000,0.00285693,0.00000000,0.00000000,0.00000000,0.00000000,0.00186416,0.00000000,0.00000000,0.03833318,0.00128552,0.06258394,0.00232527,0.03419233,0.00378163,0.04705320,0.00000000,0.00078670,0.07019663,0.00360962,0.00082225,0.01185652,0.01479301,0.17216995,0.09237766,0.08378873,0.00000000,0.01008578,0.07562421,0.00219042,0.01174016,0.00000000,0.06154950,0.03270731,0.06492083,0.00000000,0.02215243,0.02625258,0.01050085,0.02654013,0.01302617,0.06257734,0.02740938,0.00247794,0.03282000,0.07331286,0.01121152,0.15902194,0.00000000,0.07636274,0.00000000,0.05884917,0.04008404,0.00163701,0.03187606,0.00811214,0.00000000,0.01538160,0.01973950,0.00000000,0.00051596,0.00018273,0.00000000,0.03041201,0.04357756,0.00000000,0.02670021,0.16583972,0.00923169,0.03169894,0.02113122,0.00037628,0.00000000,0.11614302,0.00000000,0.00283781,0.00000000,0.00000000,0.00000000,0.01601877,0.00000000,0.06190166,0.01922912,0.00000000,0.00754699,0.00000000,0.00000000,0.01700624,0.02381394,0.01398786,0.00000000,0.18571055,0.00000000,0.01903635,0.00545306,0.00698308,0.00000000,0.01551323,0.26890036,0.02314232,0.00930414,0.03301793,0.01832132,0.04415894,0.00082080,0.00000000,0.05105240,0.12621629,0.03241310,0.08694842,0.00000000,0.11982021,0.02651495,0.07758985,0.05968198,0.07754123,0.00613552,0.00336395,0.00246667,0.00000000,0.04834503,0.00000000,0.00000000,0.07350469,0.00000000,0.03889645,0.32384673,0.05562655,0.02656931,0.01440589,0.00000000,0.00000000,0.00000000,0.18802692,0.00662325,0.02785197,0.00000000,0.00416084,0.00000000,0.06054989,0.16852954,0.00000000,0.03271887,0.00000000,0.07952544,0.00000000,0.07108273,0.08843918,0.02018124,0.00000000,0.00000000,0.02111721,0.30548948,0.00145741,0.00000000,0.05343992,0.00038832,0.07914701,0.00459557,0.00000000,0.00455337,0.03836600,0.05375889,0.05153693,0.07622934,0.00000000,0.02816677,0.00000000,0.05711517,0.09697863,0.00605338,0.04542703,0.00000000,0.00149636,0.00531817,0.01154638,0.01579599,0.01309929,0.00000000,0.00538859,0.00000000,0.01067558,0.00000000,0.00000000,0.00000000,0.01573716,0.00737143,0.16884565,0.00000000,0.00303698,0.01316624,0.00376806,0.01339078,0.00377313,0.00000000,0.06110238,0.00000000,0.00000000,0.00000000,0.00000000,0.01387627,0.00893095,0.00000000,0.16116644,0.00142387,0.01344686,0.00203718,0.25722805,0.28350425,0.00000000,0.00796332,0.02831573,0.03812214,0.05975025,0.04578381,0.00000000,0.00000000,0.00000000,0.00280813,0.09485471,0.09006713,0.08126150,0.00447504,0.00000000,0.00605883,0.01745324,0.07900276,0.00939784,0.07496192,0.00000000,0.00000000,0.04908877,0.00000000,0.21372549,0.01111684,0.00566864,0.00000000,0.00000000,0.05839566,0.00000000,0.01886581,0.01773237,0.01295069,0.26915643,0.00000000,0.00000000,0.00003676,0.25401926,0.00000000,0.02101465,0.00000000,0.00000000,0.00000000,0.22916222,0.08153698,0.00000000,0.00117709,0.00000000,0.01587236,0.10365044,0.14716080,0.00000000,0.02751502,0.00252359,0.00000000,0.07626008,0.00176149,0.00404595,0.03206244,0.00542706,0.00000000,0.04409291,0.00000000,0.03574002,0.02485474,0.00000000,0.00000000,0.03681836,0.01889271,0.00168902,0.04481961,0.00000000,0.00229415,0.41950080,0.01880950,0.06033356,0.00282037,0.11913916,0.00089669,0.02406823,0.00000000,0.00000000,0.00203292,0.00825087,0.23855630,0.12391369,0.00512610,0.00000000,0.38079175,0.00000000,0.00017656,0.00000000,0.00675518,0.03620514,0.06110571,0.00077085,0.03241458,0.00000000,0.00000000,0.00000000,0.01610561,0.19142191,0.00000000,0.00000000,0.00000000,0.04214296,0.00029085,0.11236207,0.00000000,0.00000000,0.00775667,0.05495214,0.00000000,0.19384344,0.07094923,0.00244504,0.00029011,0.00000000,0.00000000,0.00992387,0.00000000,0.05495255,0.00211347,0.00000000,0.09092045,0.09915333,0.00385375,0.00632264,0.03009806,0.04581325,0.00768618,0.08909478,0.00000000,0.10955407,0.00200244,0.06318423,0.08836238,0.02478153,0.02536015,0.00000000,0.00000000,0.01183474,0.33254671,0.00166249,0.01847813,0.00000000,0.03908804,0.00000000,0.01554178,0.02447919,0.00000000,0.01881727,0.00000000,0.00208452,0.02919095,0.00000000,0.00052825,0.00000000,0.00000000,0.00000000,0.01610345,0.15872785,0.00000000,0.00000000,0.00000000,0.08387747,0.00000000,0.00110463,0.01082399,0.00000000,0.00000000,0.04046424,0.08465759,0.00597781,0.00226562,0.00117857,0.01894611,0.05733941,0.10064593,0.10553542,0.02012721,0.00361783,0.07097183,0.05005694,0.00000000,0.00000000,0.12655239,0.13390239,0.00000000,0.05041302,0.00266676,0.00000000,0.00000000,0.00000000,0.00025397,0.08639737,0.00000000,0.01710581,0.00000000,0.01385167,0.00129768,0.09559251,0.00120210,0.00000000,0.04073993,0.14873013,0.00049997,0.00000000,0.00000000,0.02244171,0.05647498,0.00000000,0.00000000,0.08377790,0.00000000,0.02620152,0.00000000,0.00517718,0.00000000,0.06017349,0.02192895,0.04209556,0.02178073,0.15526959,0.00000000,0.02951217,0.00000000,0.04236405,0.01417712,0.00718681,0.00000000,0.00000000,0.04588741,0.00000000,0.00442860,0.01962531,0.00000000,0.05181640,0.14632076,0.13225850,0.00000000,0.00000000,0.02795204,0.00603877,0.36491886,0.06217814,0.00418543,0.00000000,0.00806024,0.00000000,0.17428750,0.04840756,0.00000000,0.03211682,0.24509925,0.00936649,0.00000000,0.00473781,0.03868708,0.01224205,0.05078228,0.00322417,0.00000000,0.00000000,0.00646199,0.00000000,0.00000000,0.00000000,0.03765387,0.12523662,0.00000000,0.00701450,0.04400731,0.00000000,0.14629515,0.01936845,0.02128584,0.15356456,0.00000000,0.00019349,0.00000000,0.00884975,0.01739318,0.00000000,0.00000000,0.00908988,0.00000000,0.00000000,0.01588802,0.06038343,0.12677428,0.00745799,0.01477112,0.00000000,0.11201102,0.06939516,0.00253559,0.00000000,0.01403119,0.00000000,0.01717275,0.05266439,0.26907301,0.00552897,0.00000000,0.18107927,0.00864401,0.06105366,0.00000000,0.02534710,0.00000000,0.00487236,0.00489420,0.01659753,0.00461959,0.00000000,0.00000000,0.00000000,0.00000000,0.01386038,0.00000000,0.02970195,0.00000000,0.00000000,0.00000000,0.11360046,0.00474959,0.01956289,0.21911116,0.00290482,0.00173433,0.04365661,0.01857369,0.00000000,0.00000000,0.00415189,0.00190440,0.02732235,0.17221220,0.02673502,0.08024778,0.03702592,0.09539395,0.02202453,0.00000000,0.01714754,0.00000000,0.02994985,0.01646822,0.01958648,0.03629624,0.00650094,0.00000000,0.08224798,0.00547702,0.03568977,0.03241297,0.01814864,0.00000000,0.14221749,0.01099658,0.00000000,0.00139115,0.00000000,0.07575918,0.01505454,0.10430752,0.07568221,0.00885775,0.20220037,0.00353004,0.00000000,0.00000000,0.00589442,0.00000000,0.00000000,0.00534057,0.00000000,0.00000000,0.00134503,0.00000000,0.00000000,0.05314271,0.26715195,0.00000000,0.00000000,0.00000000,0.00838259,0.03802354,0.00000000,0.00156139,0.01131889,0.00000000,0.00000000,0.00538294,0.00800339,0.00000000,0.05340633,0.00000000,0.00000000,0.00000000,0.00000000,0.00000000,0.07238220,0.01974822,0.04702106,0.00000000,0.01220879,0.00000000,0.14632052,0.09879762,0.00000000,0.00000000,0.01242871,0.00752980,0.07699168,0.10755723,0.04880184,0.04967597,0.00228811,0.00609030,0.06526069,0.07846542,0.00000000,0.00000000,0.00000000,0.07733303,0.01755936,0.03318632,0.00000000,0.01247733,0.00212144,0.01191851,0.00000000,0.00991538,0.00000000,0.03017899,0.02410986,0.00182858,0.00000000,0.00041009,0.01691557,0.00000000,0.00992565,0.00000000,0.11708497,0.00000000,0.00994677,0.00000000,0.00000000,0.02048372,0.02110227,0.04219250,0.01044459,0.00000000,0.08974928,0.00000000,0.02131454,0.16328588,0.20628747,0.01462782,0.02045292,0.02174689,0.05709409,0.00000000,0.00000000,0.00537245,0.00000000,0.22506924,0.00000000,0.00000000,0.13128123,0.26097685,0.00691628,0.50267220,0.00000000,0.01130346,0.00620981,0.00162214,0.01920602,0.09344564,0.00500373,0.00259757,0.29851800,0.12820901,0.00000000,0.00696828,0.00913351,0.00000000,0.00000000,0.00000000,0.00000000,0.00000000,0.01430718,0.00076494,0.00000000,0.08477497,0.00000000,0.10605610,0.00000000,0.00000000,0.01546951,0.00000000,0.10330557,0.00124583,0.02984618,0.01042226,0.00000000,0.11170264,0.00000000,0.00000000,0.02813485,0.01438284,0.00000000,0.00885987,0.00515140,0.00000000,0.04214295,0.17944385,0.00801317,0.04539268,0.00017504,0.00000000,0.00204345,0.00504127,0.00000000,0.00000000,0.01102542,0.02717135,0.00000000,0.05055911,0.05249033,0.00031745,0.01734975,0.08034202,0.00000000,0.00000000,0.00000000,0.00000000,0.04882970,0.01318259,0.00219207,0.00000000,0.03494747,0.00000000,0.00314648,0.02466086,0.07327911,0.00000000,0.00501323,0.00557112,0.15373065,0.00075513,0.16836677,0.05608020,0.09366146,0.00000000,0.00000000,0.00000000,0.00553495,0.00000000,0.00000000,0.00491688,0.00000000,0.05418691,0.02839620,0.00000000,0.00000000,0.00000000,0.00000000,0.01326454,0.06039603,0.03379483,0.01311099,0.00200505,0.00000000,0.00036926,0.00072483,0.00478335,0.09052254,0.02120157,0.00000000,0.00000000,0.05491829,0.00000000,0.00571886,0.00000000,0.04124779,0.11581358,0.12715241,0.10472617,0.12787013,0.15486535,0.00000000,0.00618445,0.00000000,0.00000000,0.00000000,0.00906273,0.00000000,0.04958531,0.00000000,0.12849896,0.00376712,0.00758899,0.00213907,0.00000000,0.00000000,0.00000000,0.13592216,0.00000000,0.01943914,0.00849089,0.04023517,0.00337187,0.00075402,0.03381188,0.02240792,0.00831412,0.12345038,0.02370218,0.00000000,0.05109739,0.02812016,0.01943342,0.02824543,0.07131179,0.00057669,0.03000149,0.00000000,0.03344319,0.00633781,0.01551158,0.00000000,0.00000000,0.01461130,0.00745157,0.01135969,0.06140136,0.08225723,0.00853211,0.00000000,0.00265354,0.00000000,0.00821638,0.00198796,0.00791457,0.06877201,0.00000000,0.00071560,0.20634021,0.00000000,0.21073769,0.00164127,0.00000000,0.14002140,0.00340452,0.00380605,0.08066532,0.00905699,0.00316079,0.03938460,0.00000000,0.00000000,0.09929638,0.01270797,0.00816925,0.01466283,0.00000000,0.01259428,0.01254756,0.04109835,0.01518159,0.00000000,0.00288879,0.02020594,0.04609429,0.00375125,0.03763344,0.00131100,0.02267592,0.00042138,0.00647309,0.00000000,0.08563875,0.08545411,0.15407307,0.00306514,0.03375997,0.00000000,0.10952129,0.00198226,0.00038738,0.00000000,0.00000000,0.00000000,0.00000000,0.00000000,0.00000000,0.00431479,0.08934008,0.01235109,0.01278130,0.17538278,0.00000000,0.00184182,0.00653529,0.20330700,0.06008248,0.00000000,0.02422501,0.01672777,0.00000000,0.06586953,0.00000000,0.00559992,0.00000000,0.00148641,0.09322501,0.00000000,0.03392631,0.01240319,0.00000000,0.04742962,0.00000000,0.05932580,0.04332927,0.00427388,0.01549214,0.07187347,0.05830098,0.00827678,0.00241624,0.00694108,0.01199192,0.02149085,0.00000000,0.00270496,0.03594716,0.00557389,0.02696269,0.00299586,0.26808283,0.01874366,0.14516281,0.00082513,0.00000000,0.00404002,0.00000000,0.00000000,0.04766697,0.01036259,0.00000000,0.02902853,0.02336395,0.11896042,0.00000000,0.00355236,0.00932442,0.26835307,0.03091972,0.03393085,0.02123255,0.00852995,0.10724372,0.00000000,0.04890030,0.00000000,0.03296631,0.11633603,0.01191936,0.00000000,0.08443718,0.00000000,0.03125695,0.00465275,0.03173957,0.00302844,0.16387041,0.00000000,0.00388891,0.00000000,0.03642341,0.00000000,0.01999476,0.00000000,0.03607505,0.00000000,0.19360059,0.02429544,0.00620023,0.00000000,0.00440921,0.00000000,0.00391464,0.02782119,0.00000000,0.00662456,0.00168391,0.00000000,0.10276298,0.00000000,0.00383795,0.03484961,0.00000000,0.00002100,0.00000000,0.04496841,0.00009183,0.06946187,0.00000000,0.00000000,0.00000000,0.00075458,0.00168295,0.01638630,0.05202024,0.00687681,0.00000000,0.00689911,0.20394246,0.00646083,0.00012607,0.00000000,0.00000000,0.00000000,0.10242114,0.00000000,0.03618541,0.02439893,0.00000000,0.02204796,0.03180170,0.00000000,0.00000000,0.00000000,0.00000000,0.02243952,0.00731548,0.00125538,0.00000000,0.19542018,0.04282541,0.00000000,0.00000000,0.06930293,0.00000000,0.01847320,0.04472266,0.01380067,0.00000000,0.12254261,0.00000000,0.12623148,0.00844098,0.00000000
6093,data/pair/6093/RHEED/5 min AlSb.MOV,manifest_specified_rheed_path,12.900000,387,8,0.25644001,0.06662425,0.10447125,0.00000000,0.01029018,0.00897082,0.00472672,0.00159244,0.00194932,0.00172301,0.02658185,0.08611652,0.00128864,0.00000000,0.00000000,0.12409032,0.00668591,0.00000000,0.02686885,0.01740413,0.03947236,0.03984381,0.90266418,0.16453962,0.00172072,0.00855035,0.00320927,0.48673800,0.00000000,0.26830825,0.04605889,0.08325817,0.15559377,2.50437784,0.00000000,0.05114001,0.00000000,0.00000000,0.00057606,0.00033917,0.15913875,0.00893288,0.01446782,0.00216918,0.00000000,0.00317938,0.00241109,0.10636633,0.00054171,0.11957535,0.00643799,0.00313076,1.16364121,0.00236183,0.01301325,0.16486068,0.04504445,0.00000000,0.00000000,0.02292831,0.12121738,0.00000000,0.03306365,0.01637238,0.00529389,0.00000000,0.00000000,0.01894866,0.09751479,0.16970156,0.04396630,0.00252657,0.00796422,0.09311580,0.00079444,0.01633183,0.00000000,0.00000000,0.00000000,0.01958060,0.86869788,0.00092729,0.98282069,0.00325548,0.03537890,0.95164198,0.00000000,0.89722925,0.00000000,0.01922484,0.29539621,0.00168058,0.00034931,0.00000000,0.10039417,0.00514347,0.19004133,0.00000000,1.23918962,0.00000000,0.00081781,0.07942712,0.35662767,0.00140572,0.00000000,0.00955232,0.00091498,0.45261943,0.00000000,0.00000000,0.00000000,0.31004122,0.03740970,0.00000000,0.00000000,0.00483201,0.00000000,0.00000000,0.00373859,0.35480237,0.08321135,0.15153196,0.11581425,0.00000000,0.00027171,0.00053300,0.00062450,0.02342572,0.15564357,0.00029493,0.04838498,0.35172743,0.00000000,0.00000000,0.00922880,0.14243542,0.00228090,0.00125076,0.11624426,0.00000000,0.01232945,0.00426907,0.00000000,0.00000000,0.03023623,0.31689334,0.08301201,0.00000000,0.05834277,0.01632971,0.01855813,0.02519581,0.00777687,0.13083929,0.02405604,0.00322023,0.01251139,0.00000000,0.00000000,0.22684127,0.01315867,0.01288734,0.01156999,2.18959951,0.00485110,0.63057536,0.00000000,0.06829697,0.15761752,0.05750463,0.00790417,0.86441213,0.31116265,0.05042365,0.17486574,0.10009150,0.00000000,0.00000000,0.14620489,0.00000000,0.04729538,0.24792537,0.00968424,0.00236514,0.30101651,0.00379290,0.00016706,0.01444673,0.11312082,0.00398252,0.15029626,0.66586792,0.00000000,0.00000000,0.00776996,0.03195508,0.05031252,0.03662019,0.00000000,0.00012674,0.00000000,0.00000000,0.79977798,0.01106643,0.05071186,0.00969101,0.00218069,0.00000000,0.04149713,0.00365591,0.00000000,0.51813275,0.00296322,0.11041692,0.00302080,0.00000000,0.00000000,0.00738009,0.00052804,0.14420584,0.00050601,0.00025378,0.42959407,0.20639282,0.01809151,0.37781087,0.00040608,0.02152607,0.00000000,0.00466596,0.44236618,0.31757817,0.03377184,0.00000000,0.00000000,0.07257747,0.11715585,0.59537011,0.00011773,0.00000000,0.41021392,0.00071960,0.12647404,0.14706179,0.01557240,0.00648168,0.14703451,0.27785242,0.07093299,0.02484170,0.01323877,0.00000000,0.25960687,0.03690485,0.01421102,0.00833251,0.00748675,0.00000000,0.00000000,0.12762795,0.01451204,0.00339140,0.03530423,0.01599761,0.00000000,0.15768325,0.00174962,0.28909528,0.00000000,0.00000000,0.06426289,0.00389899,0.00181391,0.19033124,0.04938219,0.09429164,0.07848144,0.00110797,0.03349873,0.07952747,0.00000000,0.00001295,0.03621598,0.05672208,0.00118833,0.05235605,0.02300126,2.14954495,0.00000000,0.19954231,0.00000000,0.03032337,0.00000000,0.00036429,0.00864128,0.00228852,0.07873967,0.00640870,0.01658509,0.00131465,0.00236088,0.00693307,0.14701262,0.00846984,0.01534338,0.00099137,0.00403807,0.00000000,0.00395887,0.00000000,0.01741580,0.04759541,0.00183899,0.00193284,0.35951418,0.01015734,0.00000000,0.05767573,0.00194689,0.03090662,0.00000000,0.06932270,0.52713495,0.00418540,0.14721213,0.33398271,0.24921206,0.01863213,0.00047533,0.03961189,0.01190009,0.00000000,0.00080489,0.05169608,0.01303693,0.01183884,0.28892851,0.00048152,0.00057437,0.02729630,0.04641344,0.01866847,0.03115809,0.00000000,0.00419375,0.00000000,0.00214676,0.00000000,0.67260760,0.01058993,0.01142000,0.08458570,0.02568214,0.00041842,0.29234266,0.01055274,0.00000000,0.00581039,0.05986885,0.00155141,0.00000000,0.00088862,0.00670066,0.02694680,0.01532206,0.34502885,0.00000000,0.01020766,0.00000000,0.00000000,0.00000000,0.00000000,0.00340903,0.00013966,0.01310778,0.02208733,0.06588901,0.16616184,0.00000000,0.00000000,0.31423360,0.03782790,0.06369224,0.23252399,0.01634039,0.00647081,0.00000000,0.00126617,0.24148439,0.02370525,0.13759054,0.01113837,0.07007015,1.06406069,0.00000000,0.00000000,0.00644801,0.18560268,0.26864839,0.38217661,0.00191562,0.00028690,0.00241628,0.00949697,0.02973671,0.00036823,0.23203862,0.00600820,0.00162996,0.11515353,0.00517345,0.00939930,0.11884657,0.30365434,0.18289092,0.20442943,0.00624148,0.00210318,0.00037759,0.00156720,0.02670706,0.00000000,0.13838603,0.02642560,0.00793570,0.63408273,0.01400279,0.04675026,0.46925184,0.00000000,0.06821849,0.02448246,0.06505085,0.00043648,0.13103627,0.09860151,0.08431043,0.00669709,0.01428930,0.06552853,0.02644836,0.04845351,0.00034354,0.01832366,0.02674492,0.00202719,0.05001644,0.00658690,0.06023629,0.00000000,0.00000000,0.00012088,0.00263133,0.00000000,0.02669516,0.02013993,0.00303516,0.15305011,0.00000000,0.00059583,0.01110178,0.00025952,0.00223978,0.39338160,0.00000013,0.00000000,0.07721995,0.17165492,0.00405050,0.00590793,0.00036818,0.03137492,0.00000000,0.00025486,0.06056570,0.00000000,0.00128093,0.08103915,0.00000000,0.12577522,0.01819464,0.00881246,0.18261126,0.00132364,0.00000000,0.01007721,0.00000000,0.13402085,0.00002490,0.00654496,0.11834608,0.01529614,0.00000000,0.03592742,0.02029291,0.01017881,0.42190826,0.13176826,0.00175744,0.15249506,0.00378616,0.00897322,0.01824665,0.01238055,0.02504197,0.00123440,0.65689301,0.00763579,0.00560063,0.35699603,0.04278619,0.00720936,0.00185478,0.00922276,0.06181440,0.00000000,0.06435183,0.02131043,0.00000000,0.06669134,0.01762707,0.09882007,0.00123569,0.03116961,0.00041354,0.00178499,0.24632674,0.03890531,0.00000000,0.44069555,0.04204630,0.03970380,0.00000000,0.05151540,0.00000000,0.45684528,0.01715592,0.18484372,0.03259611,0.04600655,0.02095944,0.00000000,0.00000000,0.02883220,0.43901163,0.00096876,0.00907989,0.00178878,0.00000000,0.00000000,0.00733913,0.05595886,0.08468800,0.08469994,0.02344250,0.01702446,0.00000000,0.04648085,0.00000000,0.00000000,0.00000000,0.01324845,0.01551544,0.00303752,0.01546661,0.28593862,0.26311198,0.00909945,0.00057547,0.01183516,0.00000000,0.00000000,0.11231293,0.00000000,0.08180504,0.00000000,0.00000000,0.00076389,0.00000000,0.13168922,0.16569979,0.16650903,0.01633005,0.02744198,0.00599674,0.01152904,0.21424255,0.06768055,0.00000000,0.02825337,0.20299305,0.00033935,0.02098194,0.00000000,0.15556306,0.02977417,0.02397412,0.00000000,0.00118883,0.00129024,0.00952968,0.09737410,0.00080193,0.00000000,0.00000000,0.00000000,0.01138896,0.85139251,0.00000000,0.03268047,0.00016811,0.00488619,0.00000000,0.05373228,0.02750707,0.03236730,0.00000000,0.35338911,0.02842541,0.00625262,0.00070996,0.10806546,0.00244605,0.00114471,0.12762704,0.03172717,0.00092473,1.25409877,0.00306936,0.02252459,0.04022321,0.02084742,0.02804890,0.03192213,0.00000000,0.00352896,0.99863702,0.71640575,0.00009816,0.00633721,0.00089477,0.00012969,0.01052111,0.04601937,0.00305292,0.00757533,0.00000000,0.00000000,0.05193878,0.41386807,0.24866687,0.02431043,0.00376249,0.24582760,0.00275751,0.77307349,0.28959551,0.00000000,1.06863213,0.00000000,0.00000000,0.04965778,0.00870904,0.00246871,0.00180710,0.00000000,0.00000000,0.00021199,0.00000000,0.00000000,0.05628398,0.88244963,0.08131176,0.00000000,0.02084697,0.00880716,0.02528635,0.06306547,0.00000000,0.00612286,0.00082892,0.00438109,0.01006233,0.00197380,0.06254584,0.03817853,0.05535105,0.51288211,0.00111498,0.00000000,0.03760037,0.00092758,0.00000000,0.09602802,0.03166133,0.02616544,0.01772428,0.00038968,0.07087401,0.00418992,0.00000000,0.00407493,0.00009204,0.01332739,0.00000000,0.26006010,0.00000000,0.00000000,0.49415320,0.08841747,0.00003465,0.00000000,0.00145026,0.06898983,0.00000000,0.11362623,0.00000000,0.00000000,0.07810854,0.10326894,0.00125292,0.00023339,0.00645039,0.00722939,0.00409780,0.07418839,0.11138189,0.00000000,0.00000000,0.00399800,0.00325182,0.07804649,0.23288155,0.00000000,0.01697286,0.00000000,0.06337631,0.00736680,0.00000000,0.23511226,0.00643556,0.00013519,0.00000000,0.14720762,0.02948787,0.06316917,0.00000000,0.00004967,0.70708823,0.01969717,0.04688083,0.01388760,0.00163341,0.52654672,0.09712595,0.00041100,0.04736880,0.00000000,0.00072665,0.00000000,0.11358941,0.00000000,5.88829470,0.09937028,0.00000000,0.00321728,0.00359492,0.00197262,0.10289427,0.00664722,0.01855323,0.03574392,0.50844204,0.04571591,0.02723446,0.00394079,0.00000000,0.00097830,0.00132912,0.05226796,0.01814928,0.02691067,0.02539633,0.29631558,0.01103289,0.04328297,0.13101836,0.13087578,0.00001694,0.32936865,0.00000000,0.22608672,0.00000000,0.21811455,0.00068179,0.15116751,0.23260194,0.03261559,0.33935830,0.00000000,0.01002523,0.00037794,0.05986503,0.00481186,0.00000000,0.02863932,0.06012777,0.15944542,0.00017559,0.00000000,0.17126620,0.05956265,0.01418314,0.00000000,0.00000000,0.07787776,0.08780998,0.03805977,0.00376268,2.07780194,0.05645928,2.06697464,0.00389946,0.01414067,0.12908128,0.00026084,0.00932710,0.02104792,0.09274736,0.00000000,0.00000000,0.00141466,0.01486215,0.00000000,0.19633812,0.22070667,0.01305077,0.18994556,0.00048501,0.00034700,0.00841736,0.11025781,0.00000000,0.15467912,0.00000000,0.01175866,0.00171879,0.00000000,0.00340294,0.04965174,0.00837440,0.02669259,0.04118270,0.01403687,0.02012553,0.01037304,0.00627855,0.00213614,0.00301961,0.01632309,0.00284961,0.00262355,0.05104411,0.00000000,0.07581833,0.00434456,0.00000000,0.00015009,0.94474208,0.00000000,0.00676704,0.38374525,0.00000000,0.00000000,0.05143188,0.08220045,0.00000000,0.24559686,0.15453686,0.08155805,0.01749654,0.00030642,0.01598205,0.00201778,0.00943247,0.16171288,0.00271216,0.00000000,0.01957303,0.00059652,0.00000000,0.00545775,0.17573738,0.00814172,0.41067237,0.00000000,0.01303987,1.47916603,0.00583649,0.00000000,0.00000000,0.09840983,1.04307592,0.00631663,0.00000000,0.00000000,0.03662513,0.00000000,0.00000000,0.01184835,0.36433804,0.11832500,0.00000000,0.00000000,0.00069769,0.00904984,0.02147838,0.00000000,0.00225306,0.00160884,0.00404245,0.00340180,0.01423142,0.13803490,0.02997931,0.01800907,0.01461332,0.61892635,0.00050822,0.01957572,0.00117509,0.00000000,0.00000000,0.00403335,0.00098727,0.00000000,0.00009205,0.01149845,0.03918616,0.00078650,0.00888032,0.00361555,0.06462312,0.00081649,0.00000000,0.00328873,0.00781402,0.94826049,0.17249089,1.22903156,0.11642703,0.03950052,0.27990115,0.00022293,0.00004459,0.04555157,0.05221771,1.14254546,0.38250917,0.00000000,0.00309209,0.08178039,0.25828713,0.00922113,0.07675891,0.08311819,0.00812383,0.00870421,0.00609065,0.00000000,0.04742119,0.00107902,0.01294925,0.00000000,0.33689773,0.05529166,0.00343233,0.02114720,0.22641523,0.10665315,0.33503136,0.00000000,0.00773434,0.03664555,0.00390258,0.00000000,0.02213064,0.02478485,0.00000000,0.00446002,0.00000000,0.00015043,0.00000000,0.03450993,0.00028681,0.04223548,0.00444215,0.08584791,0.00305797,0.00656996,0.50341654,0.00119901,0.00000000,0.00000000,0.07146974,1.14727056,0.06418802,0.27298751,0.00065445,0.00584318,0.43318185,0.02330400,0.03513247,0.00000000,0.13984163,0.06823694,0.00264999,0.01155194,0.00811284,0.00085868,0.03886428,0.06770074,0.03772664,0.24330349,0.08293266,0.00869130,0.04422405,0.26630822,0.00823813,1.87701201,0.08765922,0.00533099,0.00000000,0.02473502,0.09997591,0.00642097,0.06901723,0.01845675,0.00002622,0.00946604,0.01661448,0.06148089,0.00000000,0.01532349,0.00000000,0.03759898,0.21678579,0.00197280,0.04500860,0.78567809,0.00769930,0.13046885,0.05977146,0.08023685,0.00176571,0.12165376,0.02696110,0.03068073,0.00000000,0.00007717,0.01678669,0.01307722,0.00000000,0.01522759,0.01840680,0.00000000,0.00000000,0.03542274,0.04523959,0.06236865,0.01869467,0.03779533,0.07133382,0.68954456,0.00000000,0.02375442,0.16046606,0.00338532,0.00478014,0.07349139,0.21035893,0.01503871,0.00000000,0.00824711,0.02170603,0.01639795,0.00000000,0.00760161,0.13421874,1.07899809,0.14654972,0.14593047,0.00000000,0.31614885,0.06599538,0.23698315,0.10943060,0.01841596,0.00138199,0.00111463,0.10162137,0.05999001,0.08097617,0.00000000,0.00000000,0.13685259,0.03022587,0.08083274,1.51744592,0.20655878,0.01589588,0.06026741,0.00000000,0.00000000,0.00000000,0.31896451,0.00000000,0.11472335,0.00159811,0.03720457,0.00000000,0.56859738,0.18067636,0.00000000,0.01651824,0.00000000,0.10864751,0.00032968,0.09841896,0.06774018,0.00176660,0.00017891,0.00000000,0.00472557,0.67353970,0.00000000,0.00000000,0.05639882,0.01028386,0.07575176,0.07411533,0.00160926,0.00383493,0.00198008,0.21581481,0.15549800,0.44767401,0.02455468,0.02619901,0.00000000,0.04524748,0.32329351,0.02603688,0.36843964,0.00019709,0.00000000,0.02464160,0.00869272,0.00232247,0.05820557,0.00000000,0.00460334,0.00420214,0.00000000,0.00059914,0.00000000,0.00000000,0.04105560,0.00576661,0.63953054,0.00000000,0.00000000,0.02446824,0.00000000,0.06427378,0.11529333,0.00014046,0.01535422,0.00000000,0.00933783,0.07867457,0.00000000,0.00786296,0.01348586,0.00000000,0.21971035,0.00157305,0.10743675,0.00151882,0.44254705,1.22929478,0.00000000,0.00567826,0.02092386,0.11071176,0.31317180,0.04079729,0.00063041,0.00000000,0.00000000,0.00455850,0.38938034,0.70514220,0.00936620,0.00020680,0.00036356,0.00000000,0.00000000,0.42547199,0.02902621,0.29315355,0.00000000,0.00000000,0.04362386,0.00000000,0.48641559,0.06015735,0.00741257,0.00000000,0.00000000,0.06588505,0.04911490,0.06958348,0.09396343,0.00713283,3.28099084,0.00000000,0.00016650,0.00016589,1.03964078,0.07736310,0.01082803,0.03225867,0.00545104,0.00000000,0.20845127,0.01383070,0.00000000,0.00000000,0.00000000,0.01182296,0.00123155,0.20957448,0.00000000,0.00606274,0.00000000,0.00314393,0.00593001,0.00985068,0.00503161,0.06067265,0.03699266,0.00000000,0.00088854,0.12171878,0.15514907,0.00825793,0.00000000,0.00138228,0.03183965,0.01162799,0.00540460,0.05849175,0.00000000,0.00000000,0.29984975,0.01908481,0.04610430,0.00000000,0.06598731,0.15013178,0.01747537,0.00066904,0.00000000,0.01642302,0.01357072,0.58686149,0.63124955,0.00468514,0.00563335,1.08114600,0.00000000,0.00090246,0.00000000,0.01785434,0.04313635,0.09601496,0.00000000,0.16181274,0.00000000,0.00000000,0.00000000,0.07377177,0.56776899,0.15069015,0.00000000,0.01510514,0.01242405,0.00000000,0.83970076,0.00000000,0.02590651,0.00740620,0.00727485,0.17538849,0.97300851,0.80880195,0.00000000,0.00000000,0.00000000,0.25856197,0.00474583,0.00000000,0.00588496,0.00907088,0.01031456,0.25636783,0.36296132,0.00070609,0.00000000,0.04021414,0.04781374,0.04608316,0.17222783,0.00409887,0.32893324,0.00000000,0.00543602,0.35025582,0.07040985,0.19562165,0.11581396,0.00000000,0.08737210,1.33361566,0.00838077,0.01505892,0.02067675,0.02588543,0.00000000,0.06262337,0.11160772,0.01812147,0.00000000,0.14497934,0.01778037,0.02394341,0.00569544,0.00207513,0.00582827,0.00706824,0.00065180,0.00931626,0.83881080,0.00000000,0.00000000,0.00000000,0.30587712,0.00581113,0.01346136,0.00138390,0.00008685,0.00039778,0.03296430,0.03389773,0.00136793,0.00515604,0.00040240,0.02783507,0.05301273,0.15093081,0.70155853,0.01199182,0.00000000,0.21641704,0.21227795,0.00000000,0.02048668,1.01293302,0.60752034,0.01295719,0.14757890,0.00099130,0.00000000,0.26793370,0.00000000,0.02763592,0.04476650,0.00000000,0.00000000,0.00000000,0.02116130,0.00076270,0.29868299,0.00021474,0.00448742,0.05831359,0.10148928,0.00562587,0.00000000,0.01944806,0.06716152,0.01849170,0.00251654,0.00000000,0.24109024,0.00000000,0.09155810,0.00807066,0.00452862,0.00043308,0.00110785,0.00114500,0.00428121,0.02243723,0.18443500,0.00000000,0.03738853,0.00087852,0.01330477,0.02470673,0.00000000,0.00000000,0.02955975,0.15002197,0.01932372,0.00000000,0.04655133,0.02698336,0.20536134,0.22227080,0.07035335,0.06239488,0.06501887,0.14400649,0.09582245,3.14509797,0.01295401,0.00177838,0.00000000,0.00585099,0.00742528,0.60703486,0.40169314,0.00000000,0.00190272,1.16047966,0.01535156,0.00269832,0.00073655,0.00243232,0.02129913,0.09554994,0.00368632,0.00000000,0.00204245,0.00000000,0.00000000,0.00002271,0.00000000,0.02671461,0.13294615,0.00000000,0.00534299,0.09591192,0.00000000,1.08259416,0.13181338,0.00000000,0.07859845,0.00000000,0.00000000,0.00000000,0.12551202,0.00011484,0.00241767,0.00000000,0.03639920,0.00000000,0.00000000,0.00286731,0.07013230,0.50488698,0.00118221,0.02350226,0.00064908,0.04872291,0.16818014,0.00000000,0.01907663,0.15754241,0.00137418,0.09957285,0.10792952,0.64547521,0.01450116,0.01565776,1.32398820,0.01067430,0.11360248,0.00000000,0.02304073,0.00000000,0.00171628,0.00000000,0.04475957,0.02833831,0.00098835,0.00000000,0.00182782,0.00000000,0.00064978,0.00000000,0.05819469,0.00000000,0.00177433,0.00000000,0.29695013,0.00000000,0.00000000,0.17941259,0.04952575,0.00000000,0.03019615,0.04113047,0.00000000,0.00124062,0.00000000,0.00000000,0.01284141,0.13413075,0.00000000,0.03293515,0.05558279,0.14824754,0.02587986,0.00000000,0.01461135,0.00000000,0.04829451,0.07481601,0.00000000,0.05203048,0.01333280,0.00131359,0.28796503,0.00926797,0.00648907,0.11732548,0.04976707,0.00381050,0.73768622,0.07790966,0.00000000,0.00204292,0.00000000,0.56712770,0.00000000,0.02507228,0.53847390,0.00000000,0.23909505,0.06791463,0.00081541,0.00000000,0.00497175,0.01500917,0.03093625,0.00021899,0.00000000,0.00045453,0.00143138,0.00000000,0.00000000,0.14420676,1.31998587,0.00396752,0.00000000,0.16925615,0.00000000,0.05510410,0.00000000,0.01641624,0.08027405,0.00000000,0.00000000,0.00000000,0.00000000,0.04899003,0.27180907,0.00000000,0.00000000,0.00000000,0.00000000,0.00000000,0.16532162,0.00000000,0.00971970,0.00000000,0.00086584,0.00000000,0.14438821,0.08191773,0.00034301,0.00556775,0.00107392,0.00000000,0.16196474,0.11766535,0.07786699,0.23969662,0.00121250,0.00694812,0.29241908,0.09961087,0.07632582,0.00000000,0.01338343,0.08244823,0.01521738,0.00392830,0.00827318,0.00096709,0.04418954,0.07801567,0.00000000,0.03448841,0.01237366,0.01097258,0.02455651,0.02734024,0.03408742,0.00149283,0.01706836,0.01525730,0.00662667,0.00000000,0.18780045,0.00364370,0.03308549,0.00000000,0.00100902,0.01336488,0.11673603,0.18661475,0.00168338,0.00000000,0.33075428,0.00000000,0.15231907,0.29936171,0.98915780,0.06215669,0.01072770,0.00000000,0.02633024,0.00000000,0.00114752,0.00211339,0.00000000,0.48030749,0.00634682,0.00704068,0.00149424,0.39070666,0.02041818,2.86555696,0.00000000,0.01355839,0.05709923,0.00058857,0.00099361,0.02727183,0.05862752,0.00236879,0.48142394,0.17095020,0.00000000,0.05575034,0.11771947,0.00000000,0.00000000,0.00000000,0.00128025,0.00000000,0.03329645,0.00260159,0.03557898,0.03960040,0.00000000,0.32597902,0.00000000,0.00000000,0.00082625,0.00000000,0.17363450,0.00000000,0.06720078,0.00610377,0.00149236,0.13619766,0.00151690,0.00292619,0.01463455,0.00408193,0.00073483,0.02174604,0.29099789,0.04560846,0.02810131,0.83547902,0.01106673,0.03054145,0.04046044,0.00000000,0.00070555,0.03172715,0.00479733,0.00000000,0.00967710,0.05696771,0.14291129,0.08577797,0.03489563,0.02871070,0.00436828,0.23384738,0.00000000,0.00418333,0.00000000,0.00000000,0.02549035,0.00145720,0.00876944,0.00234508,0.02330551,0.04854891,0.16727959,0.04495552,0.15776120,0.04693681,0.00242419,0.42792362,0.61966377,0.00000000,0.96211076,0.01368921,0.13923727,0.07065682,0.02128173,0.00154636,0.00000000,0.00000000,0.00177317,0.00047132,0.00114660,0.43646067,0.12322781,0.00971558,0.00000000,0.08099119,0.00000000,0.02563733,0.00242455,0.10969608,0.00869247,0.00000000,0.00891310,0.00000000,0.00837719,0.00148984,0.48798373,0.15300460,0.00807270,0.00000000,0.27508479,0.02826630,0.00178405,0.00000000,0.00335530,0.76643723,0.21939248,0.25349519,0.02096158,0.42826265,0.00000000,0.02857986,0.07352122,0.02529517,0.00000000,0.00000000,0.00000000,0.02562798,0.00000000,0.10980871,0.02028486,0.00733307,0.00114866,0.00000000,0.07420047,0.00000000,0.61245251,0.00000000,0.00502964,0.01454882,0.08436715,0.00000000,0.00822046,0.11978237,0.00962549,0.00029476,0.20528115,0.01326347,0.00348034,0.06834392,0.02510741,0.00000000,0.00742727,0.49245596,0.00098995,0.00037184,0.06208055,0.02231489,0.00105435,0.00442084,0.00000000,0.01157769,0.00728695,0.00277984,0.00232177,0.00949641,0.06482276,0.01913893,0.00703855,0.00670239,0.00065372,0.00000000,0.00000000,0.00327041,0.13837978,0.00000000,0.00105969,1.62677622,0.00266580,0.94561619,0.03538200,0.01242745,0.30159053,0.00319014,0.03353239,0.39807802,0.01874618,0.00761954,0.12080639,0.00000000,0.00431210,0.41624671,0.00000000,0.01424727,0.09057908,0.00084886,0.00018052,0.00462583,0.00000000,0.00286726,0.00044290,0.00000000,0.00000000,0.02753620,0.02305635,0.09698236,0.00395066,0.14963263,0.00102950,0.00000000,0.02934889,0.08070739,0.09979940,0.87862289,0.00123110,0.01670133,0.05870502,0.12265909,0.00022035,0.00000000,0.00680835,0.01067473,0.00000000,0.00160188,0.00000000,0.00000000,0.00083804,0.03044304,0.05334928,0.00115613,1.95014822,0.00000000,0.01412032,0.00987236,0.60172504,0.28251079,0.00000000,0.00543701,0.04261793,0.00123001,0.29253533,0.00000000,0.00772475,0.00000000,0.00972984,0.00685250,0.00006005,0.01895661,0.00381132,0.01818876,0.00509002,0.01414247,0.03538190,0.19467324,0.00343756,0.00000000,0.14691907,0.09906241,0.02199120,0.01535241,0.00000000,0.00547159,0.08640056,0.07548343,0.02686587,0.00004649,0.00494707,0.01017407,0.02386141,0.70323026,0.10115413,0.62321496,0.00239657,0.00000000,0.00059339,0.00000000,0.06804324,0.12442020,0.00439961,0.07601410,0.27363867,0.10659187,0.11493140,0.00000000,0.00000000,0.00051602,0.46396142,0.31015339,0.22375599,0.00520279,0.00651579,0.00753189,0.00003401,0.12749276,0.09798297,0.19529474,0.01833228,0.00000000,0.00000000,0.19520144,0.00000000,0.01792704,0.02434050,0.08937474,0.00778740,0.59431249,0.00000000,0.00087292,0.00080124,0.01622818,0.00000000,0.01395910,0.05036383,0.06087814,0.11666185,0.91989326,0.02157110,0.00149212,0.00690155,0.00385580,0.00742666,0.00665185,0.52119458,0.00000000,0.02121862,0.00071016,0.00041750,0.03032867,0.00000000,0.00000000,0.11006093,0.00723134,0.00814262,0.00000000,0.02087354,0.00076743,0.11307718,0.00000000,0.00270835,0.00000000,0.02361268,0.00304499,0.04460844,0.03228972,0.00000000,0.05893416,0.00000000,0.93578702,0.02906531,0.00000000,0.00000000,0.00000000,0.00613403,0.34039190,0.01276113,0.00407844,0.00629793,0.00014555,0.02112655,0.02300798,0.00047535,0.00000000,0.00000000,0.00331339,0.00000000,0.15869056,0.01015127,0.00456635,0.19566169,0.04938078,0.00000000,0.00580568,0.27585584,0.00000000,0.08453169,0.12504679,0.04866179,0.00000000,0.32211292,0.01512343,0.20784816,0.02098951,0.00000000,0.13552479,0.03752616,0.05053744,0.00000000,0.01462172,0.00668883,0.00547589,0.00337861,0.00515740,0.00455865,0.02380046,0.02620778,0.00340941,0.00000000,0.00000000,0.01252981,0.01083113,0.00000000,0.01657365,0.01682464,0.01591786,0.01694967,0.16897757,0.05036752,0.00198748,0.01608417,0.00647711,0.14728412,0.00000000,0.08878621,0.03683978,0.03653601,0.09203249,0.31453386,0.00000000,0.02348127,0.00000000,0.00000000,0.00152412,0.00089735,0.04251892,0.01339778,0.02696276,0.00573910,0.00000000,0.00841186,0.00436059,0.05293533,0.00143323,0.05400431,0.00879443,0.00393474,0.25436768,0.00525741,0.01573922,0.11116491,0.01602115,0.00000000,0.00000000,0.01269098,0.05479325,0.00000000,0.08747818,0.02167127,0.00976549,0.00000000,0.00000000,0.02680823,0.07018075,0.08931421,0.01678780,0.00668468,0.00771187,0.10524069,0.00210190,0.02936042,0.00000000,0.00000000,0.00000000,0.01212706,0.43860960,0.00245338,0.31795108,0.00579101,0.02941679,0.27285931,0.00000000,0.24905664,0.00000000,0.01917302,0.02821071,0.00390765,0.00092419,0.00000000,0.04350496,0.00557823,0.03749926,0.00000000,0.56232023,0.00000000,0.00216371,0.04940639,0.12567736,0.00371919,0.00000000,0.02139804,0.00242082,0.12059336,0.00000000,0.00000000,0.00000000,0.06788371,0.02742369,0.00000000,0.00000000,0.00856878,0.00000000,0.00000000,0.00503234,0.29170510,0.07122736,0.08917789,0.04722098,0.00000000,0.00071888,0.00141019,0.00165228,0.02114526,0.05376440,0.00078032,0.02340714,0.19715337,0.00000000,0.00000000,0.01390929,0.06122386,0.00590347,0.00209752,0.12095761,0.00000000,0.00933107,0.01129489,0.00000000,0.00000000,0.01783686,0.07678020,0.04003445,0.00000000,0.02549416,0.01771556,0.03106874,0.03485929,0.01333045,0.03274202,0.01500067,0.00799433,0.02788660,0.00000000,0.00000000,0.05478753,0.01003008,0.02208083,0.02222366,0.33322790,0.00968039,0.22479959,0.00000000,0.02471659,0.09504929,0.03719173,0.00820422,0.38697609,0.09028432,0.03513922,0.06522404,0.10840467,0.00000000,0.00000000,0.13574925,0.00000000,0.04521905,0.10287475,0.01103408,0.00625757,0.18435749,0.00465241,0.00044199,0.01058889,0.08464916,0.00691071,0.07297016,0.18185677,0.00000000,0.00000000,0.00538217,0.03533644,0.05451278,0.02527640,0.00000000,0.00029865,0.00000000,0.00000000,0.31647560,0.01306287,0.05094958,0.00760242,0.00481431,0.00000000,0.02446668,0.00967262,0.00000000,0.24214223,0.00428164,0.02360875,0.00528031,0.00000000,0.00000000,0.00648650,0.00139706,0.07952905,0.00133877,0.00067144,0.10001737,0.12352414,0.01711771,0.17356469,0.00107440,0.01357778,0.00000000,0.00706799,0.11979898,0.11387622,0.04540036,0.00000000,0.00000000,0.03164845,0.05734124,0.12000123,0.00031148,0.00000000,0.13032538,0.00110280,0.08764012,0.04132341,0.01463331,0.00825654,0.08220636,0.13864660,0.07150587,0.02215065,0.01575176,0.00000000,0.35931107,0.05244831,0.01880473,0.01332927,0.00632756,0.00000000,0.00000000,0.04402850,0.00918165,0.00509146,0.03594209,0.02154577,0.00000000,0.06143194,0.00399839,0.10615536,0.00000000,0.00000000,0.02926903,0.00580980,0.00479914,0.08925620,0.03603859,0.06442662,0.04470101,0.00293142,0.03745982,0.03067433,0.00000000,0.00003425,0.03477347,0.07704086,0.00314402,0.04471023,0.02899326,0.31857368,0.00000000,0.07735641,0.00000000,0.03042231,0.00000000,0.00096383,0.00905959,0.00299119,0.03603198,0.01232430,0.01779410,0.00193791,0.00424235,0.00918579,0.11069719,0.01084716,0.01661092,0.00262293,0.00595469,0.00000000,0.01047417,0.00000000,0.00837192,0.03870720,0.00320977,0.00379957,0.12986235,0.00798944,0.00000000,0.02540976,0.00501322,0.03331263,0.00000000,0.05144660,0.14373936,0.00623077,0.06439824,0.17381987,0.11163754,0.02398036,0.00112767,0.01545269,0.00757510,0.00000000,0.00212954,0.03792136,0.03150112,0.01863981,0.05256957,0.00103701,0.00097308,0.02916585,0.04012313,0.01758650,0.03279648,0.00000000,0.01093789,0.00000000,0.00567980,0.00000000,0.27214625,0.02801833,0.01078893,0.07922310,0.02274489,0.00110705,0.19806387,0.00630955,0.00000000,0.00858246,0.01967048,0.00193838,0.00000000,0.00235106,0.01198547,0.03370210,0.01544792,0.07096829,0.00000000,0.02210790,0.00000000,0.00000000,0.00000000,0.00000000,0.00851127,0.00036949,0.00979620,0.01944929,0.05713684,0.06658169,0.00000000,0.00000000,0.16007768,0.03874560,0.07132699,0.10948405,0.00985770,0.00931816,0.00000000,0.00334996,0.07879716,0.02688556,0.08165712,0.00898320,0.05898462,0.28913978,0.00000000,0.00000000,0.00961078,0.11327535,0.09230755,0.10942490,0.00275783,0.00075907,0.00639289,0.00906742,0.02027822,0.00097426,0.10713766,0.00907964,0.00343097,0.06897436,0.01368767,0.01783572,0.03876697,0.10161036,0.09145835,0.05314219,0.00878672,0.00225202,0.00099900,0.00414642,0.03467777,0.00000000,0.06299809,0.01851079,0.01605923,0.18801206,0.00999971,0.02483780,0.07808091,0.00000000,0.01862863,0.02632781,0.03689150,0.00115483,0.06236217,0.07221071,0.06949782,0.01026691,0.03718781,0.07219129,0.06546473,0.04338160,0.00090891,0.01668466,0.01726608,0.00441808,0.02842151,0.01399670,0.05157269,0.00000000,0.00000000,0.00031981,0.00348856,0.00000000,0.02038444,0.01820138,0.00399166,0.11238121,0.00000000,0.00157641,0.01398951,0.00068663,0.00395494,0.17272928,0.00000034,0.00000000,0.02907266,0.07884143,0.00307350,0.00837581,0.00097410,0.04914634,0.00000000,0.00067431,0.03194102,0.00000000,0.00226455,0.03217845,0.00000000,0.04954955,0.02339158,0.02331558,0.12874657,0.00350202,0.00000000,0.01107778,0.00000000,0.08283576,0.00006589,0.00870886,0.07232323,0.01813797,0.00000000,0.02333189,0.01707295,0.01516305,0.21987717,0.06357474,0.00464976,0.10894048,0.00502647,0.00960411,0.02325468,0.01885555,0.01860826,0.00178984,0.29664716,0.00969654,0.01435594,0.18776406,0.03900649,0.01329778,0.00326714,0.01994241,0.02890010,0.00000000,0.04822909,0.01710126,0.00000000,0.03609815,0.01863519,0.04244563,0.00219597,0.02121796,0.00085511,0.00472264,0.15794311,0.02995871,0.00000000,0.12261174,0.06519699,0.02330837,0.00000000,0.02631957,0.00000000,0.14476548,0.03934417,0.09686178,0.06365379,0.04966344,0.01805362,0.00000000,0.00000000,0.02207560,0.22529548,0.00240177,0.01955393,0.00417072,0.00000000,0.00000000,0.00816835,0.14803992,0.02792678,0.06452528,0.01273109,0.01616126,0.00000000,0.04025637,0.00000000,0.00000000,0.00000000,0.01474026,0.02606820,0.00369306,0.01059260,0.10031113,0.24104187,0.02407488,0.00152255,0.00742788,0.00000000,0.00000000,0.09906565,0.00000000,0.09232981,0.00000000,0.00000000,0.00202105,0.00000000,0.09622779,0.17477803,0.09342048,0.03770342,0.01432808,0.00834040,0.02093719,0.08807708,0.01490478,0.00000000,0.02312066,0.09534645,0.00089784,0.02233957,0.00000000,0.05853713,0.01743671,0.01416787,0.00000000,0.00314535,0.00243359,0.00992290,0.07440290,0.00124699,0.00000000,0.00000000,0.00000000,0.01209415,0.20460877,0.00000000,0.00460593,0.00044478,0.00583397,0.00000000,0.04635837,0.05239302,0.03058991,0.00000000,0.10771439,0.02983226,0.01083104,0.00187838,0.06536034,0.00456201,0.00302861,0.05589096,0.02777267,0.00128089,0.40479085,0.00297007,0.01871433,0.03936620,0.01780027,0.02276088,0.02263256,0.00000000,0.00471518,0.25589895,0.28076950,0.00025972,0.00480427,0.00157168,0.00034312,0.02202135,0.04106079,0.00733719,0.02004244,0.00000000,0.00000000,0.02617185,0.20179626,0.11058129,0.02108958,0.00899905,0.12048046,0.00392797,0.22308016,0.07062788,0.00000000,0.08706049,0.00000000,0.00000000,0.05756187,0.01083999,0.00428233,0.00291454,0.00000000,0.00000000,0.00056087,0.00000000,0.00000000,0.02567028,0.25831282,0.04774969,0.00000000,0.03425562,0.01613226,0.02437085,0.03373434,0.00000000,0.00838702,0.00191598,0.00624427,0.01574317,0.00522219,0.02336971,0.04589522,0.03358890,0.09460407,0.00255546,0.00000000,0.03004809,0.00244396,0.00000000,0.06023651,0.02027491,0.01585220,0.01823458,0.00103099,0.01456399,0.00626571,0.00000000,0.00535429,0.00024350,0.02098518,0.00000000,0.12946086,0.00000000,0.00000000,0.14231384,0.03952463,0.00009166,0.00000000,0.00239516,0.04276728,0.00000000,0.05984585,0.00000000,0.00000000,0.03963307,0.05738268,0.00217305,0.00061749,0.01060262,0.01072357,0.00735923,0.03065465,0.03397614,0.00000000,0.00000000,0.00902857,0.00377101,0.06196789,0.14302823,0.00000000,0.01597813,0.00000000,0.03476932,0.01504837,0.00000000,0.18471719,0.01150936,0.00035768,0.00000000,0.07652441,0.01503415,0.07289546,0.00000000,0.00013141,0.17712605,0.02544062,0.02091657,0.02600944,0.00432160,0.14378279,0.05007529,0.00108741,0.02022775,0.00000000,0.00192253,0.00000000,0.04636055,0.00000000,0.61924666,0.08077038,0.00000000,0.00564366,0.00526902,0.00355375,0.04025202,0.01139175,0.02133928,0.05020946,0.10422658,0.02460383,0.02075890,0.01042634,0.00000000,0.00258834,0.00351651,0.03785831,0.02123188,0.02119974,0.02075192,0.17629397,0.01871003,0.02114763,0.05132480,0.05089492,0.00004483,0.05417718,0.00000000,0.14391515,0.00000000,0.10976743,0.00139717,0.05471592,0.11723742,0.01543368,0.14048418,0.00000000,0.01201603,0.00099992,0.04757563,0.01064561,0.00000000,0.03633602,0.06428154,0.07833178,0.00046456,0.00000000,0.14691928,0.06404621,0.02273925,0.00000000,0.00000000,0.06068532,0.06870562,0.02583789,0.00995511,0.21382444,0.05982950,0.35333130,0.00605228,0.01791315,0.06058070,0.00069013,0.00739352,0.01025247,0.09225364,0.00000000,0.00000000,0.00268556,0.01620562,0.00000000,0.07540076,0.09242820,0.02088341,0.07505366,0.00128321,0.00086090,0.02133803,0.07714034,0.00000000,0.10104004,0.00000000,0.01751660,0.00454748,0.00000000,0.00500714,0.01564179,0.01302451,0.03284251,0.04129919,0.01675034,0.02694451,0.01190162,0.01285677,0.00330548,0.00376570,0.01778528,0.00553927,0.00371262,0.02230607,0.00000000,0.06397843,0.00594606,0.00000000,0.00029982,0.27763411,0.00000000,0.00824282,0.10496619,0.00000000,0.00000000,0.02000193,0.04598187,0.00000000,0.07229690,0.08400519,0.02114618,0.01280199,0.00081071,0.01450704,0.00362744,0.00742573,0.10099256,0.00445083,0.00000000,0.03835594,0.00157825,0.00000000,0.01206823,0.10424285,0.00845819,0.21431057,0.00000000,0.01316448,0.25805110,0.00666217,0.00000000,0.00000000,0.03712691,0.20072475,0.01671223,0.00000000,0.00000000,0.02894879,0.00000000,0.00000000,0.02062739,0.10187852,0.06274025,0.00000000,0.00000000,0.00184591,0.02394363,0.03392732,0.00000000,0.00596103,0.00220709,0.01004929,0.00676509,0.00965793,0.06683955,0.01546340,0.01996820,0.01764790,0.15640579,0.00093022,0.02228224,0.00211210,0.00000000,0.00000000,0.00864920,0.00261207,0.00000000,0.00024354,0.01182810,0.03200138,0.00136248,0.01776036,0.00956586,0.05444986,0.00216022,0.00000000,0.00465331,0.01200176,0.20490678,0.06545191,0.17289658,0.06997758,0.09555648,0.16045712,0.00058981,0.00011797,0.04200559,0.02848698,0.13536863,0.18339126,0.00000000,0.00580851,0.02465311,0.06049921,0.01231342,0.04620282,0.06246214,0.01094687,0.01102849,0.00935889,0.00000000,0.03154635,0.00285483,0.03426050,0.00000000,0.12799321,0.02204021,0.00429793,0.02662170,0.10598432,0.02297135,0.10997811,0.00000000,0.01363459,0.03266092,0.00972202,0.00000000,0.02159516,0.03167792,0.00000000,0.01180009,0.00000000,0.00039800,0.00000000,0.02898420,0.00075883,0.03998576,0.00779567,0.04677609,0.00531334,0.00719698,0.20019197,0.00317229,0.00000000,0.00000000,0.04681148,0.16304782,0.08466696,0.10344222,0.00173150,0.00845647,0.06783295,0.03099990,0.02137529,0.00000000,0.09729712,0.02448480,0.00229554,0.00940565,0.01339058,0.00227186,0.03309833,0.09677349,0.03816148,0.10172639,0.02468730,0.01286097,0.05828393,0.05384715,0.02179605,0.32151449,0.02852017,0.00769644,0.00000000,0.03485809,0.04065749,0.01510206,0.05523013,0.01208933,0.00006937,0.01335280,0.01569992,0.02810535,0.00000000,0.00888607,0.00000000,0.02022020,0.04282827,0.00381272,0.03920284,0.25961214,0.00814266,0.03843891,0.04836879,0.01993372,0.00393571,0.03735912,0.01064621,0.01731505,0.00000000,0.00020417,0.01059414,0.01612175,0.00000000,0.01618051,0.01840608,0.00000000,0.00000000,0.02540477,0.02227687,0.07115056,0.04558746,0.02518545,0.03134513,0.21070936,0.00000000,0.02171740,0.04964730,0.00800522,0.00656745,0.06096325,0.07903791,0.02108385,0.00000000,0.01695099,0.02270279,0.02214482,0.00000000,0.01441287,0.04433091,0.19647732,0.07367184,0.09415528,0.00000000,0.08078426,0.01620279,0.08454487,0.04582831,0.02248633,0.00365639,0.00200989,0.03805340,0.00973868,0.05601308,0.00000000,0.00000000,0.02763530,0.02215959,0.09627713,0.36223301,0.11309942,0.03179247,0.04716964,0.00000000,0.00000000,0.00000000,0.15318120,0.00000000,0.06955054,0.00277231,0.03811458,0.00000000,0.22494873,0.08006100,0.00000000,0.00982171,0.00000000,0.04935170,0.00069297,0.03812473,0.05866222,0.00433386,0.00047335,0.00000000,0.00848443,0.12775031,0.00000000,0.00000000,0.02856919,0.00946613,0.03089154,0.02837446,0.00405577,0.00661062,0.00360241,0.05840736,0.09964380,0.13708340,0.02417258,0.03904976,0.00000000,0.05641549,0.11323366,0.01588284,0.15062386,0.00052144,0.00000000,0.04011530,0.01410973,0.00408766,0.05662904,0.00000000,0.00510362,0.00624127,0.00000000,0.00158517,0.00000000,0.00000000,0.04549896,0.00812964,0.19129243,0.00000000,0.00000000,0.02722708,0.00000000,0.02858325,0.02597605,0.00037162,0.01875356,0.00000000,0.01862218,0.03044780,0.00000000,0.01217831,0.02035120,0.00000000,0.13608465,0.00416189,0.04174848,0.00289160,0.13015802,0.32281542,0.00000000,0.00765351,0.01761339,0.08661477,0.09068809,0.02826416,0.00166790,0.00000000,0.00000000,0.01046941,0.27925915,0.13926174,0.02156664,0.00054714,0.00096190,0.00000000,0.00000000,0.09753538,0.02361947,0.14187703,0.00000000,0.00000000,0.05793373,0.00000000,0.19852668,0.04224073,0.01961181,0.00000000,0.00000000,0.03461393,0.03163171,0.03940506,0.04405666,0.01887169,0.26003152,0.00000000,0.00044053,0.00043891,0.16697842,0.03101621,0.01505345,0.02904523,0.01246645,0.00000000,0.15880331,0.01545430,0.00000000,0.00000000,0.00000000,0.01119732,0.00164667,0.09298948,0.00000000,0.00958321,0.00000000,0.00827465,0.01080932,0.02563690,0.00913681,0.04696861,0.09783340,0.00000000,0.00123415,0.03820146,0.06461484,0.01098586,0.00000000,0.00169382,0.02209698,0.01710817,0.00664699,0.04562993,0.00000000,0.00000000,0.15618587,0.01734672,0.03563333,0.00000000,0.04439140,0.07781946,0.01304595,0.00177012,0.00000000,0.01739179,0.01271904,0.34047845,0.31878871,0.00639290,0.00468800,0.21125224,0.00000000,0.00238769,0.00000000,0.02590417,0.06124910,0.02961796,0.00000000,0.03622758,0.00000000,0.00000000,0.00000000,0.02894075,0.12286579,0.05334911,0.00000000,0.01140195,0.01472430,0.00000000,0.23351589,0.00000000,0.02141639,0.01848032,0.01172768,0.06300798,0.13033195,0.15028800,0.00000000,0.00000000,0.00000000,0.10376607,0.01008144,0.00000000,0.01135164,0.01907424,0.00990100,0.14415796,0.21669298,0.00186813,0.00000000,0.01724477,0.04059355,0.04723826,0.06949282,0.01084459,0.11454417,0.00000000,0.01114796,0.11162871,0.07145891,0.05289611,0.03137004,0.00000000,0.05152300,0.23512308,0.01326820,0.01465204,0.02509321,0.02150903,0.00000000,0.05892282,0.08516025,0.01645532,0.00000000,0.06222929,0.01944775,0.01424902,0.00597124,0.00245774,0.00587492,0.01451550,0.00115418,0.01029043,0.20715141,0.00000000,0.00000000,0.00000000,0.12892792,0.01334706,0.01599867,0.00366146,0.00022979,0.00105244,0.01094639,0.03431258,0.00238385,0.00591041,0.00080483,0.05281977,0.04673152,0.11509711,0.17170623,0.01111886,0.00000000,0.08262870,0.07326119,0.00000000,0.01974303,0.18998988,0.14283033,0.01285162,0.08622066,0.00220684,0.00000000,0.12182055,0.00000000,0.04137689,0.02165884,0.00000000,0.00000000,0.00000000,0.02822782,0.00176113,0.13281249,0.00056814,0.01187260,0.03872484,0.07265837,0.00767003,0.00000000,0.01766020,0.03860475,0.02167956,0.00331128,0.00000000,0.09803645,0.00000000,0.04369818,0.01138925,0.00670662,0.00114583,0.00293109,0.00302940,0.00943864,0.01735863,0.09808672,0.00000000,0.03147801,0.00152747,0.02396054,0.03462437,0.00000000,0.00000000,0.02438171,0.10749476,0.01464069,0.00000000,0.01908272,0.01538864,0.08110312,0.05592029,0.08636248,0.03185294,0.04127439,0.05484673,0.04208061,0.26712218,0.03032158,0.00470515,0.00000000,0.01548027,0.00613181,0.12718421,0.18088157,0.00000000,0.00503413,0.16338371,0.01449687,0.00487709,0.00194874,0.00423874,0.02282376,0.04599846,0.00644609,0.00000000,0.00290720,0.00000000,0.00000000,0.00006008,0.00000000,0.04141640,0.10134476,0.00000000,0.01307059,0.03828326,0.00000000,0.29756194,0.08553849,0.00000000,0.06056088,0.00000000,0.00000000,0.00000000,0.03646597,0.00030384,0.00435821,0.00000000,0.02123090,0.00000000,0.00000000,0.00758619,0.05894075,0.10233876,0.00204765,0.02252370,0.00171730,0.05897096,0.04166294,0.00000000,0.01367113,0.07283847,0.00363575,0.03204218,0.04214562,0.10950312,0.02461131,0.02927772,0.29162607,0.01861324,0.09277059,0.00000000,0.03074565,0.00000000,0.00303907,0.00000000,0.04155810,0.02891301,0.00261492,0.00000000,0.00483595,0.00000000,0.00141649,0.00000000,0.07557780,0.00000000,0.00461756,0.00000000,0.09521675,0.00000000,0.00000000,0.06651686,0.03784807,0.00000000,0.01926337,0.02835259,0.00000000,0.00328237,0.00000000,0.00000000,0.01336493,0.04505962,0.00000000,0.03231440,0.04202552,0.07404197,0.04148016,0.00000000,0.01943097,0.00000000,0.04683729,0.05981736,0.00000000,0.07300523,0.01475906,0.00347543,0.04143123,0.01067656,0.00973025,0.08194929,0.03301979,0.00450250,0.17942110,0.06347227,0.00000000,0.00368363,0.00000000,0.12597232,0.00000000,0.04416448,0.11001719,0.00000000,0.12364891,0.01819377,0.00215737,0.00000000,0.00539079,0.01766185,0.02553099,0.00057939,0.00000000,0.00120256,0.00163588,0.00000000,0.00000000,0.05354306,0.34547573,0.00889518,0.00000000,0.07757021,0.00000000,0.03418709,0.00000000,0.02232302,0.03529618,0.00000000,0.00000000,0.00000000,0.00000000,0.01441663,0.10701851,0.00000000,0.00000000,0.00000000,0.00000000,0.00000000,0.20400740,0.00000000,0.01534020,0.00000000,0.00158474,0.00000000,0.04998765,0.02937322,0.00090752,0.01133066,0.00284133,0.00000000,0.07492261,0.12979236,0.05099994,0.02519190,0.00320797,0.00495382,0.12955485,0.03967663,0.02400077,0.00000000,0.02403787,0.06774125,0.01754969,0.00642247,0.01751598,0.00138017,0.02369530,0.04023262,0.00000000,0.02049273,0.01735867,0.01765484,0.01473798,0.04058380,0.03180376,0.00252537,0.02981000,0.01965006,0.00696705,0.00000000,0.08905962,0.00874540,0.03106123,0.00000000,0.00182634,0.03536014,0.05169612,0.09372655,0.00345563,0.00000000,0.10512006,0.00000000,0.08270664,0.13041079,0.44947678,0.05445448,0.01019967,0.00000000,0.02056588,0.00000000,0.00303604,0.00559150,0.00000000,0.14603469,0.01325748,0.00586321,0.00334726,0.26000309,0.01241185,0.37785855,0.00000000,0.00988079,0.05793341,0.00155720,0.00262884,0.03063779,0.04729993,0.00626722,0.19069688,0.07154688,0.00000000,0.01123185,0.07531963,0.00000000,0.00000000,0.00000000,0.00265502,0.00000000,0.03876164,0.00479705,0.02076065,0.03839704,0.00000000,0.22495216,0.00000000,0.00000000,0.00149969,0.00000000,0.06502990,0.00000000,0.04312580,0.00801159,0.00322670,0.07829413,0.00293054,0.00774198,0.01560987,0.00453831,0.00194419,0.03512803,0.10289530,0.03110921,0.04461702,0.14505179,0.02835271,0.03917557,0.02994326,0.00000000,0.00158861,0.03571690,0.01269255,0.00000000,0.01254952,0.02024857,0.03524064,0.08067616,0.05475269,0.01632089,0.00533411,0.06803205,0.00000000,0.00892579,0.00000000,0.00000000,0.02702294,0.00385540,0.01936874,0.00468333,0.02257678,0.04237393,0.07673851,0.05501691,0.26213366,0.02231568,0.00255729,0.10745766,0.21966629,0.00000000,0.18504472,0.02324797,0.08618405,0.04087994,0.02015564,0.00337421,0.00000000,0.00000000,0.00314823,0.00124700,0.00303363,0.07630990,0.07048307,0.00601756,0.00000000,0.03298712,0.00000000,0.02714124,0.00422213,0.05975639,0.01696440,0.00000000,0.00747241,0.00000000,0.00930992,0.00208546,0.15677603,0.08641627,0.01133591,0.00000000,0.16271310,0.01872752,0.00383604,0.00000000,0.00520565,0.14277333,0.12726973,0.17903927,0.03071282,0.21738428,0.00000000,0.01898370,0.03644429,0.01187179,0.00000000,0.00000000,0.00000000,0.02734354,0.00000000,0.08247957,0.02415893,0.00775159,0.00303907,0.00000000,0.04925807,0.00000000,0.24208184,0.00000000,0.00545516,0.03651872,0.04973238,0.00000000,0.00512031,0.06959563,0.01001846,0.00077986,0.09391348,0.02235143,0.00920812,0.07091706,0.02550985,0.00000000,0.00529258,0.16620091,0.00180215,0.00071041,0.04010997,0.01769335,0.00223828,0.00875916,0.00000000,0.00888598,0.01228658,0.00507762,0.00402358,0.02512514,0.06179969,0.01471962,0.00732983,0.01230237,0.00154583,0.00000000,0.00000000,0.00652641,0.05025474,0.00000000,0.00181417,0.25427061,0.00502501,0.24973316,0.02582449,0.01237476,0.10257819,0.00632114,0.02870730,0.13837492,0.03078325,0.01316375,0.09075251,0.00000000,0.01016359,0.14738737,0.00000000,0.02696421,0.03591435,0.00224587,0.00047760,0.00960789,0.00000000,0.00328849,0.00117180,0.00000000,0.00000000,0.03160376,0.01333912,0.05090480,0.00444426,0.07848548,0.00272381,0.00000000,0.03507911,0.05068894,0.05676348,0.40768316,0.00256992,0.02251859,0.02205062,0.10351201,0.00058298,0.00000000,0.01191816,0.02824269,0.00000000,0.00221977,0.00000000,0.00000000,0.00159202,0.04002142,0.03812657,0.00205022,0.17189294,0.00000000,0.01931193,0.00607446,0.22314666,0.11650189,0.00000000,0.00599662,0.02991627,0.00325429,0.11120360,0.00000000,0.01048544,0.00000000,0.00902431,0.01658937,0.00015889,0.02152280,0.01008381,0.01252043,0.00881649,0.00885338,0.04196371,0.07185878,0.00909492,0.00000000,0.05160258,0.04363433,0.02484830,0.01184731,0.00000000,0.00564748,0.02635082,0.04204858,0.01151922,0.00012299,0.00918536,0.01027132,0.03944945,0.18285996,0.06411180,0.19056185,0.00431071,0.00000000,0.00156996,0.00000000,0.03212935,0.04833994,0.01164026,0.03641743,0.06223601,0.03868790,0.05047424,0.00000000,0.00000000,0.00113025,0.24023087,0.10150901,0.09013099,0.01059395,0.00917590,0.01423648,0.00008999,0.02854856,0.04699578,0.05454772,0.01757571,0.00000000,0.00000000,0.09324337,0.00000000,0.02039074,0.02701304,0.03723038,0.01143389,0.10805834,0.00000000,0.00230953,0.00211987,0.01825323,0.00000000,0.02375866,0.03334474,0.06222630,0.06965117,0.34690547,0.04041398,0.00262554,0.01138064,0.01008256,0.00893304,0.00978841,0.14107212,0.00000000,0.02591879,0.00125346,0.00110459,0.02733958,0.00000000,0.00000000,0.05117669,0.00837265,0.00633569,0.00000000,0.01781644,0.00203044,0.08595532,0.00000000,0.00716562,0.00000000,0.02184769,0.00346726,0.02191802,0.08319849,0.00000000,0.04010770,0.00000000,0.21913642,0.02800973,0.00000000,0.00000000,0.00000000,0.00530981,0.07601602,0.01407670,0.00806871,0.01071724,0.00038509,0.04120928,0.02120354,0.00125767,0.00000000,0.00000000,0.00787447,0.00000000,0.02159759,0.00718661,0.00799174,0.03873404,0.04111673,0.00000000,0.01190639,0.05447659,0.00000000,0.03189470,0.09160645,0.04413177,0.00000000,0.11009644,0.01926386,0.09309760,0.03342679,0.00000000
6094,data/pair/6094/RHEED/Gasb 5 min.MOV,manifest_specified_rheed_path,11.360000,341,8,0.21205561,0.00000000,0.13976516,0.00000000,0.03356531,0.00000000,0.00860043,0.00254707,0.05537925,0.00000000,0.07640683,0.03307035,0.00083181,0.00145676,0.02717675,0.24676271,0.07238463,0.00124392,0.00000000,0.02109080,0.00261645,0.00600504,0.96245003,0.00015013,0.01921561,0.10453018,0.00000000,0.38082454,0.00058394,0.00347991,0.00000000,0.00314273,0.11508706,1.96304989,0.00000000,0.04398439,0.00096144,0.00000000,0.04259694,0.06917345,0.00000000,0.00010952,0.00082665,0.00000000,0.10556693,0.00000000,0.00400049,0.34369254,0.00000000,0.35657692,0.00349638,0.00682422,2.09545088,0.00456451,0.00444134,0.57870311,0.00000000,0.00320199,0.00000000,0.02557764,0.12651843,0.00039908,0.17030078,0.01811938,0.00466973,0.00000000,0.00476392,0.00367368,0.42270267,0.00155064,0.05639418,0.00000000,0.00201687,0.07841862,0.03804209,0.07447618,0.00000000,0.00000000,0.00000000,0.00003251,0.15510873,0.05495235,0.87252957,0.00000000,0.02515189,0.31544819,0.00000000,0.47412893,0.00000000,0.00744264,0.02497028,0.00000000,0.04304342,0.00992402,0.00779333,0.00023226,0.04662219,0.00047466,0.46410033,0.00206535,0.01027741,0.05472666,0.18199880,0.00000000,0.00000000,0.02879131,0.00000000,0.40365738,0.00000000,0.00564648,0.00031531,0.64400667,0.10590910,0.00773154,0.00057141,0.00617783,0.00024237,0.03039723,0.04806111,0.99550873,0.14736876,0.11748257,0.15732169,0.00110319,0.00603756,0.00489923,0.00181173,0.00000000,0.02675160,0.00000000,0.00000000,0.81052810,0.00000000,0.00552742,0.03156811,0.00664574,0.01263459,0.03484849,0.13637786,0.00000000,0.00000000,0.01660016,0.00000000,0.00783366,0.00000000,0.20262131,0.06111071,0.02557386,0.01828392,0.00000000,0.00849499,0.10227159,0.01550389,0.06605984,0.01774399,0.00000000,0.01538733,0.00000000,0.01627640,0.09749874,0.02176899,0.00291708,0.09024375,1.34143567,0.09725060,0.74865127,0.00028849,0.00000000,0.10303753,0.00002759,0.00000000,1.75801027,0.76412278,0.03879298,0.00000000,0.01749361,0.00000000,0.00194285,0.11439980,0.00000000,0.04949552,0.52898127,0.02545337,0.20506281,0.01139280,0.02164073,0.01350833,0.00037478,0.00000000,0.00793921,0.17116930,0.25739214,0.00000000,0.00000000,0.01865276,0.14819595,0.00301135,0.04177017,0.00000000,0.09148030,0.00585666,0.06545748,0.31837296,0.00000000,0.05205557,0.01693632,0.04221748,0.00004366,0.00846735,0.00227988,0.00000000,0.20234616,0.00355203,0.00000000,0.10449520,0.00699404,0.00000000,0.00567793,0.11770625,0.07810544,0.00000000,0.02411807,0.69519353,0.07499451,0.03580609,0.05539363,0.01889780,0.19430377,0.00000000,0.00911252,0.22348276,0.06688659,0.00926946,0.00000000,0.00000000,0.00000000,0.20575854,0.36745960,0.00000000,0.00320295,0.22174017,0.00000000,0.29226390,0.03260123,0.05521168,0.05445018,0.00390350,0.00000000,0.00179373,0.00000000,0.00000000,0.00000000,0.03111424,0.02707654,0.01302803,0.00907038,0.00000000,0.00027825,0.00000000,0.13571994,0.00086675,0.00052294,0.13792372,0.01300798,0.00076413,0.91192055,0.04121890,0.44707510,0.00178004,0.01488542,0.01262926,0.05610768,0.01564065,0.10025029,0.82447505,0.14143728,0.00000000,0.03455667,0.01925271,0.00000000,0.00000000,0.00722449,0.01424527,0.41352528,0.00000000,0.03256965,0.01222684,1.57943940,0.01084822,0.11879140,0.00036011,0.00000000,0.00000000,0.00000000,0.19580159,0.00000000,0.02103626,0.02039694,0.00456107,0.00041453,0.00000000,0.00044225,0.00919251,0.01789572,0.00119082,0.00194437,0.01107024,0.00000000,0.02510609,0.00000000,0.00000000,0.05104430,0.04132338,0.03550163,0.15811126,0.00085062,0.00000000,0.00167062,0.00000000,0.00000000,0.01215506,0.10521705,0.27554286,0.02908156,0.04457768,0.28645867,0.19702837,0.04536278,0.00000000,0.21118411,0.01491562,0.00000000,0.00349052,0.00000000,0.00000000,0.00000000,0.15438154,0.02778012,0.19033571,0.00719297,0.07117618,0.00306240,0.04164288,0.00348532,0.07258008,0.00803841,0.00114234,0.00343718,0.24148956,0.02275963,0.00503831,0.02706115,0.03319279,0.00000000,0.24683365,0.15750536,0.00000000,0.01338268,0.00820360,0.00000000,0.00000000,0.02474119,0.01424861,0.07742385,0.00000000,0.13801394,0.00506223,0.02105379,0.00068814,0.03915552,0.01503767,0.00000000,0.00442462,0.03587584,0.02121341,0.03942369,0.00000000,0.08306529,0.00246792,0.00000000,0.79514199,0.00052753,0.03403083,0.02398290,0.00000000,0.02625546,0.00000000,0.13889879,0.23843887,0.20581305,0.00731638,0.01505404,0.21639203,0.86182225,0.00000000,0.00000000,0.00000000,0.27947554,0.04879405,0.31862465,0.01123866,0.00000000,0.00481594,0.00358422,0.00000000,0.04373639,0.09967074,0.00853797,0.00000000,0.29015586,0.00188544,0.04788221,0.15338296,0.03028422,0.44406569,0.09686179,0.01797548,0.00095506,0.00024331,0.00270939,0.00322153,0.00000000,0.26278314,0.00000000,0.08993931,0.11598111,0.00459261,0.00000000,0.81108642,0.07940659,0.00000000,0.01762858,0.11507476,0.00982090,0.14220910,0.15520039,0.02318844,0.04015672,0.01339955,0.07071805,0.02697609,0.17719810,0.00000000,0.03841217,0.03183562,0.00376330,0.03056436,0.02005243,0.10076319,0.00017893,0.01358827,0.00000000,0.01659916,0.00077458,0.03624303,0.00707869,0.03797656,0.11443918,0.00666242,0.00006816,0.07625048,0.03360247,0.00563583,0.04370471,0.00208372,0.02249865,0.09867395,0.03295472,0.04976876,0.00105992,0.00092834,0.00826031,0.00000000,0.00177418,0.12749067,0.00000000,0.00079379,0.00240653,0.02316400,0.01457693,0.00009685,0.00000000,1.31817698,0.00849597,0.00000000,0.05145418,0.00000000,0.08688256,0.01977243,0.00000000,0.06521282,0.65567613,0.00000000,0.01315177,0.00035203,0.09264707,0.64113605,0.16898061,0.03258047,0.00872281,0.00000000,0.00000000,0.08762149,0.00000000,0.00000000,0.00033330,0.94946551,0.00290773,0.00335580,0.31098568,0.24435912,0.08873066,0.01051910,0.09105973,0.00149002,0.00000000,0.07606126,0.02696116,0.00000000,0.28950745,0.00000000,0.02367188,0.04350868,0.00841798,0.00021871,0.03495713,0.29838583,0.00119371,0.00023130,0.26988116,0.17647600,0.00000000,0.00181851,0.02542107,0.00242004,0.05507744,0.00000000,0.27326614,0.02539747,0.03951323,0.06027231,0.00053589,0.00075419,0.00137100,0.52558684,0.04014359,0.03735536,0.00014307,0.00000000,0.01814886,0.00021294,0.05596579,0.00002744,0.08422197,0.00000000,0.00025071,0.03267705,0.12264144,0.00000000,0.00000000,0.01198351,0.04352786,0.06889394,0.00951871,0.00892070,0.60481513,0.37672013,0.01699055,0.02599534,0.00039693,0.00714045,0.00000000,0.17147627,0.00010821,0.22959904,0.00000000,0.00000000,0.01434850,0.00281995,0.22155483,0.08472265,0.00000000,0.00000000,0.00000000,0.00197352,0.02014998,0.15221485,0.01157486,0.00144502,0.02008875,0.10255125,0.00704048,0.05925676,0.00109457,0.06816749,0.16144176,0.08792450,0.00012888,0.02005676,0.01973722,0.00000000,0.06450985,0.00000000,0.00000000,0.00028662,0.00997624,0.14634727,1.25720751,0.00000000,0.00000000,0.06451195,0.01550355,0.00125941,0.00999406,0.04652900,0.09134869,0.00000000,0.42035598,0.00000000,0.00000000,0.00341784,0.05690875,0.00000000,0.00009443,0.00000000,0.09146605,0.00000000,0.80557483,0.01534515,0.00247740,0.00313757,0.00723148,0.01437862,0.04756493,0.00057929,0.00000000,0.81343085,0.80804825,0.00137772,0.00112296,0.00000000,0.01047725,0.05475664,0.05679851,0.00012007,0.00367840,0.00000000,0.00000000,0.23970294,0.22951752,0.16550308,0.00618810,0.04540218,0.14571351,0.00290448,0.76367223,0.47639498,0.00000000,0.63135892,0.00019884,0.00000000,0.14946058,0.02279109,0.15157041,0.00411577,0.00401921,0.00638972,0.00221435,0.00563145,0.01413568,0.01381558,1.11694765,0.13391821,0.03206955,0.01665729,0.00030353,0.45771757,0.10373579,0.00000000,0.00062558,0.04624648,0.03006548,0.00104320,0.00000000,0.10924700,0.09780408,0.01887855,0.19109632,0.04322580,0.00011580,0.05402219,0.02679117,0.00000000,0.01327185,0.11687767,0.01540572,0.01104259,0.00053516,0.00064963,0.02870999,0.00000000,0.05130723,0.00054058,0.00064830,0.00031482,0.24451597,0.00000000,0.00604840,0.86670059,0.00023025,0.00089497,0.00000000,0.00162156,0.38277149,0.00000000,0.02260975,0.00740342,0.00145026,0.00022551,0.21591927,0.00796833,0.00573333,0.00800567,0.00000000,0.00484335,0.10505088,0.22582406,0.03590230,0.00011694,0.00179268,0.00000000,0.07466634,0.28956893,0.00000000,0.00000000,0.00000000,0.00791326,0.00130041,0.00000000,0.13866600,0.00000000,0.00037562,0.00088776,0.50798291,0.00454688,0.03709449,0.00000000,0.00062095,0.68864208,0.04937141,0.00000000,0.01981375,0.00432991,0.30053303,0.00000000,0.00528924,0.00000000,0.00006139,0.00000000,0.00000000,0.03750622,0.00320313,2.93881559,0.01117318,0.00008726,0.03194676,0.01752296,0.00044643,0.18666172,0.06147299,0.03769577,0.03937608,0.33269572,0.03238052,0.00163884,0.00718034,0.00030131,0.00000000,0.01979752,0.00000000,0.03889572,0.05415359,0.00011105,0.06171095,0.19909190,0.00000000,0.13699470,0.07651634,0.00036807,0.36866841,0.01912985,0.19043830,0.00000000,0.47250241,0.00000000,0.39309174,0.27532938,0.00000000,0.57625097,0.05368727,0.01042911,0.00000000,0.10543385,0.00001598,0.00280064,0.07268362,0.06884476,0.00232407,0.00012456,0.00000000,0.08382565,0.11957017,0.02913294,0.00000000,0.00000000,0.00777157,0.13434553,0.00000000,0.00606714,1.70279157,0.01671272,1.82675028,0.00000000,0.06241569,0.00012456,0.00000000,0.00000000,0.00211793,0.11276623,0.01287785,0.00323188,0.03172313,0.00635262,0.00000000,0.33338782,0.15154374,0.01290021,0.70922202,0.02274007,0.00693941,0.02370190,0.14238051,0.00000000,0.08302486,0.00051095,0.06457448,0.05383900,0.00171992,0.00974643,0.03019141,0.01282175,0.14997602,0.12649050,0.00000000,0.03641351,0.00000000,0.00343929,0.01455045,0.00129154,0.05254535,0.00000000,0.02099117,0.00000000,0.00000000,0.12948459,0.01760600,0.00329875,0.01996674,0.89231336,0.00000000,0.03927983,0.43346545,0.00058263,0.00000000,0.00000000,0.22194463,0.00000000,0.00000000,0.66816789,0.00000000,0.02002470,0.00000000,0.02307368,0.04914000,0.02829868,0.32143232,0.01446702,0.00209184,0.00069212,0.00000000,0.00000000,0.00000000,0.02875285,0.04086815,0.94047832,0.00000000,0.00207927,0.24746768,0.02115698,0.00072813,0.00075933,0.41419563,1.87269032,0.02164787,0.00000000,0.02777400,0.00879520,0.00000000,0.02484962,0.01896838,0.13077728,0.39699641,0.00340478,0.00249080,0.01979175,0.00000000,0.03124488,0.00000000,0.01860720,0.01226947,0.00850294,0.13014670,0.01517123,0.02232246,0.00000000,0.01983791,0.01250680,0.28381455,0.01488606,0.05005188,0.00526625,0.00190949,0.00000000,0.00481082,0.00000000,0.00000000,0.00694769,0.00000000,0.00205433,0.05191098,0.00633142,0.00000000,0.03623734,0.01009700,0.00000000,0.00083635,0.00608775,0.36221433,0.03989111,1.06692898,0.03920331,0.00514147,0.01484384,0.01485155,0.07411141,0.04835696,0.28078827,0.57849246,0.28987145,0.00000000,0.04469150,0.00000000,0.30073538,0.00385560,0.07273694,0.02455262,0.00000000,0.05145378,0.00935740,0.00000000,0.00003684,0.01892241,0.00035426,0.00000000,0.16022679,0.00077197,0.00768956,0.01656185,1.04163587,0.02228968,0.28289315,0.00269868,0.00285577,0.02138760,0.00000000,0.00000000,0.00000000,0.01584073,0.00000000,0.00521029,0.00550814,0.06646337,0.00000000,0.06619120,0.00000000,0.23987810,0.01017435,0.05143192,0.00000000,0.02342326,0.14552563,0.00360659,0.00230985,0.00000000,0.10393659,0.84414929,0.31057727,0.00556086,0.00300419,0.01937279,0.43165141,0.00540161,0.00117565,0.01719264,0.07537556,0.05608601,0.00013191,0.00000000,0.01374645,0.02394232,0.04773248,0.01314810,0.04900850,0.06569507,0.13103718,0.01452428,0.07466751,0.08601663,0.00986159,1.15612280,0.00000000,0.19336568,0.00021283,0.15711412,0.08595533,0.01071607,0.01235736,0.02706378,0.00540171,0.06890640,0.35195842,0.00000000,0.00029779,0.01319308,0.00183370,0.01849088,0.40638080,0.00000000,0.03617693,0.58233136,0.02290659,0.01264793,0.05495720,0.00000000,0.00155305,0.02111640,0.00000000,0.01921900,0.00000000,0.03855794,0.00000000,0.02220673,0.00052909,0.05443807,0.03847575,0.00000000,0.00000000,0.00000000,0.00000000,0.18537587,0.05294020,0.03225213,0.00180573,0.42714021,0.00523623,0.04947451,0.00000000,0.01737604,0.00000000,0.01836390,0.48910457,0.04385675,0.00419425,0.04932787,0.02883556,0.01468980,0.02125237,0.00083606,0.04208679,0.79253119,0.37216192,0.04056790,0.00000000,0.14561975,0.02079098,0.01985748,0.01134686,0.03823047,0.00816238,0.00000000,0.01184193,0.00000000,0.13801931,0.00000000,0.00254940,0.04629881,0.00000000,0.00400761,0.48045287,0.01898320,0.04962467,0.14516845,0.00076778,0.00000000,0.00000000,1.46812606,0.00000000,0.00000000,0.00147530,0.00818959,0.00000000,0.00742571,0.22960888,0.00000000,0.00521764,0.00000000,0.17363891,0.00000000,0.06991775,0.04100269,0.06265990,0.00000000,0.00650631,0.02198433,0.16747050,0.00189065,0.00002589,0.11160702,0.00000000,0.13324212,0.02115328,0.02569571,0.00519138,0.00887862,1.06986773,0.10881951,0.89877391,0.07194686,0.02477396,0.00604259,0.02282311,0.71403623,0.00307788,0.51060760,0.00000000,0.00000000,0.00004953,0.00000000,0.00951844,0.02328954,0.00000000,0.00173665,0.00000000,0.04997062,0.00034773,0.00000000,0.00215394,0.00339412,0.00000000,0.28004786,0.00000000,0.00273271,0.10082971,0.01096722,0.07796495,0.00000000,0.00000000,0.33661038,0.00000000,0.00090590,0.00046721,0.00000000,0.14128463,0.00000000,0.00000000,0.92669189,0.00000000,0.17111793,0.08040249,0.81653607,1.02782989,0.00000000,0.03140632,0.00540931,0.19376314,0.68008918,0.01533433,0.00488621,0.00000000,0.01604221,0.02621406,0.05849994,0.35682300,0.69297421,0.00802796,0.00303393,0.00020035,0.00000000,0.32335913,0.03737385,0.38648909,0.00000000,0.00000000,0.04823325,0.00000000,0.39820439,0.03600708,0.00000000,0.00223519,0.00000000,0.14324977,0.07127108,0.11684255,0.04345558,0.02132113,1.42349708,0.00007452,0.00000000,0.00547650,1.64342773,0.00000000,0.13870905,0.00446305,0.03561455,0.00000000,0.60930568,0.02489563,0.00000000,0.02317094,0.00000000,0.00169048,0.17761189,0.25393799,0.00000000,0.09419385,0.01502593,0.00000000,0.00038989,0.02709074,0.01393640,0.07708848,0.00893264,0.00760455,0.00464281,0.00000000,0.11348825,0.06956717,0.00464312,0.00000000,0.06643889,0.02840609,0.00102438,0.12673619,0.00000000,0.00000000,0.11028874,0.01051814,0.02657271,0.00000000,0.25625399,0.00266333,0.07048070,0.02624804,0.01383019,0.06466632,0.07926894,2.09837484,0.16405202,0.00394033,0.00527878,2.09710073,0.00000000,0.00000000,0.00956264,0.61778051,0.08298267,0.66852307,0.00000000,0.25205883,0.00000000,0.00470740,0.00570567,0.03284616,0.53764200,0.00000000,0.00037490,0.06690924,0.11250162,0.00718380,0.49453765,0.00123120,0.00000000,0.01308809,0.08835462,0.00000000,2.35977006,0.26070613,0.00959061,0.05437089,0.00134914,0.00202564,0.02961715,0.00000000,0.01276776,0.00849347,0.00047811,0.10227496,0.41156587,0.00692178,0.00942222,0.19388197,0.05276947,0.00000000,0.09910560,0.00000000,0.18449445,0.00414148,0.03470365,0.14307004,0.18424095,0.06070011,0.00000000,0.00000000,0.05428627,2.06360316,0.00000000,0.01720217,0.04243782,0.28086638,0.00000000,0.01972959,0.05863434,0.00693986,0.01575880,0.00000000,0.06533437,0.05789359,0.00524347,0.00000000,0.00029766,0.00165495,0.00064460,0.02603411,1.48421252,0.00000000,0.04699440,0.05276348,0.42938125,0.00152627,0.04154754,0.01401473,0.00723821,0.01464304,0.03174455,0.19997144,0.02065236,0.00017730,0.00494378,0.08121717,0.04814522,0.34555262,0.07051333,0.07167026,0.00000000,0.32320371,0.03750478,0.00968195,0.00426595,0.60870528,0.11431909,0.00024142,0.01286871,0.00000000,0.00000000,0.00000000,0.00284739,0.13570388,0.02726492,0.00000000,0.11945845,0.00000000,0.08670450,0.02276584,0.17595270,0.02377186,0.00872979,0.05809310,0.41488415,0.00000000,0.00000000,0.00000000,0.03241372,0.02972591,0.00000000,0.00000000,0.07681718,0.00000000,0.28464586,0.00000000,0.00078375,0.00000000,0.00457423,0.00110188,0.35247171,0.06007072,0.39516923,0.00095920,0.03589103,0.00359784,0.00363970,0.02891928,0.00000000,0.00000000,0.00000000,0.03475481,0.00000000,0.00423945,0.05431723,0.00000000,0.04157469,1.14719677,0.14186445,0.01063293,0.00000000,0.02883148,0.02580031,1.24613678,0.00000000,0.00932176,0.00009726,0.00773139,0.00000000,1.19977772,0.05604985,0.00000000,0.01265934,0.91078949,0.01820889,0.00018309,0.00000000,0.01658655,0.00282367,0.12977278,0.00615531,0.01106947,0.00636480,0.00155988,0.00285336,0.01584089,0.00015700,0.09977451,0.32674599,0.00000000,0.00277758,0.02058899,0.09879012,0.21183154,0.04928079,0.00214448,0.03749186,0.00000000,0.00509618,0.01450284,0.02673468,0.04844275,0.00115078,0.00000000,0.02678381,0.01780791,0.00000000,0.00213449,0.05929624,0.41039804,0.04399111,0.00108230,0.00104497,0.02462765,0.13302048,0.00003762,0.00000000,0.10714033,0.00315829,0.00000000,0.05723092,0.30552500,0.00633484,0.00000000,0.94688511,0.08330056,0.00123986,0.00438325,0.19483973,0.00000000,0.01373248,0.00000000,0.09229297,0.00560693,0.00045302,0.00039108,0.00621167,0.00000000,0.02407185,0.00841558,0.09932806,0.01032581,0.00233531,0.02142644,0.34555739,0.00000000,0.00000000,1.07186377,0.04748970,0.00222920,0.12608267,0.02055706,0.00000000,0.00000000,0.00000000,0.00052447,0.00392627,0.12831479,0.10699338,0.00000000,0.11588070,0.00000000,0.00000000,0.00167957,0.00000000,0.01781650,0.00276019,0.06822752,0.00363104,0.09988175,0.03333550,0.08002120,0.13989440,0.00206976,0.15448685,0.01712381,0.00945104,0.00000000,0.11010145,0.03214531,0.00000000,0.00077523,0.00011435,0.35753775,0.00000000,0.01592891,0.45015806,0.00000000,0.06621059,0.00449140,0.00000000,0.00000000,0.00136058,0.00000000,0.00000000,0.00415742,0.00000000,0.00000000,0.02423912,0.00000000,0.00524716,0.33731589,1.51742232,0.02663771,0.00000000,0.00031608,0.00173096,0.22667001,0.00000000,0.16487162,0.07269954,0.00037071,0.02425889,0.00452031,0.00055711,0.00000000,0.69296294,0.00412013,0.00000000,0.00000000,0.00000000,0.00129116,0.09030497,0.02735033,0.01649202,0.00283758,0.00084670,0.03500441,0.22499529,0.08478606,0.00592103,0.00356553,0.02060745,0.01704343,0.02452633,0.07701001,0.22330824,0.25203350,0.00000000,0.00967946,0.22023705,0.06111665,0.00301653,0.00000000,0.00171785,0.07673042,0.09551174,0.17811084,0.06800179,0.01473825,0.00000000,0.06562319,0.00000000,0.00000000,0.00656531,0.02773906,0.00510150,0.00416167,0.00000000,0.02217709,0.04990270,0.00000000,0.00842646,0.00000000,0.26354316,0.00582802,0.00000000,0.00099191,0.00156343,0.01219382,0.03287952,0.31920606,0.00880928,0.00000000,0.34225756,0.00000000,0.24855404,0.52084166,2.31247234,0.03687360,0.08151317,0.09525385,0.08152336,0.00907727,0.00003974,0.00914759,0.00000000,0.34762603,0.00000000,0.00086930,0.02435935,0.70748013,0.04092090,1.68723547,0.00000000,0.04534164,0.00263567,0.00850875,0.00000000,0.00002194,0.01741751,0.00000000,0.57418746,0.20707899,0.00526114,0.00481379,0.07589462,0.00000000,0.00056126,0.00000000,0.01047642,0.02216930,0.02105808,0.01270519,0.00000000,0.13207170,0.00000000,0.33611804,0.00000000,0.00000000,0.02306357,0.00000000,0.36852530,0.00000000,0.13822754,0.01268664,0.00105090,0.21275669,0.00000000,0.00707920,0.06472032,0.00000000,0.00381085,0.06228695,0.00000000,0.02154947,0.10795991,1.25389397,0.03488754,0.06051807,0.00277991,0.00011685,0.00066995,0.01067999,0.01584944,0.00816896,0.00000000,0.00902265,0.00000000,0.17273866,0.07954233,0.00165538,0.00062068,0.29585677,0.00000000,0.00357156,0.00000000,0.00000000,0.10136963,0.00068221,0.00946549,0.00014152,0.01762258,0.03257746,0.01913174,0.00408668,0.28284854,0.00000000,0.02265626,0.00000000,0.32356215,0.00610064,0.78083742,0.24862182,0.22706896,0.04009420,0.00000000,0.00031822,0.03637845,0.00000000,0.00268917,0.00009928,0.01820063,0.05938093,0.06748489,0.00656092,0.00020446,0.00000000,0.00000000,0.06083740,0.00000000,0.00581362,0.01119644,0.02077864,0.01354091,0.00000000,0.00048441,0.01490481,1.35638905,0.02738697,0.00000000,0.00000000,0.33585799,0.00000000,0.00555687,0.00000000,0.01547912,0.39857396,0.35522339,0.03875526,0.02483438,0.55844682,0.00000000,0.00496100,0.00536500,0.00000000,0.00000000,0.00000000,0.00216206,0.11812476,0.00000000,0.10927342,0.01067161,0.04691469,0.02597466,0.00017855,0.00000000,0.00000000,0.41264763,0.00000000,0.05680640,0.01170279,0.01343878,0.00259265,0.00454948,0.07485661,0.00000000,0.01202604,0.15348959,0.20133194,0.00000000,0.07249040,0.16462390,0.01663972,0.01726024,0.42299545,0.00341871,0.03212798,0.00000000,0.02477136,0.08770921,0.00522299,0.00000000,0.00000000,0.02018016,0.05364089,0.08420876,0.23763143,0.04007524,0.00003258,0.00000000,0.11097345,0.00941478,0.00162229,0.00325578,0.00776696,0.58111101,0.00108599,0.00269423,1.48757851,0.03024149,1.70464516,0.00000000,0.00000000,0.26660380,0.05175822,0.03204486,0.36721805,0.01554540,0.00852059,0.13433656,0.00000000,0.00338774,0.53079921,0.00848754,0.00000000,0.00000000,0.00000000,0.00127790,0.08985791,0.07134831,0.03051732,0.00056715,0.00332178,0.00088506,0.10002322,0.06285079,0.02262876,0.00000000,0.00000000,0.00632567,0.00571285,0.00000000,0.13420059,0.36632466,0.05963137,0.01206534,0.20229504,0.00000000,0.18040237,0.00099477,0.00277809,0.00000000,0.00704045,0.00178009,0.00029422,0.00211428,0.00000000,0.11058581,0.00000000,0.02969076,0.00522131,1.28855324,0.00000000,0.00000000,0.09038943,0.42472851,0.04888312,0.00000000,0.00355954,0.05436710,0.00000000,0.17453143,0.00000000,0.00222650,0.00000000,0.00000000,0.00446573,0.00051310,0.05993487,0.09146887,0.00031620,0.31217283,0.00000000,0.26061261,0.02513094,0.01500480,0.00561264,0.22104445,0.05704086,0.01444743,0.00936851,0.00065567,0.00539640,0.05624060,0.00056713,0.01062746,0.04134419,0.01295418,0.15778179,0.04255894,1.85353982,0.01696851,0.33355349,0.02921917,0.00000000,0.01806526,0.00000000,0.00239817,0.03414989,0.04017443,0.00000000,0.01767110,0.12032782,0.14039800,0.00285539,0.03028861,0.00000000,2.12013412,0.02617388,0.02522148,0.02217826,0.03746380,0.12294695,0.00566460,0.03088910,0.00088022,0.12307529,0.01970027,0.03928362,0.00832526,0.29958749,0.02020458,0.05886903,0.01350973,0.04618102,0.00000000,0.48367891,0.00000000,0.00000622,0.05131644,0.07607419,0.00999517,0.07881321,0.00000000,0.06544161,0.00080922,1.61232436,0.11260904,0.00101565,0.00000000,0.01830598,0.01653862,0.08621592,0.30928791,0.00000000,0.01315151,0.00322594,0.00028545,0.36811602,0.00000000,0.00147600,0.16978173,0.00000400,0.00000000,0.00343379,0.03279686,0.00000000,0.18695861,0.00000000,0.00000000,0.00000000,0.00155269,0.05060742,0.04023574,0.03791093,0.01485464,0.00258009,0.01043679,0.88098800,0.00682298,0.00000000,0.00000000,0.00005317,0.00000000,0.16544457,0.00799426,0.03542976,0.00143284,0.00000000,0.14080027,0.06293344,0.00000000,0.00000000,0.00016955,0.00000000,0.01190637,0.00000000,0.06877810,0.00000000,0.27212560,0.03454009,0.00334985,0.00324153,0.37313980,0.00000000,0.56019443,0.23878475,0.01591187,0.00105571,0.36750033,0.00019248,0.83306181,0.00000000,0.00808041,0.15147990,0.00000000,0.07654274,0.00000000,0.05280781,0.00000000,0.01258732,0.00673890,0.04979157,0.00000000,0.06404403,0.03637533,0.00220076,0.00334980,0.04701160,0.17365903,0.09630884,0.00178636,0.00000000,0.02682815,0.00529751,0.01030602,0.18708476,0.00035148,0.02588493,0.12466896,0.00000000,0.25500739,0.00117798,0.00697863,0.00000000,0.00572340,0.03247597,0.65247965,0.00000000,0.03548644,0.00178573,0.00000000,0.03320406,0.04514974,0.00000000,0.00028976,0.00159407,0.00000000,0.05820589,0.00000000,0.00597556,0.15013914,0.00000000,0.05751387,0.00515927,0.01166747,0.73649246,0.01135620,0.00677185,0.11032532,0.00000000,0.00496741,0.00000000,0.03875862,0.12138785,0.00105586,0.09974082,0.02806170,0.00618402,0.00000000,0.00642126,0.00743615,0.21492064,0.00410262,0.04587842,0.00000000,0.00310395,0.05273375,0.02996947,0.07971909,0.00000000,0.00000000,0.00000000,0.00008601,0.22015533,0.06508586,0.42169183,0.00000000,0.05516041,0.37841785,0.00000000,0.31863317,0.00000000,0.00906745,0.02379747,0.00000000,0.04163118,0.02625649,0.01452413,0.00061450,0.05005471,0.00125584,0.21209224,0.00350394,0.00757129,0.08277839,0.14535829,0.00000000,0.00000000,0.05402806,0.00000000,0.16958703,0.00000000,0.01114140,0.00083422,0.18346243,0.05664879,0.01533960,0.00151181,0.01279171,0.00064125,0.02940741,0.02452757,0.21453780,0.08882809,0.13175438,0.06386596,0.00204243,0.00724080,0.00643753,0.00332160,0.00000000,0.02747260,0.00000000,0.00000000,0.15280633,0.00000000,0.00999211,0.02987709,0.01200216,0.01633223,0.05176074,0.09580543,0.00000000,0.00000000,0.01465031,0.00000000,0.01335987,0.00000000,0.06668697,0.06430604,0.04322442,0.01656442,0.00000000,0.01181106,0.06775589,0.02216070,0.04479432,0.02401872,0.00000000,0.01501665,0.00000000,0.01928725,0.08808487,0.02363087,0.00682314,0.06819151,0.27589601,0.07717883,0.38403317,0.00076328,0.00000000,0.07612777,0.00007301,0.00000000,0.39857876,0.18429510,0.04064358,0.00000000,0.03670117,0.00000000,0.00298013,0.06528959,0.00000000,0.07267717,0.17363124,0.02632099,0.16570957,0.01913241,0.02373301,0.01477474,0.00099156,0.00000000,0.00895594,0.06975801,0.23988701,0.00000000,0.00000000,0.02692878,0.05414136,0.00796729,0.07425264,0.00000000,0.04826388,0.01549526,0.06459699,0.20118292,0.00000000,0.06836873,0.02609372,0.02103369,0.00011551,0.01065265,0.00526639,0.00000000,0.11047477,0.00655454,0.00000000,0.09463791,0.01850448,0.00000000,0.01502239,0.06796735,0.06903455,0.00000000,0.03446628,0.22922330,0.04598379,0.02380708,0.04032647,0.01759866,0.09020154,0.00000000,0.01658735,0.07407476,0.05478952,0.00962424,0.00000000,0.00000000,0.00000000,0.11805531,0.15331024,0.00000000,0.00558868,0.18254581,0.00000000,0.22067945,0.02514540,0.04719396,0.04860685,0.00790332,0.00000000,0.00474577,0.00000000,0.00000000,0.00000000,0.03803226,0.02447390,0.02406419,0.01741344,0.00000000,0.00073618,0.00000000,0.07031820,0.00229321,0.00138356,0.12126537,0.02605210,0.00202169,0.31943402,0.05553553,0.17739791,0.00470954,0.02125926,0.01792909,0.06709277,0.01982992,0.06417043,0.27737194,0.12405331,0.00000000,0.04536811,0.03862142,0.00000000,0.00000000,0.00837177,0.01383456,0.32462871,0.00000000,0.04561402,0.01373123,0.40670171,0.01339838,0.10087077,0.00095277,0.00000000,0.00000000,0.00000000,0.14906399,0.00000000,0.02395026,0.02080305,0.00589628,0.00109675,0.00000000,0.00117008,0.01726791,0.01282249,0.00208004,0.00480468,0.02875929,0.00000000,0.02211995,0.00000000,0.00000000,0.05175186,0.04404893,0.04824069,0.11361423,0.00225053,0.00000000,0.00442005,0.00000000,0.00000000,0.02238139,0.06358528,0.23035549,0.06018617,0.04215842,0.11764070,0.15647493,0.02839818,0.00000000,0.10096768,0.01310999,0.00000000,0.00460319,0.00000000,0.00000000,0.00000000,0.13300909,0.01871479,0.14411828,0.00991594,0.04285239,0.00646094,0.03226077,0.00487284,0.04712089,0.01775460,0.00277494,0.00822344,0.15929680,0.01977232,0.01333012,0.03840503,0.04566685,0.00000000,0.14073846,0.04784937,0.00000000,0.01852491,0.00854653,0.00000000,0.00000000,0.03843537,0.02509639,0.07050857,0.00000000,0.08406626,0.00749817,0.03001122,0.00119548,0.01853971,0.02239630,0.00000000,0.00557566,0.03957694,0.02115458,0.03186149,0.00000000,0.05879568,0.00571550,0.00000000,0.26773837,0.00139572,0.03002535,0.02802178,0.00000000,0.01513216,0.00000000,0.07963774,0.08487467,0.13115291,0.01690683,0.01876473,0.10851604,0.30411336,0.00000000,0.00000000,0.00000000,0.02768092,0.04554443,0.16310838,0.00809512,0.00000000,0.00552207,0.00331764,0.00000000,0.04826120,0.03781440,0.01906022,0.00000000,0.09244572,0.00411712,0.05281512,0.04464717,0.04160730,0.22272836,0.10120729,0.01958645,0.00139750,0.00064374,0.00716837,0.00465200,0.00000000,0.11644458,0.00000000,0.07057081,0.08327355,0.00679547,0.00000000,0.27296370,0.08112593,0.00000000,0.01276013,0.05248393,0.00976081,0.07246877,0.13674556,0.03056418,0.02544641,0.02929289,0.07020047,0.06690867,0.10121843,0.00000000,0.03940932,0.05563219,0.00629997,0.03273484,0.02262039,0.04841305,0.00047340,0.01119971,0.00000000,0.03583637,0.00204934,0.03430277,0.00903767,0.02953562,0.09236415,0.01332663,0.00018034,0.05828180,0.03776983,0.01491100,0.03236653,0.00279462,0.04736288,0.05883111,0.04623304,0.04162850,0.00280428,0.00228154,0.00876918,0.00000000,0.00445648,0.06481164,0.00000000,0.00139879,0.00511984,0.02622626,0.01098941,0.00024924,0.00000000,0.45319325,0.00964620,0.00000000,0.03959605,0.00000000,0.10285237,0.03123708,0.00000000,0.07732875,0.43992129,0.00000000,0.01579381,0.00093140,0.07211723,0.16458115,0.10403179,0.04561314,0.01270010,0.00000000,0.00000000,0.04303167,0.00000000,0.00000000,0.00088182,0.35237071,0.00285103,0.00545504,0.16468324,0.09288356,0.11726218,0.01019154,0.06909782,0.00262650,0.00000000,0.11869641,0.03657353,0.00000000,0.07204755,0.00000000,0.01860571,0.03690999,0.01988842,0.00057864,0.03541470,0.13412298,0.00304582,0.00061197,0.04989301,0.07019201,0.00000000,0.00481132,0.02124758,0.00640282,0.04813785,0.00000000,0.11000540,0.03041502,0.04192000,0.06724808,0.00141784,0.00199540,0.00234265,0.28894681,0.05502484,0.03112572,0.00037854,0.00000000,0.01198375,0.00051428,0.11715408,0.00007259,0.06701706,0.00000000,0.00066332,0.02005942,0.07249988,0.00000000,0.00000000,0.01674034,0.03008033,0.07773408,0.00992803,0.01290767,0.18198378,0.14728107,0.03440925,0.01511402,0.00105017,0.00915667,0.00000000,0.06143769,0.00028629,0.13146399,0.00000000,0.00000000,0.01692956,0.00746089,0.18881406,0.09986645,0.00000000,0.00000000,0.00000000,0.00522145,0.02335894,0.09975936,0.01536514,0.00228239,0.02800691,0.06263141,0.00290068,0.04082114,0.00289596,0.03954316,0.10504594,0.05999182,0.00034098,0.03266142,0.02230260,0.00000000,0.04963605,0.00000000,0.00000000,0.00075832,0.01241908,0.05131701,0.41344211,0.00000000,0.00000000,0.06520994,0.02838386,0.00255777,0.01467555,0.04152798,0.05586777,0.00000000,0.14202821,0.00000000,0.00000000,0.00734223,0.05093186,0.00000000,0.00024983,0.00000000,0.08182537,0.00000000,0.29947603,0.01005692,0.00410291,0.00631853,0.00995403,0.01171192,0.05561323,0.00153267,0.00000000,0.31267044,0.17305104,0.00355851,0.00297107,0.00000000,0.01439500,0.07233057,0.07064114,0.00031767,0.00389943,0.00000000,0.00000000,0.13997278,0.16331840,0.09803803,0.01489764,0.05109673,0.13254653,0.00503916,0.19475092,0.07197076,0.00000000,0.26449549,0.00052609,0.00000000,0.06232125,0.02841297,0.11399121,0.01088929,0.00659857,0.01690561,0.00540967,0.00912834,0.03412064,0.00999135,0.43131045,0.09283561,0.02834816,0.02269434,0.00080307,0.29007158,0.14787027,0.00000000,0.00123695,0.02922091,0.02336378,0.00150336,0.00000000,0.05085643,0.04667010,0.02183306,0.15682398,0.04584542,0.00030637,0.07520105,0.01671030,0.00000000,0.01741546,0.07084846,0.03466584,0.02531577,0.00141590,0.00171877,0.03879083,0.00000000,0.03471987,0.00097524,0.00171525,0.00083294,0.09377488,0.00000000,0.01505981,0.24704231,0.00060919,0.00236786,0.00000000,0.00429024,0.09298801,0.00000000,0.02041280,0.01560133,0.00242753,0.00059663,0.14589675,0.01081559,0.01516895,0.01610566,0.00000000,0.01281430,0.06337219,0.13030469,0.03243151,0.00030938,0.00335218,0.00000000,0.06107668,0.15748189,0.00000000,0.00000000,0.00000000,0.02093653,0.00326659,0.00000000,0.06258495,0.00000000,0.00068767,0.00234878,0.16377094,0.01150590,0.06917183,0.00000000,0.00164289,0.20488426,0.03312786,0.00000000,0.02369314,0.00831886,0.33365583,0.00000000,0.01399403,0.00000000,0.00016242,0.00000000,0.00000000,0.08574683,0.00542961,0.45805395,0.00900831,0.00023086,0.03527446,0.04392810,0.00081223,0.14093004,0.03862020,0.05372740,0.02708020,0.30196181,0.03754511,0.00347669,0.01323892,0.00079720,0.00000000,0.02003204,0.00000000,0.04631201,0.03913312,0.00029382,0.10824192,0.07315406,0.00000000,0.05894390,0.05026560,0.00097381,0.18605687,0.02597085,0.14571024,0.00000000,0.11159226,0.00000000,0.13700560,0.13901718,0.00000000,0.20073728,0.05367737,0.02759284,0.00000000,0.06713428,0.00004229,0.00543771,0.06190975,0.06878719,0.00343726,0.00032956,0.00000000,0.05430357,0.11128742,0.04814344,0.00000000,0.00000000,0.01410772,0.07734017,0.00000000,0.00919081,0.35638162,0.01544838,0.24992278,0.00000000,0.06262475,0.00032955,0.00000000,0.00000000,0.00455578,0.09476558,0.01975821,0.00482000,0.02900239,0.00564570,0.00000000,0.13749932,0.13200383,0.01173488,0.29503325,0.03491818,0.00796213,0.04175011,0.07745581,0.00000000,0.09322466,0.00135185,0.05051766,0.06220926,0.00455049,0.01141250,0.03272930,0.01501125,0.08588970,0.11961129,0.00000000,0.03930850,0.00000000,0.00498407,0.02706247,0.00226193,0.03519821,0.00000000,0.03059839,0.00000000,0.00000000,0.16681962,0.02504325,0.00872767,0.01910998,0.20238204,0.00000000,0.03280673,0.12616217,0.00084988,0.00000000,0.00000000,0.08860809,0.00000000,0.00000000,0.12648085,0.00000000,0.03084842,0.00000000,0.01914028,0.05234568,0.03204902,0.16245636,0.01766669,0.00443655,0.00183118,0.00000000,0.00000000,0.00000000,0.03250755,0.01535220,0.45882112,0.00000000,0.00402016,0.16236322,0.03462311,0.00192646,0.00200899,0.16788712,0.42385319,0.01713433,0.00000000,0.03116771,0.01528234,0.00000000,0.02664011,0.02169902,0.11594658,0.10434883,0.00524617,0.00659004,0.02043092,0.00000000,0.05586963,0.00000000,0.03458951,0.01844728,0.01193833,0.10475869,0.02078767,0.01913741,0.00000000,0.02466016,0.00959567,0.26121536,0.02009079,0.02516503,0.00854654,0.00505202,0.00000000,0.01078148,0.00000000,0.00000000,0.01072700,0.00000000,0.00543523,0.06459666,0.00773333,0.00000000,0.03413582,0.02134091,0.00000000,0.00221278,0.00925173,0.15699357,0.04980529,0.27196822,0.03665973,0.01141409,0.02381487,0.01767296,0.03869595,0.04400551,0.13165043,0.16630718,0.11154536,0.00000000,0.03131520,0.00000000,0.21320777,0.00670361,0.04331106,0.02593275,0.00000000,0.03735083,0.02112769,0.00000000,0.00009747,0.02121974,0.00093728,0.00000000,0.14545541,0.00204245,0.01226457,0.01450748,0.41006646,0.03356517,0.22353694,0.00363808,0.00755566,0.02549832,0.00000000,0.00000000,0.00000000,0.02311353,0.00000000,0.00724436,0.01457318,0.05292603,0.00000000,0.06970021,0.00000000,0.29089046,0.01624699,0.04161572,0.00000000,0.03328289,0.19417153,0.00914576,0.00365246,0.00000000,0.09133846,0.31327978,0.10110668,0.01468550,0.00365310,0.02655966,0.22710754,0.00630830,0.00241962,0.03680089,0.04517444,0.07320093,0.00034900,0.00000000,0.02843382,0.02441799,0.04075556,0.02752735,0.04187579,0.08115464,0.06015773,0.02174336,0.08949868,0.05637089,0.01388500,0.50685376,0.00000000,0.09391410,0.00056310,0.13048711,0.06308160,0.01284426,0.01904499,0.02988622,0.01133979,0.04239058,0.12111564,0.00000000,0.00078787,0.01918343,0.00402903,0.02093866,0.09679189,0.00000000,0.04285326,0.49789062,0.02419212,0.00779361,0.06941044,0.00000000,0.00278804,0.03651974,0.00000000,0.03488545,0.00000000,0.05123002,0.00000000,0.02859631,0.00139983,0.01940005,0.03440644,0.00000000,0.00000000,0.00000000,0.00000000,0.15939230,0.06194652,0.03635870,0.00477752,0.25909239,0.01385378,0.03010168,0.00000000,0.02327826,0.00000000,0.01496921,0.13994037,0.03637986,0.00557943,0.02056287,0.02547971,0.02667375,0.04653596,0.00221201,0.03521461,0.26174405,0.13073501,0.03947731,0.00000000,0.05458465,0.02439244,0.03714715,0.01884677,0.04690623,0.01311250,0.00000000,0.01622757,0.00000000,0.14081636,0.00000000,0.00674509,0.04596427,0.00000000,0.00919993,0.37036502,0.01676085,0.03968785,0.11263170,0.00203136,0.00000000,0.00000000,0.47349948,0.00000000,0.00000000,0.00390328,0.00941931,0.00000000,0.01672963,0.15658820,0.00000000,0.01380458,0.00000000,0.07856255,0.00000000,0.04956737,0.04812095,0.05202503,0.00000000,0.01036227,0.02192699,0.12161221,0.00380454,0.00006850,0.09636425,0.00000000,0.05800283,0.01663896,0.06187636,0.00745451,0.02349063,0.47180605,0.11440441,0.19383705,0.07131775,0.02274526,0.00945026,0.01768158,0.21936789,0.00814332,0.17310080,0.00000000,0.00000000,0.00013103,0.00000000,0.00867305,0.02468288,0.00000000,0.00360217,0.00000000,0.06185240,0.00092001,0.00000000,0.00533923,0.00449253,0.00000000,0.21692187,0.00000000,0.00625136,0.04957655,0.00979824,0.04777236,0.00000000,0.00000000,0.14739633,0.00000000,0.00239679,0.00085582,0.00000000,0.06755780,0.00000000,0.00000000,0.32367495,0.00000000,0.06475884,0.09833337,0.11300375,0.44548410,0.00000000,0.02451632,0.00909218,0.12758496,0.25855190,0.02399379,0.00866373,0.00000000,0.02589404,0.04951539,0.10102875,0.12587382,0.42794600,0.01377610,0.00802704,0.00046428,0.00000000,0.10096292,0.03257911,0.30593345,0.00000000,0.00000000,0.02808351,0.00000000,0.22357056,0.02653384,0.00000000,0.00591375,0.00000000,0.14529918,0.04806633,0.11448465,0.02361946,0.02411314,0.38750556,0.00019716,0.00000000,0.00545373,0.26278478,0.00000000,0.08227620,0.01098179,0.04474968,0.00000000,0.33648279,0.02317828,0.00000000,0.02498884,0.00000000,0.00447260,0.13758305,0.16089492,0.00000000,0.08153033,0.01394338,0.00000000,0.00067551,0.05417010,0.01750887,0.06348202,0.01482242,0.01486397,0.00880706,0.00000000,0.04381063,0.02432408,0.00726542,0.00000000,0.05795845,0.02616906,0.00182158,0.08923884,0.00000000,0.00000000,0.13650906,0.01518899,0.04217505,0.00000000,0.12823540,0.00704652,0.05998932,0.04674532,0.02031731,0.08342826,0.05125533,0.37366411,0.27035579,0.00564335,0.01372398,0.34058112,0.00000000,0.00000000,0.01209637,0.25672093,0.06119808,0.18808123,0.00000000,0.06452975,0.00000000,0.00793840,0.01509579,0.03136081,0.17991483,0.00000000,0.00099190,0.04668349,0.04658582,0.00998053,0.23453644,0.00278148,0.00000000,0.01278052,0.06659020,0.00000000,0.81426835,0.20647866,0.01132345,0.08953763,0.00249451,0.00535935,0.02631090,0.00000000,0.02188133,0.00507918,0.00126495,0.09479849,0.21798453,0.00807773,0.02084913,0.08268236,0.03812081,0.00000000,0.10871062,0.00000000,0.11684293,0.00547988,0.04707849,0.16557330,0.10345192,0.03228252,0.00000000,0.00000000,0.08167010,0.42908549,0.00000000,0.02861635,0.09466655,0.20487453,0.00000000,0.03201608,0.03665010,0.01202053,0.02307371,0.00000000,0.03237252,0.03816111,0.01387292,0.00000000,0.00078752,0.00320151,0.00170544,0.02179374,0.46008417,0.00000000,0.04217951,0.02397854,0.16975415,0.00363063,0.03548535,0.01776159,0.01327305,0.01823092,0.02178956,0.08217595,0.01752420,0.00046908,0.01180057,0.06458604,0.02872142,0.25330815,0.07896360,0.03923538,0.00000000,0.17378125,0.03270580,0.01691004,0.01128664,0.17778543,0.07889029,0.00063873,0.01985588,0.00000000,0.00000000,0.00000000,0.00457522,0.08292520,0.02150552,0.00000000,0.08854557,0.00000000,0.06589126,0.03600503,0.11157049,0.01678761,0.02127203,0.02446178,0.23727372,0.00000000,0.00000000,0.00000000,0.02268605,0.04218128,0.00000000,0.00000000,0.07600243,0.00000000,0.14964747,0.00000000,0.00207360,0.00000000,0.00807332,0.00291530,0.28226981,0.05863750,0.23589857,0.00198260,0.03555180,0.00448202,0.00786087,0.04383686,0.00000000,0.00000000,0.00000000,0.04042486,0.00000000,0.00867183,0.04919360,0.00000000,0.03991128,0.41220501,0.10360521,0.02024918,0.00000000,0.06552145,0.05230656,0.57441902,0.00000000,0.00995330,0.00025732,0.01048579,0.00000000,0.32155913,0.07645834,0.00000000,0.02498447,0.19470146,0.01513737,0.00048442,0.00000000,0.03315207,0.00747073,0.09923956,0.01628543,0.02018723,0.01181100,0.00412705,0.00498773,0.02908236,0.00030684,0.15409429,0.21713080,0.00000000,0.00655377,0.01193983,0.12037750,0.15773091,0.09428819,0.00388349,0.05578048,0.00000000,0.01331664,0.03837091,0.02865902,0.04194054,0.00262041,0.00000000,0.01818574,0.02595044,0.00000000,0.00564734,0.07777300,0.21143627,0.04141983,0.00286349,0.00138092,0.03541907,0.06258441,0.00009952,0.00000000,0.10366195,0.00551702,0.00000000,0.05157631,0.28735644,0.01270667,0.00000000,0.28364149,0.10369769,0.00328035,0.00726308,0.07907745,0.00000000,0.01417776,0.00000000,0.07692021,0.01361099,0.00119858,0.00103471,0.00604050,0.00000000,0.01945914,0.01502936,0.04280782,0.01937927,0.00617866,0.02158442,0.12782365,0.00000000,0.00000000,0.21975277,0.04614973,0.00563263,0.05687182,0.02587843,0.00000000,0.00000000,0.00000000,0.00090582,0.00720013,0.10471594,0.07193694,0.00000000,0.12853052,0.00000000,0.00000000,0.00305767,0.00000000,0.02501870,0.00552188,0.04614966,0.00918666,0.03526530,0.03759369,0.04353867,0.10468967,0.00474576,0.08459943,0.01617580,0.01628006,0.00000000,0.13166288,0.03703428,0.00000000,0.00141336,0.00030255,0.09072957,0.00000000,0.02231576,0.20122507,0.00000000,0.09845112,0.01188313,0.00000000,0.00000000,0.00359977,0.00000000,0.00000000,0.00787438,0.00000000,0.00000000,0.04658156,0.00000000,0.01388269,0.12991993,0.29235241,0.06281428,0.00000000,0.00074423,0.00346488,0.10946357,0.00000000,0.13951285,0.05893783,0.00098080,0.02883039,0.01195962,0.00100139,0.00000000,0.51399106,0.00613242,0.00000000,0.00000000,0.00000000,0.00211432,0.07016108,0.04479017,0.02206191,0.00449196,0.00130425,0.06090428,0.20908345,0.17483032,0.01200016,0.00873278,0.02164808,0.01770825,0.04490597,0.09548992,0.09480654,0.09824039,0.00000000,0.02257277,0.15409398,0.03872246,0.00556946,0.00000000,0.00454501,0.05683345,0.05830922,0.21993712,0.04064796,0.01080536,0.00000000,0.03062717,0.00000000,0.00000000,0.01156208,0.01978390,0.00883877,0.00650549,0.00000000,0.03599462,0.03667166,0.00000000,0.01436797,0.00000000,0.13366726,0.00919964,0.00000000,0.00262434,0.00245465,0.01937226,0.02949910,0.11987055,0.01215082,0.00000000,0.12371545,0.00000000,0.21999146,0.34787923,0.96908486,0.04532693,0.06249019,0.07368791,0.04378438,0.01839209,0.00010514,0.01312456,0.00000000,0.06805451,0.00000000,0.00170472,0.01320820,0.33391595,0.05101786,0.55744427,0.00000000,0.02790822,0.00474216,0.01030616,0.00000000,0.00005805,0.02209867,0.00000000,0.33289841,0.11116270,0.01391968,0.00880796,0.06920391,0.00000000,0.00148495,0.00000000,0.01827580,0.03416492,0.02407210,0.00760352,0.00000000,0.15003909,0.00000000,0.14155613,0.00000000,0.00000000,0.01547770,0.00000000,0.13305712,0.00000000,0.11209689,0.02322594,0.00278043,0.23632763,0.00000000,0.01324613,0.05865106,0.00000000,0.00764554,0.08687592,0.00000000,0.04173362,0.19641709,0.21905215,0.02646014,0.09013441,0.00434753,0.00030916,0.00177253,0.01376188,0.02614508,0.00981879,0.00000000,0.02194821,0.00000000,0.17817277,0.12839118,0.00437972,0.00108152,0.07349730,0.00000000,0.00944945,0.00000000,0.00000000,0.06277879,0.00180495,0.01980615,0.00037442,0.01777699,0.03696353,0.01950757,0.00954333,0.38716727,0.00000000,0.03916349,0.00000000,0.15327650,0.00808156,0.22669010,0.07653389,0.08960601,0.05311334,0.00000000,0.00066325,0.03351115,0.00000000,0.00431078,0.00026267,0.02052520,0.05159022,0.03394502,0.01215792,0.00032973,0.00000000,0.00000000,0.03871927,0.00000000,0.01348499,0.01067404,0.02392678,0.01281371,0.00000000,0.00128164,0.01639573,0.56265551,0.03006558,0.00000000,0.00000000,0.37461230,0.00000000,0.00769791,0.00000000,0.01666623,0.19799225,0.20373817,0.03357167,0.02453190,0.17868200,0.00000000,0.00628440,0.00739981,0.00000000,0.00000000,0.00000000,0.00372536,0.03235433,0.00000000,0.09026171,0.01445589,0.04792508,0.02358081,0.00047241,0.00000000,0.00000000,0.18265083,0.00000000,0.06855010,0.01293794,0.02466163,0.00347433,0.00601176,0.04523137,0.00000000,0.01776129,0.10218359,0.10074724,0.00000000,0.05297151,0.06090925,0.01438788,0.02137918,0.19606395,0.00904505,0.03330324,0.00000000,0.01964003,0.04609941,0.00592738,0.00000000,0.00000000,0.01736508,0.06397536,0.05193561,0.11118627,0.03144219,0.00008621,0.00000000,0.07691409,0.01631365,0.00401919,0.00673975,0.00941131,0.25493750,0.00248941,0.00543965,0.32116306,0.02924447,0.24908468,0.00000000,0.00000000,0.09516280,0.05503202,0.02097964,0.26085874,0.02541287,0.01382705,0.11666775,0.00000000,0.00840138,0.19461839,0.00726438,0.00000000,0.00000000,0.00000000,0.00168388,0.09703368,0.06008475,0.03804083,0.00150054,0.00878860,0.00196562,0.04856960,0.03787683,0.02623347,0.00000000,0.00000000,0.00940077,0.00651275,0.00000000,0.09421717,0.31049204,0.08068736,0.01369245,0.08484717,0.00000000,0.10350317,0.00173265,0.00593542,0.00000000,0.01242185,0.00335280,0.00077844,0.00559387,0.00000000,0.05136904,0.00000000,0.05054141,0.00591060,0.32032570,0.00000000,0.00000000,0.09148723,0.20744245,0.02952931,0.00000000,0.00617181,0.03845210,0.00000000,0.07495271,0.00000000,0.00589077,0.00000000,0.00000000,0.01181520,0.00135754,0.04114791,0.08862922,0.00083659,0.22268493,0.00000000,0.11805389,0.03214316,0.01623641,0.00744132,0.12247321,0.04313558,0.01448171,0.01925118,0.00173473,0.01207590,0.03054696,0.00106670,0.00901568,0.01888554,0.01041495,0.05873579,0.06647360,0.23791809,0.01603812,0.19107328,0.02144203,0.00000000,0.03864451,0.00000000,0.00634495,0.02097943,0.02583518,0.00000000,0.03359227,0.06448616,0.14053161,0.00755466,0.03151284,0.00000000,0.99929756,0.03319018,0.02023221,0.01099805,0.01965197,0.05513715,0.00783740,0.04267935,0.00178020,0.16703518,0.02490688,0.05314795,0.01491114,0.15363023,0.01703502,0.03728959,0.03004941,0.04917070,0.00000000,0.24819718,0.00000000,0.00001647,0.06496215,0.03070824,0.01937987,0.06399688,0.00000000,0.05336628,0.00214099,0.45983902,0.05902375,0.00268715,0.00000000,0.01986316,0.02322494,0.06327949,0.08693307,0.00000000,0.02206690,0.00494717,0.00075522,0.19888139,0.00000000,0.00325756,0.10474849,0.00001059,0.00000000,0.00609375,0.03151834,0.00000000,0.10811742,0.00000000,0.00000000,0.00000000,0.00395513,0.03107871,0.03125310,0.02511389,0.01571046,0.00682628,0.02695810,0.49484065,0.00738409,0.00000000,0.00000000,0.00014067,0.00000000,0.10667812,0.01426241,0.02743101,0.00379093,0.00000000,0.12434333,0.04097794,0.00000000,0.00000000,0.00044859,0.00000000,0.02151650,0.00000000,0.05182414,0.00000000,0.22445501,0.01814307,0.00797380,0.00455249,0.10467596,0.00000000,0.28494918,0.07697934,0.02440321,0.00279314,0.11037783,0.00050927,0.47680488,0.00000000,0.01972043
6095,data/pair/6095/RHEED/Rampdown to 250C.MOV,manifest_specified_rheed_path,16.660000,500,8,0.00148922,0.00151798,0.26468256,0.00000000,0.00000000,0.00000000,0.03110523,0.00000000,0.02902054,0.00000000,0.01226473,0.04035651,0.00000000,0.00000000,0.05020949,0.02484104,0.00000730,0.00254557,0.00000000,0.00855688,0.00000000,0.00000000,0.00819156,0.00386807,0.00000000,0.10098927,0.00000000,0.65664095,0.00000000,0.00000000,0.02017885,0.00865745,0.89616698,0.00344825,0.00000000,0.00000000,0.00000000,0.00000000,0.04785332,0.00000000,0.00000000,0.01941896,0.00000000,0.00000000,0.00712983,0.00000000,0.15045893,0.00000000,0.00000000,0.00012295,0.00000000,0.00033114,0.13482763,0.00000000,0.00206500,0.04764727,0.00177232,0.00681712,0.00000000,0.09182248,0.03818740,0.00040153,0.00000000,0.14224097,0.01586662,0.00000000,0.01028308,0.00633222,0.00000000,0.00000000,0.00000000,0.00000000,0.02102162,0.00000000,0.01794277,0.18252960,0.00047040,0.00000000,0.09242047,0.00000000,0.00844233,0.00379764,0.06687203,0.00000000,0.00000000,0.41954282,0.00000000,0.00256190,0.00000000,0.00195257,0.23225455,0.24796696,0.00000000,0.00134332,0.03097420,0.00000000,0.00116506,0.00000000,0.12952316,0.00000000,0.04255527,0.07385074,0.29326770,0.00000000,0.00000000,0.00000000,0.00000000,0.04614157,0.00000000,0.00000000,0.00000240,0.00081319,0.34434062,0.09490522,0.00000000,0.00216771,0.02081962,0.00187425,0.02378385,0.01784181,0.05604529,0.05205040,0.95909393,0.00000000,0.02807408,0.00022529,0.00000000,0.00000000,0.00159930,0.00000000,0.00000000,0.35115519,0.00062496,0.01675976,0.00001560,0.00045665,0.00000000,0.01665861,0.33645993,0.00153423,0.00000000,1.56373239,0.01674699,0.00000000,0.00066149,0.01945728,0.00000000,0.04032981,0.00823702,0.00000000,0.00000000,0.27641207,0.00130491,0.00000000,0.00091923,0.00000000,0.00000000,0.00746161,0.00000000,0.07837860,0.02946714,0.00021502,0.03866276,1.40907669,0.15517755,0.01014581,0.06305301,0.00000000,0.00458522,0.00000000,0.04265565,0.04151000,0.14356399,0.00576384,0.00000000,0.00351703,0.00000000,0.00000000,0.01765905,0.00000000,0.00070997,0.06472726,0.00014442,0.28258437,0.45019287,0.00017404,0.00000000,0.00000000,0.00000000,0.00000000,0.00000000,0.07220383,0.00000000,0.00792484,0.00488165,0.00000000,0.00000000,0.00173466,0.00000000,0.01341780,0.00004147,0.03632913,0.00557890,0.01630393,0.54497266,0.42050421,0.00000000,0.00081923,0.00000000,0.00000000,0.40580505,2.35433841,0.00019829,0.00000000,0.00362960,0.05437647,0.00000000,0.00000000,0.00000000,0.07663889,0.00000000,0.04393963,0.21116823,0.00124584,0.00433085,0.00112852,0.00079136,0.01294553,0.00000000,0.00040899,0.16079323,0.00000000,0.00000000,0.00000000,0.00000000,0.00000000,0.07695070,0.02720669,0.00000000,0.00239384,0.09115648,0.00000000,0.45370978,0.00098100,0.00556037,0.01967118,0.02844413,0.00000000,0.00154751,0.00000000,0.00000000,0.06313032,0.00000000,0.00999437,0.00062967,0.00209890,0.00000000,0.00000000,0.00078511,0.24787565,0.00000000,0.00000000,0.00000000,0.49120998,0.00000000,0.23237717,0.00996740,0.43974987,0.00000000,0.06712297,0.02425826,0.00000000,0.00718497,0.04191945,0.00094247,0.13525493,0.00000000,0.00000000,0.00000000,0.00495470,0.00079617,0.01834275,0.00000000,0.00358867,0.01084795,0.00000000,0.09035527,0.91365927,0.00000000,0.01172620,0.01599488,0.00000000,0.00045600,0.00098846,0.00000000,0.00000000,0.00000000,0.03386575,0.00000000,0.00000000,0.00000000,0.01328481,0.12904927,0.00396500,0.00000000,0.01761321,0.00129298,0.00177455,0.00000000,0.00018229,0.00000000,0.00019239,0.03898369,0.75437766,0.10653520,0.10830283,0.00000000,0.00000000,0.00000000,0.00000000,0.00337224,0.00079338,0.00558861,1.86365271,0.15009096,1.43605900,0.00163755,0.05740008,0.01475015,0.00086388,0.01705654,0.00000000,0.00000000,0.00000000,0.00000000,0.00000000,0.23352516,0.00000000,0.05767387,0.00040150,1.02732980,0.03345149,0.00000000,0.04834487,0.02533725,0.02660124,0.02951170,0.04520771,0.05754621,0.00000000,0.00168127,0.12517272,0.01147165,0.00000000,0.00000000,0.05940977,0.00000000,0.10977112,0.00000000,0.00000000,0.00000000,0.00000000,0.00240154,0.24315198,0.00043789,0.00009794,0.00525835,0.03805173,0.00000000,0.02589829,0.04660873,0.00000000,0.00000000,0.00000000,0.02452976,0.08315829,0.05800199,0.32862374,0.06022312,0.01723809,0.06496119,0.00000000,0.02003984,0.00000000,0.01223803,0.00083533,0.00000000,0.00000000,0.00000000,0.00000000,0.00040556,0.04848767,0.01155083,0.30687842,0.00000000,0.00000000,0.00000000,0.04195816,0.00093995,0.21649314,0.00000000,0.03585075,0.01053892,0.00038983,0.00000000,0.00212542,0.13213733,0.01174565,0.00000000,0.29878026,0.00797665,0.04488020,0.13268575,0.08482563,0.07719512,0.10800674,0.00209014,0.00000000,0.06024577,0.02501718,0.00000000,0.00000000,0.00046233,0.00000000,0.09327815,0.00514586,0.00000000,0.00000000,0.09224094,0.30166599,0.00000000,0.00690460,0.03887993,0.00497472,0.14941320,0.13677944,0.00000000,0.00000000,0.00000000,0.00244226,0.00880483,0.00330301,0.00249411,0.00711040,0.00000000,0.02013563,0.00540228,0.00000000,0.00000000,0.00083707,0.00000000,0.00000000,0.08153625,0.04809986,0.00000000,0.00000000,0.02287099,0.01141063,0.00188746,0.00000000,0.11580029,0.00000000,0.00000000,0.00000000,0.00039019,0.00000000,0.00000000,0.05956291,0.00647688,0.00000000,0.00000000,0.00077734,0.00000000,0.00000000,0.37275171,0.00300472,0.00000000,0.00000000,0.00063277,0.09186953,0.00000000,0.00000000,0.00213225,0.00000000,0.00000000,0.00238218,0.00073149,0.00247084,0.00000000,0.00270031,0.57851708,0.00287212,0.00000000,0.07803771,0.00000000,0.05633444,0.00011448,0.01515703,0.08995511,0.00000000,0.00000000,0.00000000,0.40254074,0.00000000,0.00000000,0.00604031,0.67284173,0.02460211,0.00000000,0.08947425,0.00956078,0.03832994,0.00129336,0.06704473,0.00000000,0.00000000,0.06460696,0.04497506,0.00000000,0.00000000,0.00000000,0.11491019,0.00047396,0.00503480,0.00000000,0.00897460,0.02601533,0.02450590,0.00000000,0.08487985,0.11516812,0.00000000,0.00000000,0.00797409,0.00000000,0.00545529,0.00000000,0.36288434,0.00986389,0.01325161,0.00000000,0.03620954,0.00000000,0.00046284,0.04212997,0.00038056,0.00000000,0.00158492,0.00000000,0.00051978,0.93288946,0.10960990,0.00000000,0.34938842,0.00000000,0.06048017,0.00000000,0.09524287,0.00000000,0.00000000,0.00000000,0.04392889,0.00595676,0.00111655,0.02414086,0.09911203,0.11669010,0.00000000,0.00000000,0.00000000,0.04218957,0.00000000,0.25269794,0.07995424,0.16098960,0.00000000,0.00000000,0.00000000,0.00000000,0.08563902,0.15657686,0.00000000,0.00000000,0.00002012,0.21374062,0.09766511,0.01219843,0.00107811,0.01855035,0.00000000,0.12336065,0.00000000,0.01053673,0.00026145,0.06745860,0.00281733,0.00000000,0.00000000,0.00062640,0.00789848,0.00055434,0.00132313,0.00000000,0.00000000,0.00000000,0.00067749,0.05381732,0.40047297,0.00000000,0.00000000,0.06728940,0.00000000,0.00901136,0.00000000,0.01969690,0.00000000,0.02280898,0.03161295,0.00000000,0.00000000,0.00000000,0.02173443,0.00417175,0.03186031,0.00000000,0.00000000,0.00000000,0.02266479,0.01103728,0.05964183,0.00120241,0.00000000,0.52240944,0.00239288,0.00000000,0.00000000,0.88416845,2.50831699,0.00000000,0.00000000,0.01655663,0.09528077,0.00543284,0.01338507,0.00000000,0.04771502,0.00000000,0.00000000,0.20792343,0.01595590,0.64738667,0.00000000,0.00109137,0.11126989,0.00000000,0.00109284,0.16564572,0.00000000,1.67571437,0.00210456,0.00000000,0.01798556,0.00000000,0.00028274,0.01152115,0.00164849,0.00000000,0.00913340,0.00008121,0.00000000,0.01764354,1.08540189,0.00824667,0.03511577,0.15672401,0.00000000,0.37017399,0.06394031,0.00733839,0.00000000,0.00629214,0.00145173,0.03420840,0.00278285,0.15803148,0.11446186,0.00000000,0.00982566,0.00000000,0.00000000,0.00000000,0.61571074,0.00000000,0.00097638,0.35366669,0.00000000,0.07158885,0.00000000,0.00000000,0.00000000,0.00000000,0.00127361,0.00206907,0.00199273,0.01051042,0.00839318,0.00261439,0.00000000,0.23000993,0.00000000,0.00000000,0.00000000,0.00000000,0.01842572,0.00000000,0.01889744,0.00000000,0.07753038,0.00000000,0.00000000,0.02890057,0.00034316,0.00000000,0.01151471,0.01611715,0.08861817,0.08394968,0.00338699,0.00000000,0.00841236,0.01099580,0.22946841,0.26763085,0.00000000,0.14667059,0.00000000,0.00000000,0.00178998,0.02631620,0.02404911,0.00000000,0.00000000,0.00000000,0.19426283,0.00000000,0.00000000,0.00000000,0.00000000,0.00149764,0.00262467,0.00000000,0.01634659,0.00000000,0.00061931,0.00000000,0.00000000,0.00000000,0.00000000,0.00599171,0.00000000,0.00930782,0.00000000,3.04426384,0.05045994,0.00329036,0.00739990,0.00090240,0.00000000,0.71168637,0.00158004,0.00000000,0.00022287,1.67601013,0.00000000,0.00000000,0.01204771,0.00000000,0.00000000,0.00739115,0.00000000,0.00817610,0.03153798,0.00127896,0.00744243,0.00943678,0.00000000,0.02951014,0.00715457,0.00000000,0.23441583,0.00013546,0.05858263,0.00000000,0.21128376,0.12444685,0.26371518,0.53762025,0.00152669,0.02386240,0.05264531,0.00408206,0.01334671,0.00493998,0.00073505,0.00000000,0.01157222,0.09040228,0.00002820,0.00000000,0.04487773,0.00528044,0.00000000,0.00231341,0.00104228,0.00000000,0.00165233,0.14376391,0.00000000,0.01969514,1.90062034,0.05043589,1.66939187,0.00000000,0.17115556,0.00065905,0.00041519,0.00000000,0.01264384,0.00000000,0.00906632,0.10702695,0.02024482,0.00745128,0.00000000,0.00096049,0.24799243,0.00000000,0.22058372,0.00000000,0.21028371,0.00030004,0.00221435,0.00000000,0.01698499,0.00000000,0.00000000,0.00457124,0.00000000,0.00000000,0.00651440,0.00096818,0.00414511,0.50424343,0.02295509,0.00000000,0.00000000,0.00000000,0.00126987,0.00000000,0.00000000,0.00101338,0.00119935,0.00000000,0.00306314,0.47884640,0.00063579,0.00053930,0.04034323,0.06419592,0.00000000,0.01107315,0.21936914,0.00406228,0.00000000,0.00000000,0.01645041,0.00000000,0.00068870,0.59458947,0.00000000,0.02630120,0.00000000,0.04006081,0.00367900,0.01194661,0.00000000,0.12940405,0.00029917,0.00000000,0.00867538,0.00000000,0.23464632,0.00000000,0.00000000,0.26760307,0.00000000,0.00000000,4.80668640,0.18669160,0.08498958,0.00000000,0.06357943,0.10114891,0.00000000,0.00000000,0.00000000,0.00016942,0.00000000,0.10658593,0.17813644,0.00783896,0.02643878,0.00000000,0.07076590,0.00000000,0.00000000,0.00000000,0.00000000,0.04168274,0.00006839,0.00000000,0.08230029,0.00086936,0.00357488,0.00000000,0.00000000,0.67351413,0.16240042,0.00759469,0.00165701,0.07806137,0.13807684,0.00000000,0.00000000,0.07278670,0.00000000,0.02979014,0.00013673,0.00000000,0.03529379,0.00000000,0.00000000,0.00035095,0.00000000,0.00000000,0.00000000,0.40959793,1.67747462,0.01544730,0.17373382,0.06604475,0.00000000,0.00154519,0.00351267,0.00000000,0.08734700,0.01684005,0.04033222,0.00470634,0.00207194,5.24824381,0.01266386,0.01069181,0.00000000,0.00422938,0.01141318,0.00000000,0.04219017,0.04506544,0.00285951,0.00275855,0.04515082,0.30157265,0.00000000,0.95390236,0.00000000,0.04053086,0.00238702,0.06944589,0.00219120,0.01761381,0.02460481,0.00000000,0.00579224,0.00000000,0.00121211,0.00000000,0.00000000,0.00000000,0.00000000,0.00420192,0.00233096,0.00000000,0.01663778,0.00000000,0.00150331,0.00739572,0.00249174,0.00000000,0.01917590,0.04039958,0.03949337,0.00000000,0.00149470,0.48591721,0.51182067,0.00000000,0.00000000,0.00000000,0.00978122,0.05641263,0.00000000,0.00564312,0.00000000,0.00402656,0.00000000,0.00003041,0.00000000,1.38213253,0.00596894,0.03849056,0.02011424,0.05373015,1.25354457,0.90412384,0.00000000,0.06382610,0.77058113,0.00805117,0.32165366,0.00000000,0.01709980,0.28624102,0.00000000,0.01637959,0.12930109,0.00000000,0.01964710,0.00000000,0.03122284,0.00677263,0.00000000,0.00000000,0.00000000,0.01044206,0.00000000,0.76502472,0.00000000,0.00000000,0.00000000,0.00000000,0.00000000,0.07797229,0.00000000,0.00000000,0.00321842,0.00000000,0.00000000,0.00000000,0.00021577,0.00000000,0.00418135,0.00000000,0.17885990,0.00000000,0.00000000,0.02443520,0.00000000,0.00012058,0.35423011,0.00000000,0.00023859,0.00000000,3.02108288,0.00000000,0.00530970,0.00000000,0.02431110,0.00000000,0.24166414,0.00106123,0.00098252,0.00000000,0.00000000,0.08315265,0.00000000,1.14065063,0.00000000,0.00000000,2.36461854,0.01674268,0.01834680,0.00336503,0.01829953,0.00000000,0.00000000,0.00000000,0.00513682,0.05982063,0.00000000,0.00000000,0.00000000,0.01679904,0.07146718,0.00000000,0.02664829,0.00000000,0.00000000,0.23765434,0.03768170,0.00000000,0.00526367,0.00248543,0.00002980,0.00000000,0.00000000,0.01223886,0.08323177,0.00000000,0.05047090,0.11260267,0.01141403,0.03759139,0.00058596,0.00291419,0.00000000,0.03519452,0.00000000,0.01010839,0.59851027,0.00855768,0.00000000,0.00000000,0.13357121,0.20063528,0.01556679,0.00000000,0.10118674,0.00131000,0.57495946,0.93755335,0.00000000,0.07073477,0.03571667,0.01466869,0.09974657,0.16106163,1.86508274,0.01582175,0.00000000,0.00000000,0.33508074,0.00000000,0.00048088,0.00000000,0.00022808,0.10291595,0.00000000,0.00163556,0.00006812,0.00000000,0.00000000,0.00000000,0.00000000,0.00000000,0.00000000,0.00000000,0.00000000,0.00625083,0.03998634,0.03273994,0.01090520,0.00588747,0.00000000,0.35278329,0.00000000,0.00000000,0.01493793,0.00032326,0.00000000,0.00000000,0.00000000,0.48123437,0.09455281,0.00112333,0.03262996,0.00055729,0.00128378,0.00065681,0.01627565,0.13909757,0.00000000,0.07675362,0.00192763,0.00000000,1.37660933,0.00000000,0.00062570,0.00000000,0.00730321,0.00020513,0.05326555,0.28168657,0.00496031,0.00217558,0.00000000,0.00000000,0.00337898,0.00183836,0.00002805,0.00000000,0.01797658,0.00000000,0.24270542,0.00000000,0.00419244,0.00102077,0.00000000,0.04548940,0.00000000,0.03276959,0.00000000,0.01642946,0.40543994,0.00429408,0.67848307,0.00000000,0.00177550,0.00000000,2.22228360,0.00000000,0.01507542,0.04053532,0.00000000,0.00000000,0.03239639,0.08566011,0.00044982,0.00000000,0.00000000,0.00000000,0.00000000,0.02130928,0.00199244,0.00000000,0.00000000,0.00000000,0.00000000,0.00681210,0.01898867,0.02572277,0.05350932,0.00000000,0.00000000,0.00000000,0.00464106,0.00041868,0.00000000,0.00000000,0.00218417,0.21428940,0.33149621,0.00181410,0.00000000,0.00000000,0.02512148,0.01871160,0.00075485,0.00223427,0.03001367,0.00000000,0.18271782,0.11735164,0.00000000,0.07644787,0.00000000,0.01219480,0.19026455,0.06788097,0.00063599,0.35150391,0.00000000,0.00000000,0.00000090,0.00000000,0.00000000,0.00041390,0.02601463,0.02221388,0.00000000,0.00000000,0.00085647,0.00446865,0.51880449,0.00000000,0.00000000,0.00409095,0.00308895,0.03568078,0.09748115,0.00000000,0.00000000,0.00781676,0.01153086,0.00000000,0.00085802,0.33863696,0.00197709,0.00149603,0.00000885,0.00000000,0.01004192,0.00978511,0.01369043,0.05855961,0.00000000,0.76262236,0.03254402,0.00000000,0.00000000,2.50096536,0.00025059,0.00000000,0.00096988,0.00000000,0.03486858,0.00151714,0.00086390,0.11193684,0.05266073,0.00768540,0.00000000,0.00000000,0.16057786,0.04371512,0.00403326,0.00000000,0.00000000,0.18215927,0.01120267,0.01500082,0.00779853,0.00000000,0.01853051,0.00000000,0.00000000,0.09731712,0.00000000,0.00243646,0.00424037,0.10418288,0.00000000,0.24073410,0.29873934,0.00000000,0.00000000,0.00000000,0.62215871,0.00000000,0.55128843,0.00000000,0.00000000,0.01302872,0.00722290,0.04693349,0.00029873,0.00000000,0.00318550,0.03225599,0.00042655,0.02108289,0.00005731,0.43767458,0.00000000,0.00752650,0.02491403,0.03137894,0.01451574,1.13872075,0.24817456,0.00000000,0.02132897,0.00945076,0.00000000,0.00000000,0.00000000,0.06330635,0.00000000,0.00000000,0.00000000,0.00000000,0.00000000,0.00000000,0.06439204,0.07082136,0.04361539,0.40592679,0.09636161,0.02728948,0.00000000,0.00000000,0.45677793,0.48672685,0.00000000,0.00000000,0.02603895,0.00000000,0.00027635,0.00000000,0.00000000,0.00202113,0.00000000,0.00000000,0.03659041,0.00000000,0.00000000,0.00047038,0.00309039,0.00011720,0.06583070,0.00043788,0.00675160,0.00000000,0.00000000,0.10846190,0.00000000,0.00000000,0.00235445,0.00000000,0.00023499,0.01782804,0.00544296,0.00679884,0.00000000,0.00000000,0.00000000,2.58597732,0.06599746,0.00338462,0.00863882,0.00328190,0.00417463,0.32572594,0.15285617,0.00228456,0.00152419,0.74017900,0.01523965,0.00409216,0.03446882,0.00105419,0.00383381,0.03863489,0.28744110,0.01244313,0.00000000,0.00000000,0.00000000,0.00020654,0.00076835,0.42312682,0.30630296,0.00000000,0.03071819,0.02342813,0.00000000,0.37616968,0.03613349,0.00000000,0.00000000,0.00000000,0.00000000,0.00000000,0.09090157,0.00381880,0.00000000,0.03914966,0.00188819,0.00000000,0.00000000,0.00296205,0.00492402,0.02588125,0.00000000,0.00415229,0.00000000,0.00000000,0.00271330,0.05830616,0.00000000,0.00254760,1.06778681,0.00787279,0.01268136,0.00911610,0.01125837,0.00000000,0.19562329,0.00000000,0.13593757,0.00000000,0.00112705,0.00000000,0.00020067,0.00024276,0.07089169,0.00000000,0.00883288,0.05089030,0.00000000,0.00000000,0.01041832,0.00285530,0.38715014,0.00000000,0.00000000,0.00000000,0.00161992,0.00000000,0.00000000,0.51893085,0.00000000,0.00675762,0.00781794,0.00460575,0.00000000,0.00000000,0.00000000,0.00000000,0.00021731,0.04425706,0.00000000,0.00000000,0.42995489,0.00000000,0.00000000,0.00000000,0.00065376,0.01856794,0.02608959,0.21734405,0.00000000,0.00033307,0.00475866,0.00000000,0.01125776,0.01247961,0.00000000,0.00000000,0.00000000,0.00000000,0.22141191,0.00829771,0.00000000,0.00000000,0.02458015,1.58639383,0.00000000,0.01261931,0.10494056,0.00000000,0.00000000,0.00000000,0.00000000,0.00000000,0.00175864,0.00061416,0.00092257,0.00000000,0.00000000,0.00000000,0.05131393,0.00000000,0.00000000,0.42784047,3.83715105,0.00021101,0.00000000,0.00000000,0.01158397,0.00440462,0.00000000,0.00064817,0.00455740,0.00772171,0.07344588,0.00082495,0.00009655,0.00000000,0.01168781,0.14570132,0.13904463,0.00000000,0.00000000,0.00000000,0.00000000,0.77272928,0.00000000,0.02420638,0.00000000,0.02289599,0.00000000,0.00044942,0.02639179,0.01057984,0.00000000,0.00000000,0.06624930,0.00000000,0.05649336,0.04777052,0.00904617,0.00857019,0.27618983,0.00000000,0.00060405,0.00000000,0.20064984,0.00000000,0.07371324,0.00000000,0.00000000,0.00000000,0.00469513,0.06629998,0.00000000,0.00000000,0.00272298,0.56256843,0.00000000,0.00000000,0.00000000,0.00045430,0.00000000,0.00000000,0.00000000,0.00047513,0.05021110,0.00000000,0.00000000,0.00000000,0.00000000,0.00000000,0.04328477,0.04751382,0.01290198,0.00000000,0.00000000,0.00822397,0.00429755,0.02071480,2.00202799,0.12775871,1.34738827,0.00285403,0.01315227,0.00331118,0.00000000,0.00000000,0.00000000,0.05276001,0.00000000,0.00000000,0.00000000,0.05759772,0.02415447,0.32898393,0.00000000,0.00637863,0.02087026,0.01838587,0.00000000,0.00000000,0.00869641,0.00000000,0.05375768,0.00000000,0.00000000,0.00029966,0.00390768,0.00000000,0.00000000,0.00254748,0.00000000,0.00053109,0.00345892,0.04118524,0.00000000,0.00635838,0.00000000,0.07389650,0.00000000,0.00000000,0.00333917,0.00000000,0.11892481,0.00000000,0.00076892,0.06305575,0.00288082,0.03099936,0.00065381,0.00000000,0.03985390,0.00204048,0.00000000,2.07470822,0.00000000,0.00358433,0.00663905,0.00383132,0.00001554,1.06586123,0.04120488,0.01822629,0.00228048,0.47646976,0.00000000,0.06509212,0.00000000,0.00000000,0.00000000,0.44009864,0.02981864,0.00351058,0.00000000,0.28871113,0.00000000,0.00000000,0.00000000,0.00000000,0.09249595,0.00009192,0.67238903,0.00000000,0.04363052,0.00000000,0.00000000,0.66364264,0.17851244,0.00000000,0.00170431,0.00000000,0.04077117,0.00019715,0.87054777,0.01156512,0.15841052,0.00160734,0.00000000,0.00000000,0.00000000,0.00000000,0.00571874,0.00126393,0.00006754,0.00000000,0.24000855,0.00132543,0.10524688,0.00000000,0.00000000,0.15232754,0.00000000,0.00000000,0.00000000,0.01661790,0.00389250,0.01269904,0.09751853,0.00030857,0.12038022,0.00000000,0.00000000,0.00000000,0.00060612,0.00000000,0.28334078,0.00000000,0.00253620,0.02436350,0.05958441,0.21436144,0.00692242,0.08979584,0.00000000,0.00603117,0.02990084,0.00000000,0.00000000,0.00000000,0.00000000,0.00518915,0.00000000,0.00106373,0.00000000,0.03047526,0.00000000,0.00000000,0.00000000,0.00000000,2.78335500,0.01939362,0.00297894,0.06765345,0.00038401,0.11717319,0.01089492,0.68860376,0.00000000,0.00062261,0.22964858,0.01237658,0.01406713,0.14998159,0.07665068,0.00000000,0.00605670,0.19839731,0.00000000,0.00577817,0.00000000,0.00711472,0.00000000,0.00138305,0.00000000,0.00000000,0.00015482,0.00357969,0.00000000,0.01940341,0.00000000,0.00025337,0.00000000,0.04201553,0.01378883,0.00000000,0.00335459,0.00000000,0.01076641,0.00000000,0.00000000,0.28402489,0.04697907,0.01074099,0.00000000,0.00000000,0.42719892,0.02013712,0.00000000,1.71901059,0.01189657,0.00000000,0.15321621,0.00000000,0.00566647,0.26682049,0.00201864,0.00000000,0.00000000,0.43223017,0.00000000,0.09985524,0.00000000,0.02000564,0.00000000,0.02929356,0.00000000,0.05626287,0.00000000,0.05755835,0.00000000,0.00000000,0.00000000,0.00293328,0.00000000,0.00586622,0.00000000,0.04165557,0.00000000,0.00000000,0.00000000,0.00038728,0.08441190,0.00260399,0.00000000,0.00214874,0.00000000,0.00000000,0.00000000,0.00000000,0.08719216,0.00000000,0.12127505,0.13032980,3.21041155,0.00000000,0.00000000,0.00000000,0.08418328,0.01019148,0.00235859,0.02571414,0.01724263,0.00000000,0.02041727,0.00000000,0.00720717,0.00000000,0.02106733,0.00000000,0.00000000,0.00244952,0.06599578,0.00000000,0.00000000,0.00000000,0.11638942,0.00000000,0.00284972,0.00017481,0.32831645,0.08600062,0.04570577,0.00000000,0.00000000,0.00000000,0.02600069,0.00000000,0.00000000,0.04825627,0.00000000,0.07912789,0.04596966,0.01532940,0.08290524,0.00000000,0.04544583,0.02543805,0.00056024,0.08736033,0.00000000,0.03238188,0.06045464,0.00000000,0.03600870,0.02107277,0.01661959,0.00487450,0.00000000,0.00000000,0.00662806,0.04462174,0.08645711,0.01789359,0.00453134,0.00037949,0.00004389,0.09104718,0.00000000,0.68354100,0.03563323,0.00000000,0.00000000,0.00171706,0.02338881,0.00000000,0.01049180,0.00860210,0.00000000,0.57720017,0.00000000,0.00568059,0.00802162,0.02241926,0.25833532,0.01421595,0.00000000,1.81926799,0.00000000,0.52053058,0.78133267,0.00000000,0.00000000,0.00000000,0.00000000,0.00619196,0.01698405,0.00000000,0.10264709,0.05444370,0.02327537,0.00000000,0.00004351,0.05763653,0.00819600,0.00105309,0.00000000,0.00008173,0.03727335,0.03024467,0.02533519,0.00000000,0.00000000,0.00000000,0.11547014,0.00201075,2.99671984,0.02106146,0.08267061,0.00630330,0.00001258,1.36873913,0.03253360,0.00000000,0.00000000,0.00060804,0.00000000,0.01584518,0.00025415,0.00151080,0.00000000,0.00000000,0.09078292,0.02688863,0.00000000,0.03597690,0.00344178,0.00000000,0.01140570,0.00000000,0.05521797,0.00000000,0.00780853,0.01118517,0.15367782,0.00000000,0.19287628,0.00000000,0.00000000,0.12232570,0.01395645,0.00000000,0.07300617,0.00000000,0.00151798,0.00000000,0.02839916,0.00264790,0.00401620,0.13430154,0.00000000,0.00000000,0.00000000,0.04379123,0.00000000,0.02709266,0.00000000,0.01173745,0.03868136,0.00000000,0.00000000,0.02053585,0.01657311,0.00001932,0.00626567,0.00000000,0.00445381,0.00000000,0.00000000,0.01131074,0.00647114,0.00000000,0.06383222,0.00000000,0.20744801,0.00000000,0.00000000,0.03512831,0.01995450,0.25465789,0.00484176,0.00000000,0.00000000,0.00000000,0.00000000,0.06750625,0.00000000,0.00000000,0.02444897,0.00000000,0.00000000,0.00760349,0.00000000,0.12429854,0.00000000,0.00000000,0.00032528,0.00000000,0.00059401,0.08458363,0.00000000,0.00288465,0.04483180,0.00468912,0.01284268,0.00000000,0.03850049,0.02374804,0.00059736,0.00000000,0.09125267,0.02595256,0.00000000,0.01254238,0.01133493,0.00000000,0.00000000,0.00000000,0.00000000,0.03539837,0.00000000,0.00881298,0.07400078,0.00124456,0.00000000,0.07744552,0.00000000,0.00800769,0.01004762,0.02951102,0.00000000,0.00000000,0.12371495,0.00000000,0.00425290,0.00000000,0.00516601,0.07938575,0.06311306,0.00000000,0.00326620,0.04117889,0.00000000,0.00171718,0.00000000,0.22122164,0.00000000,0.01595287,0.05402674,0.11824746,0.00000000,0.00000000,0.00000000,0.00000000,0.01216906,0.00000000,0.00000000,0.00000636,0.00215149,0.18791634,0.07100461,0.00000000,0.00313605,0.01466558,0.00495880,0.01171143,0.01530266,0.01723991,0.01304019,0.47291270,0.00000000,0.04148050,0.00059606,0.00000000,0.00000000,0.00306031,0.00000000,0.00000000,0.18000427,0.00165349,0.02042877,0.00004128,0.00079255,0.00000000,0.02142411,0.14127813,0.00405919,0.00000000,0.50291979,0.02868426,0.00000000,0.00175014,0.01179408,0.00000000,0.03586977,0.01320385,0.00000000,0.00000000,0.04023949,0.00168092,0.00000000,0.00225057,0.00000000,0.00000000,0.01303095,0.00000000,0.06387511,0.03664425,0.00056889,0.02601095,0.13226485,0.10604417,0.01497626,0.02860916,0.00000000,0.00833499,0.00000000,0.02690524,0.03361134,0.08776968,0.01170100,0.00000000,0.00624267,0.00000000,0.00000000,0.02294317,0.00000000,0.00123917,0.06600201,0.00038210,0.12313808,0.18123731,0.00046046,0.00000000,0.00000000,0.00000000,0.00000000,0.00000000,0.04097421,0.00000000,0.00868503,0.01148114,0.00000000,0.00000000,0.00361740,0.00000000,0.01623250,0.00010971,0.01974589,0.01324376,0.03498534,0.19684708,0.16892257,0.00000000,0.00216748,0.00000000,0.00000000,0.23502800,0.15869084,0.00052461,0.00000000,0.00412408,0.08294614,0.00000000,0.00000000,0.00000000,0.04967384,0.00000000,0.02227023,0.07963579,0.00216880,0.00516447,0.00200131,0.00209373,0.01343725,0.00000000,0.00108208,0.03588390,0.00000000,0.00000000,0.00000000,0.00000000,0.00000000,0.06746445,0.05843783,0.00000000,0.00437054,0.09910306,0.00000000,0.11607714,0.00259548,0.01228975,0.01963597,0.02198821,0.00000000,0.00325404,0.00000000,0.00000000,0.05226619,0.00000000,0.00645334,0.00111164,0.00405403,0.00000000,0.00000000,0.00207719,0.31080931,0.00000000,0.00000000,0.00000000,0.10214355,0.00000000,0.04590730,0.01303728,0.11550967,0.00000000,0.05341065,0.00768875,0.00000000,0.00639863,0.05606211,0.00148060,0.04927879,0.00000000,0.00000000,0.00000000,0.00777245,0.00139401,0.02295874,0.00000000,0.00495768,0.00728288,0.00000000,0.03685530,0.10723543,0.00000000,0.02787786,0.01675235,0.00000000,0.00120646,0.00261522,0.00000000,0.00000000,0.00000000,0.02299904,0.00000000,0.00000000,0.00000000,0.02189683,0.07492784,0.00557514,0.00000000,0.00936038,0.00252458,0.00230459,0.00000000,0.00048229,0.00000000,0.00050902,0.02151049,0.18521997,0.05791789,0.05811214,0.00000000,0.00000000,0.00000000,0.00000000,0.00591645,0.00209907,0.00877789,0.37403244,0.06662106,0.38755402,0.00237529,0.07042056,0.01617980,0.00180428,0.01320577,0.00000000,0.00000000,0.00000000,0.00000000,0.00000000,0.03451632,0.00000000,0.06778851,0.00106228,0.09767015,0.04206390,0.00000000,0.02510819,0.02317776,0.02272179,0.06194333,0.02289583,0.03335729,0.00000000,0.00249401,0.07206957,0.01495039,0.00000000,0.00000000,0.06488024,0.00000000,0.07024211,0.00000000,0.00000000,0.00000000,0.00000000,0.00457479,0.11191171,0.00115855,0.00025913,0.01095192,0.04829219,0.00000000,0.01535273,0.02868225,0.00000000,0.00000000,0.00000000,0.02340130,0.07899005,0.03008856,0.17569064,0.03358844,0.02869076,0.08439834,0.00000000,0.02179308,0.00000000,0.02070731,0.00221008,0.00000000,0.00000000,0.00000000,0.00000000,0.00107302,0.01406907,0.03056062,0.08854566,0.00000000,0.00000000,0.00000000,0.02011675,0.00122072,0.06494452,0.00000000,0.01422467,0.01086652,0.00103140,0.00000000,0.00358306,0.04438270,0.01936299,0.00000000,0.07711978,0.01344602,0.03018369,0.05222603,0.04835349,0.03227815,0.05650330,0.00351035,0.00000000,0.03768378,0.06618924,0.00000000,0.00000000,0.00086212,0.00000000,0.06910850,0.01293737,0.00000000,0.00000000,0.07054135,0.12171236,0.00000000,0.00916687,0.02894938,0.00496315,0.11827283,0.06369267,0.00000000,0.00000000,0.00000000,0.00409461,0.00724901,0.00396059,0.00413845,0.00775641,0.00000000,0.01774110,0.00938229,0.00000000,0.00000000,0.00221467,0.00000000,0.00000000,0.05101243,0.01391949,0.00000000,0.00000000,0.01182241,0.01141483,0.00192436,0.00000000,0.06965395,0.00000000,0.00000000,0.00000000,0.00103235,0.00000000,0.00000000,0.02643185,0.01001672,0.00000000,0.00000000,0.00205664,0.00000000,0.00000000,0.11382551,0.00730826,0.00000000,0.00000000,0.00117476,0.05443205,0.00000000,0.00000000,0.00395156,0.00000000,0.00000000,0.00356848,0.00193535,0.00438252,0.00000000,0.00366359,0.35312375,0.00508576,0.00000000,0.11931698,0.00000000,0.02347288,0.00030288,0.01121321,0.02162413,0.00000000,0.00000000,0.00000000,0.10202929,0.00000000,0.00000000,0.01227763,0.15516995,0.04330846,0.00000000,0.05238492,0.00694812,0.04161364,0.00342192,0.05053514,0.00000000,0.00000000,0.05407514,0.02627275,0.00000000,0.00000000,0.00000000,0.04945363,0.00125397,0.00383068,0.00000000,0.02033668,0.01588720,0.03405630,0.00000000,0.09356167,0.10324333,0.00000000,0.00000000,0.01096094,0.00000000,0.00603929,0.00000000,0.11638328,0.00854977,0.02626541,0.00000000,0.01968952,0.00000000,0.00122455,0.03211923,0.00100687,0.00000000,0.00419332,0.00000000,0.00137520,0.22042459,0.09381788,0.00000000,0.10739207,0.00000000,0.03856920,0.00000000,0.05171177,0.00000000,0.00000000,0.00000000,0.03968438,0.00623362,0.00295412,0.02616121,0.09093273,0.17266285,0.00000000,0.00000000,0.00000000,0.04796374,0.00000000,0.14030699,0.08217672,0.07316968,0.00000000,0.00000000,0.00000000,0.00000000,0.03981030,0.08234458,0.00000000,0.00000000,0.00005325,0.28506517,0.05258893,0.02068285,0.00285242,0.01753827,0.00000000,0.01652319,0.00000000,0.01102106,0.00069174,0.04240744,0.00745396,0.00000000,0.00000000,0.00165730,0.01073225,0.00146666,0.00186965,0.00000000,0.00000000,0.00000000,0.00179246,0.06706581,0.17063244,0.00000000,0.00000000,0.04631096,0.00000000,0.01665729,0.00000000,0.02190237,0.00000000,0.01765463,0.01139652,0.00000000,0.00000000,0.00000000,0.01743900,0.00653047,0.02393906,0.00000000,0.00000000,0.00000000,0.02218264,0.01585248,0.03651070,0.00318129,0.00000000,0.16695441,0.00385408,0.00000000,0.00000000,0.31263152,0.43128857,0.00000000,0.00000000,0.02664992,0.06339900,0.00950963,0.01253872,0.00000000,0.06154951,0.00000000,0.00000000,0.04835506,0.00576707,0.18288931,0.00000000,0.00204612,0.06467010,0.00000000,0.00289140,0.07041758,0.00000000,0.20035923,0.00556814,0.00000000,0.02494767,0.00000000,0.00074806,0.00730901,0.00320341,0.00000000,0.00897310,0.00021487,0.00000000,0.00971235,0.18697663,0.00745124,0.01975746,0.05675952,0.00000000,0.19680662,0.09683247,0.00755209,0.00000000,0.00745779,0.00384092,0.02192212,0.00736272,0.09346176,0.06000558,0.00000000,0.02125386,0.00000000,0.00000000,0.00000000,0.11727871,0.00000000,0.00258326,0.21107115,0.00000000,0.02396758,0.00000000,0.00000000,0.00000000,0.00000000,0.00226187,0.00365619,0.00527226,0.01437214,0.00688526,0.00479119,0.00000000,0.14138319,0.00000000,0.00000000,0.00000000,0.00000000,0.00977821,0.00000000,0.01722119,0.00000000,0.03946587,0.00000000,0.00000000,0.05825527,0.00090793,0.00000000,0.01228833,0.01775420,0.05317579,0.08215255,0.00671926,0.00000000,0.01250253,0.01715495,0.13019425,0.08161803,0.00000000,0.12893973,0.00000000,0.00000000,0.00285672,0.02546662,0.02366479,0.00000000,0.00000000,0.00000000,0.10238686,0.00000000,0.00000000,0.00000000,0.00000000,0.00278791,0.00672164,0.00000000,0.02155387,0.00000000,0.00163855,0.00000000,0.00000000,0.00000000,0.00000000,0.00633469,0.00000000,0.01213783,0.00000000,0.30573484,0.02628079,0.00870548,0.00462792,0.00238751,0.00000000,0.24932003,0.00252200,0.00000000,0.00058967,0.44229421,0.00000000,0.00000000,0.01479215,0.00000000,0.00000000,0.00805503,0.00000000,0.01077118,0.02575997,0.00338380,0.01289475,0.00851479,0.00000000,0.01708506,0.00950869,0.00000000,0.11323907,0.00035839,0.05478423,0.00000000,0.07940531,0.13695680,0.11096165,0.09045023,0.00269304,0.03184826,0.03004951,0.00518876,0.02375302,0.00644239,0.00111695,0.00000000,0.01552037,0.04167684,0.00007462,0.00000000,0.03163961,0.00823420,0.00000000,0.00261787,0.00218742,0.00000000,0.00317623,0.03864420,0.00000000,0.02853802,0.15208538,0.10306092,0.25231051,0.00000000,0.05679844,0.00120077,0.00109849,0.00000000,0.00978207,0.00000000,0.01179272,0.10120346,0.01722289,0.00712149,0.00000000,0.00170504,0.12672982,0.00000000,0.06275599,0.00000000,0.13040195,0.00079384,0.00359062,0.00000000,0.01595995,0.00000000,0.00000000,0.00578176,0.00000000,0.00000000,0.01283327,0.00187612,0.00386691,0.14308313,0.03602656,0.00000000,0.00000000,0.00000000,0.00251421,0.00000000,0.00000000,0.00268115,0.00221034,0.00000000,0.00701243,0.13290800,0.00168216,0.00111116,0.03034367,0.08271285,0.00000000,0.01663979,0.12407634,0.00665285,0.00000000,0.00000000,0.02097759,0.00000000,0.00182212,0.09431835,0.00000000,0.03284413,0.00000000,0.03642859,0.00470970,0.02740363,0.00000000,0.04258639,0.00052528,0.00000000,0.01449613,0.00000000,0.09016111,0.00000000,0.00000000,0.10955734,0.00000000,0.00000000,0.84089369,0.07543906,0.09285756,0.00000000,0.07353184,0.15146524,0.00000000,0.00000000,0.00000000,0.00030888,0.00000000,0.06344550,0.06679770,0.00839249,0.02082945,0.00000000,0.06055165,0.00000000,0.00000000,0.00000000,0.00000000,0.02486567,0.00018094,0.00000000,0.03498432,0.00230011,0.00626683,0.00000000,0.00000000,0.19721369,0.05970678,0.01035822,0.00398883,0.07178709,0.05226617,0.00000000,0.00000000,0.02749946,0.00000000,0.02056248,0.00036176,0.00000000,0.01951846,0.00000000,0.00000000,0.00087410,0.00000000,0.00000000,0.00000000,0.12586921,0.40404862,0.01648071,0.09227582,0.08744745,0.00000000,0.00226204,0.00624935,0.00000000,0.09063296,0.02199061,0.06192897,0.00787654,0.00548184,0.29284310,0.00886499,0.00681142,0.00000000,0.00467669,0.02029851,0.00000000,0.02306666,0.03002864,0.00412044,0.00458528,0.01770751,0.18392938,0.00000000,0.26090127,0.00000000,0.02946799,0.00208822,0.02662180,0.00398830,0.01979609,0.03175577,0.00000000,0.00748823,0.00000000,0.00212214,0.00000000,0.00000000,0.00000000,0.00000000,0.00560993,0.00616713,0.00000000,0.02166026,0.00000000,0.00397739,0.01956723,0.00659253,0.00000000,0.02032664,0.02358319,0.01669923,0.00000000,0.00220516,0.32295057,0.08773035,0.00000000,0.00000000,0.00000000,0.01489609,0.03193510,0.00000000,0.00751792,0.00000000,0.00540721,0.00000000,0.00008046,0.00000000,0.71751040,0.01138907,0.01905700,0.02698824,0.05681970,0.68705398,0.38745895,0.00000000,0.04976116,0.13303563,0.00998990,0.17948914,0.00000000,0.02184039,0.09580930,0.00000000,0.01769896,0.05352462,0.00000000,0.01989784,0.00000000,0.02189794,0.01200568,0.00000000,0.00000000,0.00000000,0.01993424,0.00000000,0.11255931,0.00000000,0.00000000,0.00000000,0.00000000,0.00000000,0.08024800,0.00000000,0.00000000,0.00351108,0.00000000,0.00000000,0.00000000,0.00049600,0.00000000,0.00718362,0.00000000,0.12248175,0.00000000,0.00000000,0.01298854,0.00000000,0.00021461,0.14588867,0.00000000,0.00063126,0.00000000,0.57674634,0.00000000,0.00566198,0.00000000,0.03884698,0.00000000,0.05939195,0.00239838,0.00227033,0.00000000,0.00000000,0.05098052,0.00000000,0.44654870,0.00000000,0.00000000,0.26358849,0.01744604,0.03218839,0.00750513,0.03412921,0.00000000,0.00000000,0.00000000,0.00971791,0.02388979,0.00000000,0.00000000,0.00000000,0.01439555,0.03523957,0.00000000,0.04554023,0.00000000,0.00000000,0.14670879,0.02263125,0.00000000,0.01278451,0.00430107,0.00007885,0.00000000,0.00000000,0.01506106,0.06077187,0.00000000,0.04187298,0.13918346,0.02089767,0.02903516,0.00155030,0.00613432,0.00000000,0.04003165,0.00000000,0.01097958,0.08947407,0.00997611,0.00000000,0.00000000,0.12677917,0.17858745,0.02056029,0.00000000,0.07798149,0.00268183,0.26515338,0.23525003,0.00000000,0.05115444,0.02509424,0.01852030,0.05954323,0.07767597,0.40654716,0.00928160,0.00000000,0.00000000,0.17573647,0.00000000,0.00111124,0.00000000,0.00060345,0.02853516,0.00000000,0.00188288,0.00018022,0.00000000,0.00000000,0.00000000,0.00000000,0.00000000,0.00000000,0.00000000,0.00000000,0.01147440,0.02569234,0.03056424,0.01439861,0.00522483,0.00000000,0.11262546,0.00000000,0.00000000,0.01196143,0.00085528,0.00000000,0.00000000,0.00000000,0.18598802,0.06141372,0.00222176,0.02209366,0.00147444,0.00184115,0.00173775,0.02088364,0.07836255,0.00000000,0.15618236,0.00510004,0.00000000,0.20754771,0.00000000,0.00165543,0.00000000,0.00877414,0.00054272,0.08352203,0.06961618,0.00819848,0.00377050,0.00000000,0.00000000,0.00893993,0.00328814,0.00007420,0.00000000,0.03281123,0.00000000,0.13817073,0.00000000,0.00513067,0.00196476,0.00000000,0.03906534,0.00000000,0.06218503,0.00000000,0.01546099,0.10588980,0.00815675,0.13560930,0.00000000,0.00340274,0.00000000,0.17813256,0.00000000,0.01729548,0.03274060,0.00000000,0.00000000,0.01883668,0.05748248,0.00119010,0.00000000,0.00000000,0.00000000,0.00000000,0.01770966,0.00527150,0.00000000,0.00000000,0.00000000,0.00000000,0.00878712,0.01385779,0.01610702,0.02562496,0.00000000,0.00000000,0.00000000,0.00872298,0.00110771,0.00000000,0.00000000,0.00398980,0.12858556,0.14713207,0.00475048,0.00000000,0.00000000,0.04802015,0.01380329,0.00099682,0.00591133,0.02448808,0.00000000,0.06553068,0.07508597,0.00000000,0.04130456,0.00000000,0.02460177,0.07712504,0.08746613,0.00168266,0.15489608,0.00000000,0.00000000,0.00000238,0.00000000,0.00000000,0.00102636,0.04687820,0.00749340,0.00000000,0.00000000,0.00171602,0.00463207,0.12819949,0.00000000,0.00000000,0.00493153,0.00410014,0.02892075,0.03838222,0.00000000,0.00000000,0.01546500,0.01178035,0.00000000,0.00207904,0.10549880,0.00375194,0.00220883,0.00002343,0.00000000,0.00982449,0.02526246,0.01776009,0.05615731,0.00000000,0.13085276,0.02467704,0.00000000,0.00000000,0.44491857,0.00066300,0.00000000,0.00222080,0.00000000,0.03427862,0.00118236,0.00164960,0.06016207,0.04300553,0.00836958,0.00000000,0.00000000,0.07771585,0.05853332,0.00719598,0.00000000,0.00000000,0.07956473,0.02749060,0.01202072,0.00917614,0.00000000,0.03697438,0.00000000,0.00000000,0.05321343,0.00000000,0.00295308,0.01116958,0.07891379,0.00000000,0.08189473,0.15537499,0.00000000,0.00000000,0.00000000,0.15862821,0.00000000,0.18254451,0.00000000,0.00000000,0.03447075,0.00665484,0.04680840,0.00079038,0.00000000,0.00562436,0.02429616,0.00112854,0.02921221,0.00015162,0.27407581,0.00000000,0.00724299,0.04088308,0.02649655,0.01207901,0.18237902,0.11446577,0.00000000,0.02566870,0.00841252,0.00000000,0.00000000,0.00000000,0.08860452,0.00000000,0.00000000,0.00000000,0.00000000,0.00000000,0.00000000,0.01953853,0.03367608,0.03753526,0.13957033,0.05696571,0.02501500,0.00000000,0.00000000,0.12265547,0.14032719,0.00000000,0.00000000,0.03887006,0.00000000,0.00073115,0.00000000,0.00000000,0.00522890,0.00000000,0.00000000,0.03215833,0.00000000,0.00000000,0.00124450,0.00598766,0.00031009,0.03581479,0.00071026,0.01171541,0.00000000,0.00000000,0.09404778,0.00000000,0.00000000,0.00479551,0.00000000,0.00062173,0.02203177,0.01440073,0.01027667,0.00000000,0.00000000,0.00000000,0.42374820,0.04468872,0.00433040,0.02285616,0.00413525,0.01104502,0.16806471,0.08125995,0.00498662,0.00394447,0.36239895,0.01283368,0.00772395,0.04717270,0.00278912,0.00638623,0.04258554,0.18556450,0.01296089,0.00000000,0.00000000,0.00000000,0.00054645,0.00164047,0.23610336,0.11343026,0.00000000,0.03762453,0.01604843,0.00000000,0.14437585,0.03009182,0.00000000,0.00000000,0.00000000,0.00000000,0.00000000,0.05616361,0.00529253,0.00000000,0.03333801,0.00332829,0.00000000,0.00000000,0.00783490,0.01302773,0.02186373,0.00000000,0.00743333,0.00000000,0.00000000,0.00224504,0.03776500,0.00000000,0.00347755,0.17316209,0.01133094,0.01811040,0.00888850,0.01573897,0.00000000,0.09171126,0.00000000,0.04844500,0.00000000,0.00282434,0.00000000,0.00053092,0.00064228,0.06707774,0.00000000,0.01080275,0.04109244,0.00000000,0.00000000,0.01226062,0.00693982,0.10058992,0.00000000,0.00000000,0.00000000,0.00428590,0.00000000,0.00000000,0.15677518,0.00000000,0.01264362,0.00826456,0.00668086,0.00000000,0.00000000,0.00000000,0.00000000,0.00057496,0.03319794,0.00000000,0.00000000,0.17243183,0.00000000,0.00000000,0.00000000,0.00158642,0.03668337,0.04072718,0.13466063,0.00000000,0.00088122,0.00752624,0.00000000,0.01464775,0.00999458,0.00000000,0.00000000,0.00000000,0.00000000,0.10687372,0.01008112,0.00000000,0.00000000,0.02521589,0.23651394,0.00000000,0.01291358,0.04609194,0.00000000,0.00000000,0.00000000,0.00000000,0.00000000,0.00465292,0.00162491,0.00244089,0.00000000,0.00000000,0.00000000,0.02711563,0.00000000,0.00000000,0.13150682,0.30863544,0.00055827,0.00000000,0.00000000,0.01263478,0.00996239,0.00000000,0.00171490,0.00755483,0.00630053,0.04453895,0.00127621,0.00025545,0.00000000,0.01547531,0.09771306,0.11896560,0.00000000,0.00000000,0.00000000,0.00000000,0.19227369,0.00000000,0.04259431,0.00000000,0.02943613,0.00000000,0.00087308,0.01952016,0.01132290,0.00000000,0.00000000,0.05318352,0.00000000,0.03380811,0.05216088,0.01396944,0.00681715,0.06983963,0.00000000,0.00118933,0.00000000,0.20341156,0.00000000,0.04872756,0.00000000,0.00000000,0.00000000,0.00595622,0.04404048,0.00000000,0.00000000,0.00720433,0.18945718,0.00000000,0.00000000,0.00000000,0.00120196,0.00000000,0.00000000,0.00000000,0.00125707,0.03274428,0.00000000,0.00000000,0.00000000,0.00000000,0.00000000,0.06218570,0.10688622,0.01562547,0.00000000,0.00000000,0.00684592,0.00544131,0.02328301,0.40487912,0.06924304,0.28212112,0.00395463,0.01441575,0.00753652,0.00000000,0.00000000,0.00000000,0.03640494,0.00000000,0.00000000,0.00000000,0.08325280,0.02512006,0.08504316,0.00000000,0.01043757,0.02148649,0.02696695,0.00000000,0.00000000,0.01336152,0.00000000,0.02782578,0.00000000,0.00000000,0.00079282,0.00513435,0.00000000,0.00000000,0.00455077,0.00000000,0.00140513,0.00701712,0.02685359,0.00000000,0.00725283,0.00000000,0.07098918,0.00000000,0.00000000,0.00883461,0.00000000,0.07464939,0.00000000,0.00116035,0.03560195,0.00427066,0.03009748,0.00137859,0.00000000,0.03162163,0.00296668,0.00000000,0.10536730,0.00000000,0.00327640,0.01241505,0.00811172,0.00004113,0.36337879,0.03216071,0.02758287,0.00417492,0.04967580,0.00000000,0.10711375,0.00000000,0.00000000,0.00000000,0.34423825,0.03483516,0.00678535,0.00000000,0.08926789,0.00000000,0.00000000,0.00000000,0.00000000,0.04890237,0.00020828,0.18986802,0.00000000,0.03913842,0.00000000,0.00000000,0.26854032,0.15754391,0.00000000,0.00310699,0.00000000,0.03263807,0.00052162,0.29027781,0.01609738,0.08595238,0.00251103,0.00000000,0.00000000,0.00000000,0.00000000,0.00681666,0.00277583,0.00017869,0.00000000,0.06253170,0.00238559,0.05906829,0.00000000,0.00000000,0.12928139,0.00000000,0.00000000,0.00000000,0.01561409,0.00751799,0.00892858,0.03792948,0.00057107,0.04302402,0.00000000,0.00000000,0.00000000,0.00144532,0.00000000,0.22188152,0.00000000,0.00554295,0.02231961,0.03211810,0.15965244,0.00879670,0.04870433,0.00000000,0.00736698,0.02034597,0.00000000,0.00000000,0.00000000,0.00000000,0.01028816,0.00000000,0.00198211,0.00000000,0.03307276,0.00000000,0.00000000,0.00000000,0.00000000,0.39691362,0.04730752,0.00358471,0.06854247,0.00101599,0.06218231,0.01684961,0.19475549,0.00000000,0.00164728,0.13528827,0.01165146,0.01577652,0.08018553,0.03668173,0.00000000,0.00613085,0.06884315,0.00000000,0.00766214,0.00000000,0.01284056,0.00000000,0.00234136,0.00000000,0.00000000,0.00040963,0.00574877,0.00000000,0.01350710,0.00000000,0.00067036,0.00000000,0.02370412,0.01018532,0.00000000,0.00455245,0.00000000,0.01477597,0.00000000,0.00000000,0.07090042,0.04390595,0.01361214,0.00000000,0.00000000,0.06367679,0.01840593,0.00000000,0.23834313,0.02066114,0.00000000,0.10306695,0.00000000,0.00898705,0.08715009,0.00534082,0.00000000,0.00000000,0.08668058,0.00000000,0.08592369,0.00000000,0.01539650,0.00000000,0.05295732,0.00000000,0.06757796,0.00000000,0.06065818,0.00000000,0.00000000,0.00000000,0.00643867,0.00000000,0.01038463,0.00000000,0.03366324,0.00000000,0.00000000,0.00000000,0.00100497,0.05883389,0.00440566,0.00000000,0.00260305,0.00000000,0.00000000,0.00000000,0.00000000,0.03688811,0.00000000,0.05226841,0.12251595,0.33674046,0.00000000,0.00000000,0.00000000,0.03820913,0.01290736,0.00430832,0.03378452,0.02512890,0.00000000,0.02201504,0.00000000,0.01282290,0.00000000,0.02352756,0.00000000,0.00000000,0.00648083,0.05071389,0.00000000,0.00000000,0.00000000,0.05093398,0.00000000,0.00576494,0.00046251,0.12157205,0.03962548,0.02194927,0.00000000,0.00000000,0.00000000,0.02101555,0.00000000,0.00000000,0.06123584,0.00000000,0.05630042,0.07067187,0.03249401,0.04656349,0.00000000,0.04659697,0.02120049,0.00148226,0.07905149,0.00000000,0.04466261,0.04430616,0.00000000,0.00707729,0.03379971,0.01055583,0.00563940,0.00000000,0.00000000,0.00993123,0.05681481,0.02081632,0.02708493,0.00902810,0.00100403,0.00011613,0.03320421,0.00000000,0.14476356,0.02624251,0.00000000,0.00000000,0.00454291,0.01754802,0.00000000,0.01602972,0.01162011,0.00000000,0.12806252,0.00000000,0.00512131,0.01483680,0.02307187,0.09750166,0.01177294,0.00000000,0.24510430,0.00000000,0.20125191,0.23426704,0.00000000,0.00000000,0.00000000,0.00000000,0.00882577,0.02523325,0.00000000,0.07392324,0.03841659,0.03505360,0.00000000,0.00011511,0.02561719,0.01037182,0.00196312,0.00000000,0.00021625,0.05946403,0.02305739,0.02994943,0.00000000,0.00000000,0.00000000,0.02607711,0.00442448,0.30622455,0.03147040,0.04217152,0.01103380,0.00003329,0.42627645,0.02296294,0.00000000,0.00000000,0.00105770,0.00000000,0.01516426,0.00067242,0.00399719,0.00000000,0.00000000,0.06618427,0.02554566,0.00000000,0.03266374,0.00690161,0.00000000,0.01927238,0.00000000,0.03710503,0.00000000,0.01031979,0.01208565,0.05684341,0.00000000,0.09416662,0.00000000,0.00000000,0.05162958,0.01396890,0.00000000,0.02041019,0.00000000,0.00276589,0.00000000,0.01845979
6097,data/pair/6097/RHEED/3 min AlSb.MOV,manifest_specified_rheed_path,14.900000,447,8,0.00000000,0.00000000,0.16923903,0.00000000,0.00670143,0.00000000,0.00025743,0.00000000,0.03508205,0.00000000,0.07493204,0.00207197,0.00000000,0.00000000,0.00389178,0.00000000,0.00261010,0.00000000,0.00000000,0.01017866,0.00000000,0.00112741,0.00872305,0.02776982,0.00182030,0.03411866,0.00000000,0.69330865,0.00101287,0.09544702,0.00000000,0.04749849,1.12104619,0.00111816,0.00000000,0.00000000,0.00000000,0.00000000,0.00805956,0.00000000,0.00000000,0.00061688,0.00000000,0.04109020,0.03299517,0.00000000,0.87938094,0.00076754,0.00000000,0.00000000,0.00030731,0.00000000,0.04849640,0.00000000,0.00000000,0.03195767,0.00000000,0.03178571,0.00000000,0.11934511,0.18985996,0.00000000,0.00004777,0.00867561,0.00441789,0.00000000,0.02263469,0.00000000,0.00000000,0.00000000,0.01445254,0.02034432,0.00914760,0.00038186,0.00916328,0.12386575,0.00072601,0.00000000,0.01692352,0.00000000,0.11078548,0.00000000,0.00855547,0.00000000,0.00000000,0.20749296,0.00000000,0.04219114,0.00144355,0.00000000,0.00000000,0.19363734,0.00262823,0.00000000,0.07233636,0.00000000,0.00000000,0.00000000,0.02709219,0.00000000,0.00407919,0.06701179,0.69493383,0.00000000,0.00000000,0.00198378,0.00000000,0.00354406,0.00000000,0.00000000,0.00000000,0.07351716,0.00723729,0.03275027,0.00000000,0.00000000,0.02558540,0.02083601,0.03239259,0.02001636,0.00013823,0.01923501,3.53923106,0.00173994,0.08076897,0.00000000,0.00000000,0.00033693,0.00562120,0.00072083,0.00000000,0.21250151,0.00028698,0.00436560,0.00000000,0.08056375,0.00000000,0.26789832,0.01826037,0.00000000,0.00000000,0.28415310,0.00000000,0.00000000,0.00508934,0.00645761,0.00000000,0.00011137,0.01804329,0.00000000,0.00000000,0.08727523,0.00290592,0.00100735,0.00000000,0.03489443,0.00118297,0.00006268,0.00000000,0.13942097,0.00748885,0.00000000,0.03902650,2.54494047,0.02742958,0.00454349,0.07901135,0.00000000,0.05845910,0.00000000,0.08607282,0.00000000,0.03936155,0.00000000,0.00000000,0.00217676,0.00000000,0.00068989,0.01752602,0.00000000,0.00000000,0.00385615,0.00000000,0.29792333,0.50860417,0.00000000,0.00000000,0.00131094,0.00000000,0.00000000,0.00000000,0.03397717,0.00044646,0.00185171,0.00020330,0.00003697,0.00000000,0.00000000,0.00000000,0.01112150,0.76238191,0.00567362,0.06541091,0.00038571,0.08719202,0.19016410,0.00000000,0.00176466,0.00000000,0.00000000,0.05601533,1.74826694,0.00549230,0.00000000,0.01865396,0.00000000,0.00000000,0.00050734,0.00000000,0.00176520,0.00000000,0.06172355,0.04718982,0.00000000,0.00002906,0.00579503,0.00086277,0.00000000,0.00000000,0.00100631,0.09336693,0.00076153,0.04496143,0.00000000,0.00000000,0.00000000,0.02389178,0.00143683,0.00000000,0.03343924,0.02619920,0.00000000,0.46816033,0.00000000,0.00000000,0.00720677,0.01117171,0.00090372,0.00000000,0.00000000,0.00000000,0.02921998,0.00045431,0.00021010,0.00375457,0.00188824,0.00000000,0.00000000,0.00000000,0.03122826,0.00000000,0.00000000,0.00000000,0.02416153,0.02326464,0.09192018,0.01267618,0.18165000,0.00000000,0.00000000,0.01671328,0.00000000,0.00000000,0.10433361,0.00157800,0.19321670,0.00000000,0.00000000,0.00140711,0.00000000,0.00167908,0.00439447,0.00000000,0.00000000,0.00000000,0.00000000,0.01599977,1.16946256,0.00000000,0.00336515,0.00387981,0.00000000,0.00041951,0.01143422,0.00202273,0.00000000,0.00000000,0.02515999,0.00000000,0.00000000,0.00000000,0.00000000,0.07937342,0.01457946,0.00096638,0.00000000,0.00005986,0.00000000,0.04779581,0.01044568,0.00000000,0.00000000,0.03425576,0.17028977,0.08246387,0.01763644,0.00000000,0.00993206,0.00650950,0.00026677,0.13071533,0.00609918,0.01134451,0.83077705,0.07848317,1.74941480,0.00000000,0.05874801,0.00411694,0.00568185,0.00037872,0.00000000,0.02432866,0.00000000,0.00000000,0.00000000,0.09862671,0.00000000,0.01951804,0.00000000,0.04673128,0.07079236,0.00028132,0.00845220,0.00758876,0.00000000,0.00168178,0.21277726,0.06756566,0.00000000,0.00000000,0.00289141,0.00000000,0.00000000,0.00550607,0.00605693,0.00026977,0.07503651,0.00292432,0.00000000,0.00000000,0.00000000,0.00000000,0.48817855,0.00000000,0.01351021,0.01326714,0.00000000,0.00000000,0.00000000,0.06366915,0.00000000,0.00926517,0.00000000,0.03301928,0.01381169,0.00996469,0.14938486,0.04620792,0.00022017,0.00407284,0.00206371,0.00000000,0.02029950,0.00257789,0.00232021,0.00000000,0.02695961,0.00000000,0.00102720,0.00142542,0.00834106,0.00000000,0.45388752,0.00000000,0.00380095,0.00000000,0.08598015,0.00000000,0.09272087,0.00000000,0.00295997,0.01161403,0.00000000,0.00000000,0.00019298,0.01552156,0.00000000,0.00000000,0.20699714,0.01902919,0.00619705,0.15399323,0.02392833,0.02830073,0.06104364,0.00410055,0.00000000,0.02681715,0.00314705,0.00000000,0.00000000,0.00002885,0.00224014,0.16759208,0.00000000,0.00000000,0.00000000,0.00664495,0.10215099,0.00000000,0.00055261,0.05636310,0.02274148,0.34656012,0.20529759,0.00006812,0.00000000,0.00000000,0.00145908,0.00885689,0.01125812,0.00545464,0.01786500,0.00000000,0.00141212,0.00205360,0.00312796,0.00000000,0.00071437,0.00002597,0.00000000,0.03119302,0.07882908,0.00680576,0.00019373,0.00742231,0.00567707,0.00848068,0.00000000,0.06214460,0.00550682,0.00000000,0.00178938,0.00000000,0.11574244,0.00000000,0.53154016,0.02256514,0.00000000,0.00022135,0.00000000,0.00046977,0.00000000,0.00949064,0.00000000,0.00000000,0.00450858,0.00059712,0.04881269,0.00000000,0.02038168,0.02316608,0.00000000,0.00000000,0.00019391,0.00000000,0.00549608,0.00000000,0.00020866,0.14877371,0.01610154,0.00000000,0.00531205,0.00000000,0.04675552,0.00000000,0.01816336,0.09461077,0.00000000,0.00000000,0.00000000,0.85884696,0.00000000,0.00000000,0.00000000,1.07059467,0.00000000,0.00004125,0.00000000,0.00066891,0.13854551,0.00010207,0.06231629,0.07129835,0.02879332,0.00556192,0.02607343,0.00000000,0.00126106,0.00000000,0.03904222,0.00000000,0.02733993,0.00247858,0.00000000,0.03266400,0.00920748,0.00000000,0.01036190,0.00036935,0.00105650,0.00000000,0.00496929,0.00000000,0.00508088,0.00000000,0.02300126,0.20139101,0.12649536,0.00093638,0.01118268,0.00257797,0.00000000,0.07788286,0.00007568,0.00000000,0.00000000,0.00000000,0.00000000,0.00286687,0.00145897,0.00000000,0.53320736,0.00000000,0.01919407,0.00000000,0.84175187,0.00000000,0.00000000,0.00000000,0.02149228,0.00052555,0.00000000,0.03443386,0.08193153,0.07269763,0.00000000,0.00076604,0.00000000,0.00320227,0.00000000,0.12018264,0.02578413,0.05465724,0.00000000,0.00000000,0.00017413,0.00000000,0.02433972,0.49948746,0.00000000,0.00435465,0.00000000,0.11938187,0.01676007,0.00885259,0.00013428,0.00347973,0.00166338,0.06416019,0.00064941,0.03927567,0.00000000,0.00900288,0.00000000,0.00000000,0.00000000,0.00000000,0.00066322,0.00000000,0.04964801,0.00000000,0.00000000,0.00000000,0.00157114,0.06255545,0.57807404,0.00000000,0.00000000,0.03816073,0.00022203,0.00661982,0.02736637,0.02732860,0.00000000,0.00907862,0.17530431,0.00000000,0.00000000,0.00000000,0.00000000,0.00414307,0.01595820,0.00000000,0.00000000,0.00000000,0.00000000,0.00377889,0.01891326,0.00000000,0.00000000,0.52911472,0.01867744,0.00000000,0.00000000,0.77166849,2.86220026,0.00000000,0.00000000,0.00018372,0.20550798,0.00860754,0.00000000,0.02016812,0.00012287,0.00000000,0.00000000,0.12437862,0.01449821,0.01643226,0.00000000,0.00477600,0.03966348,0.00000000,0.00144097,0.10529081,0.00000000,1.56484127,0.00000000,0.00000000,0.00000000,0.00000000,0.00172739,0.04620876,0.01191945,0.00801488,0.00366000,0.00000000,0.00378267,0.00576596,1.02454829,0.08478910,0.01214929,0.01975615,0.00000000,0.01702578,0.44700572,0.00106485,0.02752577,0.00176142,0.00000000,0.01945313,0.05851640,0.02485982,0.10620435,0.00020540,0.00487085,0.00194678,0.00000000,0.00000000,0.26651296,0.00075808,0.00120986,0.25011724,0.00000000,0.03644683,0.00000000,0.04760981,0.00000000,0.00000000,0.00587497,0.00000000,0.00000000,0.01104842,0.01803040,0.00776740,0.00300677,0.37792993,0.00000000,0.00000000,0.00000000,0.00794289,0.00551515,0.00000000,0.01838489,0.00000000,0.03883450,0.00000000,0.00000000,0.00000000,0.00005837,0.00091681,0.00794393,0.00596718,0.03825315,0.08507726,0.00000000,0.00000000,0.00000000,0.00083150,0.06579516,0.40380499,0.00025139,0.02569532,0.00000000,0.00000000,0.00000000,0.00044938,0.00063218,0.00000000,0.00000000,0.00000000,0.15695040,0.01450105,0.00118837,0.04302065,0.00131730,0.00000000,0.03642506,0.00000000,0.09806886,0.00000000,0.02206345,0.00052600,0.00000000,0.00000000,0.00628025,0.00000000,0.00000000,0.00000000,0.00000000,1.40819395,0.00162499,0.00000000,0.00010965,0.01106038,0.00000000,0.45503497,0.00473448,0.00086068,0.00000000,0.94244266,0.00000000,0.00000000,0.00000000,0.00000000,0.00000000,0.00104940,0.00070021,0.00000000,0.00256956,0.00217690,0.00000000,0.01369385,0.00000000,0.01187654,0.00143051,0.00000000,0.24613577,0.00000000,0.10452176,0.00242901,0.22107418,0.05487137,0.18918830,0.54605848,0.01841132,0.05905166,0.00379291,0.00000000,0.00000000,0.00680744,0.00000000,0.00000000,0.00117654,0.07195909,0.00000000,0.00000000,0.02664099,0.00113209,0.01211886,0.01215859,0.00000000,0.00000000,0.00018978,0.03901445,0.00000000,0.00377512,2.20295739,0.00767995,1.52974916,0.00000000,0.08661500,0.00000000,0.00000000,0.00000000,0.03494947,0.00165783,0.05396083,0.15360001,0.01141544,0.07042016,0.00000000,0.00081468,0.18754046,0.00000000,0.12818962,0.00827159,0.36584058,0.00091673,0.00437931,0.00247705,0.00898562,0.00000000,0.00104265,0.00067240,0.00000000,0.00000000,0.01113639,0.00000000,0.00642665,0.20620397,0.00310332,0.00157934,0.00000000,0.00000000,0.00000000,0.01121627,0.00000000,0.00321666,0.00216742,0.00000000,0.00041551,0.37403187,0.00066971,0.00000000,0.00525905,0.06281124,0.00000000,0.13532260,0.15228252,0.00000000,0.00000000,0.00000000,0.02705795,0.00000000,0.00035955,0.02402367,0.00000000,0.00361524,0.00000000,0.00000000,0.04552025,0.00763194,0.00000000,0.32170376,0.02395749,0.00000000,0.00000000,0.00000000,0.00133954,0.00000000,0.00000000,0.35527644,0.00000000,0.00000000,3.17177081,0.15937662,0.00000000,0.00000000,0.05357978,0.04708118,0.00000000,0.00000000,0.00000000,0.00498678,0.00000000,0.08296973,0.24939574,0.00416791,0.04482914,0.00000000,0.00000000,0.00000000,0.00000000,0.00000000,0.00000000,0.00844766,0.00114483,0.00000000,0.00533605,0.00000000,0.00707856,0.00000000,0.00000000,0.53002173,0.35102400,0.00513489,0.00000000,0.00020798,0.00011620,0.00127267,0.00708539,0.01478133,0.00000000,0.03000470,0.00000000,0.00000000,0.39335614,0.00017201,0.00000000,0.03608834,0.00000000,0.00000000,0.00158687,0.07593422,1.22872984,0.28972691,0.03929539,0.00406047,0.00044792,0.00000000,0.01560198,0.00000000,0.02351083,0.04106854,0.01440468,0.05190239,0.00000000,3.83894706,0.00000000,0.00000000,0.00518810,0.00119516,0.02928168,0.00000000,0.08831497,0.00162274,0.00402855,0.00000000,0.02106152,0.00071892,0.00000000,0.58333355,0.00000000,0.00000000,0.00000000,0.48218375,0.00288075,0.01953265,0.00033276,0.00000000,0.01695560,0.00000000,0.00000000,0.00000000,0.00000000,0.00000000,0.00000000,0.00078925,0.00105895,0.00000000,0.00302796,0.00000000,0.00367894,0.00000000,0.00000000,0.00263193,0.07847233,0.10908844,0.04125172,0.00000000,0.00075573,0.02308143,0.32931525,0.07980712,0.00534942,0.00000000,0.00138468,0.02986219,0.00000000,0.00000000,0.00000000,0.00613044,0.00000000,0.00000000,0.00000000,0.46425280,0.00988029,0.03314295,0.00000000,0.00532091,0.11518620,0.86427242,0.00316341,0.03114154,1.25697470,0.00054290,0.05134966,0.00000000,0.00925585,0.04858779,0.00000000,0.00016919,0.16729353,0.00000000,0.01765701,0.00148270,0.01508558,0.00417824,0.00216001,0.00000000,0.00049967,0.00000000,0.00000000,0.18465151,0.00344727,0.00000000,0.00000000,0.00122004,0.00000000,0.00456897,0.00000000,0.00000000,0.00000000,0.00000000,0.00025623,0.00000000,0.00238036,0.00000000,0.00160566,0.00000000,0.02368186,0.00000000,0.00000000,0.00056746,0.00019837,0.00000000,0.01522090,0.00069025,0.00038729,0.00000000,3.62302542,0.00000000,0.00000000,0.00000000,0.01834750,0.00000000,0.51635861,0.00519388,0.01570392,0.00014373,0.00070315,0.00278361,0.00000000,0.60881239,0.00000000,0.00258837,1.05859458,0.12868127,0.00753196,0.00000000,0.05871011,0.00046928,0.00000000,0.00000000,0.00000000,0.12785363,0.00000000,0.00008964,0.00000000,0.23977068,0.02706240,0.00007328,0.03770547,0.00000000,0.00000000,0.03356182,0.00131242,0.00000000,0.00197191,0.00168599,0.00000000,0.00000000,0.00000000,0.00000000,0.07180982,0.02425905,0.01922549,0.03611667,0.00000000,0.03476094,0.00000000,0.00000000,0.00000000,0.00000000,0.00000000,0.01753169,0.29359236,0.00000000,0.00000000,0.00723762,0.05562729,0.01934358,0.00054341,0.00000000,0.01080144,0.00000000,0.55694449,0.30304715,0.00000000,0.15408255,0.01277753,0.02582176,0.00835898,0.26000875,2.52650452,0.04019866,0.00000000,0.00000000,0.48485500,0.00205705,0.00460841,0.00000000,0.00000000,0.00285836,0.00000000,0.01125649,0.00000000,0.00000000,0.00000000,0.00000000,0.00000000,0.00000000,0.00000000,0.00000000,0.00000000,0.00000000,0.00059318,0.00069811,0.00319933,0.01575365,0.00000000,0.59620714,0.00000000,0.00000000,0.04881013,0.00000000,0.00000000,0.00000000,0.00000000,0.00000000,0.01313566,0.00000000,0.05257104,0.00000000,0.00764701,0.00000000,0.00668471,0.55466354,0.00700818,0.00733016,0.00297107,0.01374894,0.85315043,0.00110383,0.00021906,0.00000000,0.00000000,0.00190774,0.00190471,0.20643778,0.00235450,0.00079387,0.00000000,0.00000000,0.02271080,0.00165597,0.00006675,0.00000000,0.00313281,0.00000000,0.10369492,0.00069879,0.00075431,0.01564306,0.00000000,0.05211223,0.00000000,0.02829616,0.00000000,0.00938631,0.10151462,0.00169770,0.76895684,0.00121215,0.01909300,0.00000000,2.44719672,0.00000000,0.05249210,0.00000000,0.00100501,0.00000000,0.04619907,0.00825129,0.02087364,0.00000000,0.00062812,0.00000000,0.00000000,0.01698241,0.00873050,0.00000000,0.00000000,0.00000000,0.00130306,0.00000000,0.01808950,0.01160937,0.00376427,0.00000000,0.00000000,0.01073163,0.02747174,0.00000000,0.00460112,0.00000000,0.00487117,0.00411759,0.10364562,0.00000000,0.00413575,0.00000000,0.01335465,0.02426754,0.01043786,0.06365456,0.14374475,0.00127180,0.08742152,0.00000000,0.00000000,0.07244560,0.00000000,0.12175298,0.07037375,0.00118438,0.00193552,0.39454594,0.03588533,0.00299686,0.00000000,0.02495768,0.00000000,0.02273881,0.00002815,0.02393685,0.00000000,0.00405706,0.01395193,0.00041874,0.54241037,0.00000000,0.00021808,0.00880453,0.00000000,0.00892031,0.00912851,0.00000000,0.00000000,0.00000000,0.00000000,0.00000000,0.00000000,0.51061547,0.00160889,0.01620438,0.03301813,0.00000000,0.00022016,0.00000000,0.00039599,0.05854269,0.00000000,0.35453355,0.02560875,0.00000000,0.00000000,0.11463609,0.00934754,0.00219216,0.00000000,0.00000000,0.00058163,0.06835662,0.00000000,0.02082959,0.01167597,0.00125208,0.00961460,0.00000000,0.05565234,0.04643299,0.00000000,0.00678967,0.00000000,0.04831146,0.12302758,0.02361843,0.00486131,0.00000000,0.00615086,0.00000000,0.00175950,0.19338566,0.00056086,0.00000000,0.00000000,0.17987449,0.00000000,0.07025002,0.17935205,0.00000000,0.00000000,0.00000000,0.28004867,0.00000000,0.20196258,0.00000000,0.00000000,0.00000000,0.08149581,0.05049556,0.00108919,0.00000000,0.00000000,0.00648645,0.00000000,0.25565195,0.00000000,0.05157002,0.00015261,0.02077604,0.00400796,0.07720716,0.00387640,1.01633382,0.08014142,0.00000000,0.00000000,0.00116600,0.00369799,0.00000000,0.00049883,0.16750687,0.00000000,0.00000000,0.00000000,0.00021079,0.00000000,0.00000000,0.02164202,0.08061388,0.07924223,0.54878795,0.05357983,0.01579414,0.00000000,0.00000000,0.15184149,0.01225644,0.00000000,0.00000000,0.69121766,0.00003065,0.01713292,0.00000000,0.00000000,0.00000000,0.00000000,0.00000000,0.00000000,0.27738792,0.00585499,0.00452634,0.00536503,0.00000000,0.09353634,0.00000000,0.00683459,0.00000000,0.00000000,0.03599365,0.00233045,0.01540340,0.00000000,0.00000000,0.00000000,0.00742240,0.04929976,0.00000000,0.00379722,0.00000000,0.00006532,1.76418710,0.00574944,0.00000000,0.00000000,0.00182948,0.00000000,0.30488741,0.21736525,0.00682141,0.00007354,0.37789050,0.00000000,0.01137275,0.00665167,0.00000000,0.02163992,0.01520538,0.04403638,0.00709714,0.00681929,0.04911135,0.00485206,0.00000000,0.00022963,0.08310831,0.01517792,0.00000000,0.00227649,0.00852993,0.00000000,0.35762119,0.00788584,0.00000000,0.00689150,0.00000000,0.00000000,0.00000000,0.00811501,0.00925260,0.00000000,0.06705685,0.00119421,0.00000000,0.00000000,0.00000000,0.00000000,0.02071572,0.00492767,0.03591762,0.00000000,0.00000000,0.00000000,0.01445482,0.00000000,0.04166018,0.01552400,0.00141748,0.00922259,0.00122031,0.00781373,0.00000000,0.34660590,0.00000000,0.10173453,0.00389162,0.00278224,0.00000000,0.00000000,0.00000000,0.02322594,0.00238756,0.02264209,0.00155996,0.00076345,0.00000000,0.02893246,0.00061048,0.05623638,0.00028831,0.00000000,0.00000000,0.00668829,0.03961864,0.00000000,0.08293673,0.01728259,0.03287579,0.00075224,0.00000000,0.00000000,0.00000000,0.00192891,0.00000000,0.01131215,0.03552967,0.00000000,0.00128996,0.80513787,0.00689656,0.00000000,0.01963229,0.03658651,0.12623061,0.15142606,0.11756504,0.00000000,0.01286857,0.00000000,0.00000000,0.00027981,0.00000000,0.01521693,0.00000000,0.00696747,0.00000000,0.06868271,0.01426066,0.00000000,0.00000000,0.00001637,0.45049393,0.00000000,0.00000000,0.00634067,0.00000000,0.01071663,0.00000000,0.00000000,0.00000000,0.00000000,0.00000000,0.00000000,0.00000000,0.00000000,0.00000000,0.19973379,0.00868475,0.00000000,0.99644870,3.37919712,0.00077890,0.00000000,0.00000000,0.00104362,0.01767124,0.00000000,0.00178495,0.00000000,0.00411306,0.01580486,0.00074467,0.00001263,0.00000000,0.00790208,0.16259353,0.15959640,0.00000000,0.02471635,0.00000000,0.01922781,0.15486455,0.00068061,0.00130406,0.00000000,0.05202051,0.00000000,0.00000000,0.00052874,0.05083126,0.00000000,0.00000000,0.16273293,0.00000000,0.00446438,0.00278000,0.00364208,0.00002381,1.05108941,0.00221327,0.00618800,0.00000000,0.11837842,0.00000000,0.04115321,0.00000000,0.00000000,0.00668239,0.01989207,0.00403677,0.00000000,0.00128124,0.00593258,0.33100259,0.00000000,0.00000000,0.00000000,0.00000000,0.00000000,0.00000000,0.00000000,0.00000000,0.00482363,0.00000000,0.00000000,0.00000000,0.00000000,0.02119597,0.00097256,0.00000000,0.00217329,0.00000000,0.00635294,0.00000000,0.00024629,0.10994856,1.23204422,0.09688213,0.14275420,0.00332818,0.00044881,0.05148726,0.00006121,0.00000000,0.00000000,0.00537088,0.00004878,0.00000000,0.00146779,0.01443128,0.01148324,0.14871667,0.00000000,0.00000000,0.00175030,0.00908049,0.02535012,0.00000000,0.04210796,0.00000000,0.00208141,0.00000000,0.00399163,0.00000000,0.00027815,0.00000000,0.00000000,0.16775565,0.00004067,0.00000000,0.00522268,0.06329455,0.00000000,0.24330387,0.00000000,0.20154515,0.00000000,0.00000000,0.05564798,0.00063752,0.13676977,0.00000000,0.00207160,0.00665526,0.00526094,0.04125268,0.01439384,0.00233465,0.05323221,0.00112254,0.00192888,3.08212495,0.00024162,0.00000000,0.00837129,0.00000000,0.00572439,0.56986189,0.02660499,0.00186397,0.00000000,0.06295236,0.00000000,0.01912152,0.00000000,0.12593076,0.00000000,0.14727139,0.01879953,0.00000000,0.00000000,0.34078148,0.00000000,0.00000000,0.00000000,0.00000000,0.00076947,0.00000000,0.76736796,0.00060354,0.00752820,0.00191703,0.00000000,0.17998835,0.57953119,0.00000000,0.00327063,0.00000000,0.08000508,0.00385506,0.68335229,0.00000000,0.35371917,0.00292288,0.04059561,0.00071632,0.00000000,0.00000000,0.00000000,0.00019819,0.00312602,0.00000000,0.07645709,0.01904611,0.05932249,0.00000000,0.00000000,0.00072780,0.07959587,0.00000000,0.00000000,0.32211617,0.00342259,0.00426860,0.01959375,0.03349649,0.19184601,0.04193348,0.00000000,0.00423855,0.00000000,0.00279720,0.00230363,0.00000000,0.00392829,0.00000000,0.02845900,0.20118314,0.00069375,0.10143911,0.00000000,0.00000000,0.00690292,0.00000000,0.00000000,0.00000000,0.00180644,0.00002918,0.00282294,0.00684133,0.00000000,0.01808982,0.00000000,0.00000000,0.00000000,0.00000000,2.21759248,0.00000000,0.00072959,0.00000000,0.00000000,0.02031442,0.01438726,0.32633686,0.00000000,0.04860882,0.28633469,0.01165758,0.00082292,0.03549990,0.10084553,0.00000874,0.00289009,0.01359372,0.00061651,0.00046503,0.00055620,0.00016398,0.01856209,0.00000000,0.00000000,0.00000000,0.00012657,0.04561549,0.02838612,0.00468827,0.00000000,0.00000000,0.00000000,0.05510794,0.01577421,0.00000000,0.00000000,0.00000000,0.00627904,0.00000000,0.00000000,0.17387013,0.02261112,0.02257088,0.00000000,0.00000000,0.25832376,0.00188661,0.00000000,1.58884108,0.00000000,0.00000000,0.03175925,0.00000000,0.03231917,0.46624613,0.01727992,0.00000000,0.00000000,0.01298425,0.00561380,0.07147371,0.00000000,0.00205031,0.00000000,0.13510452,0.00000000,0.02047009,0.00000000,0.04602854,0.00000000,0.00000000,0.00000000,0.02191393,0.02176348,0.00124540,0.00073204,0.01792511,0.00035854,0.02646839,0.00000000,0.04636771,0.00096227,0.00000000,0.00000000,0.00193310,0.00035000,0.00066771,0.00000000,0.00000000,0.01765820,0.00000000,0.00609624,0.01076816,2.50019526,0.00000000,0.00000000,0.00000000,0.06919995,0.04556343,0.00000000,0.00000000,0.00418170,0.00000000,0.00180662,0.00337922,0.00042425,0.00000000,0.01144105,0.00000000,0.00036674,0.00000000,0.01946612,0.00000000,0.00000000,0.00000000,0.16209480,0.00000000,0.00782712,0.00000000,0.31618395,0.02758272,0.03695408,0.00005397,0.00000000,0.03564981,0.09791713,0.00000000,0.00000000,0.06846071,0.00000000,0.04418572,0.01180878,0.00000000,0.02280757,0.00000000,0.05740477,0.00000000,0.01590410,0.01761882,0.00000000,0.00000000,0.00756315,0.00000000,0.03477710,0.01007928,0.00000000,0.01941101,0.00000000,0.00000000,0.00790320,0.00017769,0.04966344,0.00000000,0.01066151,0.01654314,0.00153204,0.08983906,0.00000000,0.56733215,0.00062938,0.00078019,0.00000000,0.02329599,0.01719135,0.01339065,0.00000000,0.06755462,0.00369099,0.47900924,0.00000000,0.01011304,0.00429070,0.00000000,0.26435030,0.04610591,0.00000000,1.76072884,0.00000000,0.11607566,0.86736012,0.00000000,0.00000000,0.01354117,0.00000000,0.00000000,0.01071442,0.00000000,0.05223255,0.03389114,0.08060437,0.00000000,0.00000000,0.00338024,0.00231628,0.00000000,0.00185993,0.00002587,0.00000000,0.03463282,0.05130782,0.00000000,0.00000000,0.00000000,0.02220929,0.00074738,2.68368077,0.00257182,0.02416247,0.00064424,0.00392009,0.61841667,0.00386612,0.00000000,0.00000897,0.00000000,0.00268152,0.00069404,0.00348458,0.00326381,0.00000000,0.00000000,0.00933823,0.00626269,0.00000000,0.00916090,0.00120478,0.00000000,0.00072196,0.00000000,0.15064833,0.00000000,0.00490506,0.00146315,0.00000000,0.00000000,0.12369266,0.00000000,0.00000000,0.12434051,0.00494227,0.00000000,0.03819041,0.00000000,0.00000000,0.00000000,0.01045020,0.00000000,0.00000000,0.10130680,0.00000000,0.00825610,0.00000000,0.00068111,0.00000000,0.03209980,0.00000000,0.15011394,0.00361385,0.00000000,0.00000000,0.00515792,0.00000000,0.00477112,0.00000000,0.00000000,0.01101254,0.00000000,0.00298285,0.02307903,0.02395162,0.00481607,0.06119810,0.00000000,0.21980150,0.00189686,0.23041815,0.00000000,0.04608956,0.25001571,0.00249045,0.00000000,0.00000000,0.00000000,0.00000000,0.02132358,0.00000000,0.00000000,0.00115386,0.00000000,0.06774598,0.02192269,0.00000000,0.15929866,0.00203073,0.00000000,0.00000000,0.00081307,0.00000000,0.05346682,0.00000000,0.00000000,0.03378126,0.00000000,0.02720691,0.00000000,0.05057392,0.08945108,0.00000000,0.00012638,0.01502042,0.00545552,0.00000000,0.01797130,0.00000000,0.00000000,0.00000000,0.02433198,0.03113582,0.01790554,0.00101030,0.00930281,0.06460907,0.00161918,0.00000000,0.02330030,0.00000000,0.08378383,0.00000000,0.01473016,0.00000000,0.00000000,0.05265134,0.00000000,0.03682838,0.00381927,0.00000000,0.00000000,0.06660154,0.00485353,0.00000000,0.07147611,0.00000000,0.00000000,0.00000000,0.03913029,0.00000000,0.00516001,0.03528222,0.07806333,0.00000000,0.00000000,0.00378442,0.00000000,0.00603338,0.00000000,0.00000000,0.00000000,0.04246977,0.01129634,0.06066746,0.00000000,0.00000000,0.02098392,0.04140030,0.02529473,0.00653468,0.00036573,0.02119375,0.33977041,0.00309709,0.06944211,0.00000000,0.00000000,0.00089143,0.00812426,0.00190713,0.00000000,0.08574551,0.00075927,0.00577594,0.00000000,0.20831770,0.00000000,0.13334638,0.01792956,0.00000000,0.00000000,0.22690704,0.00000000,0.00000000,0.00795232,0.00933786,0.00000000,0.00029466,0.01364024,0.00000000,0.00000000,0.03164195,0.00473709,0.00266520,0.00000000,0.05598938,0.00242162,0.00016583,0.00000000,0.05622565,0.01004035,0.00000000,0.02558732,0.29338121,0.05450982,0.00930984,0.06333486,0.00000000,0.04719234,0.00000000,0.04727731,0.00000000,0.02434497,0.00000000,0.00000000,0.00575917,0.00000000,0.00182527,0.02031000,0.00000000,0.00000000,0.00706859,0.00000000,0.08040582,0.14767133,0.00000000,0.00000000,0.00346841,0.00000000,0.00000000,0.00000000,0.07265393,0.00118121,0.00489916,0.00053787,0.00009783,0.00000000,0.00000000,0.00000000,0.01593935,0.41199067,0.00980634,0.03111351,0.00102049,0.03102944,0.23017290,0.00000000,0.00408311,0.00000000,0.00000000,0.06296521,0.30168578,0.00952547,0.00000000,0.03515030,0.00000000,0.00000000,0.00134229,0.00000000,0.00352307,0.00000000,0.07497357,0.03610119,0.00000000,0.00007688,0.00729069,0.00228268,0.00000000,0.00000000,0.00266245,0.04845648,0.00201481,0.03638039,0.00000000,0.00000000,0.00000000,0.04063007,0.00380150,0.00000000,0.02365375,0.02471320,0.00000000,0.07893859,0.00000000,0.00000000,0.01208994,0.00950586,0.00157241,0.00000000,0.00000000,0.00000000,0.01297768,0.00120198,0.00055586,0.00866324,0.00372262,0.00000000,0.00000000,0.00000000,0.02813628,0.00000000,0.00000000,0.00000000,0.02767348,0.01644286,0.06327153,0.00930698,0.08102946,0.00000000,0.00000000,0.01028563,0.00000000,0.00000000,0.06557030,0.00321999,0.15559113,0.00000000,0.00000000,0.00372286,0.00000000,0.00364156,0.01052357,0.00000000,0.00000000,0.00000000,0.00000000,0.02699931,0.28440973,0.00000000,0.00481018,0.01026502,0.00000000,0.00110991,0.02345165,0.00535164,0.00000000,0.00000000,0.02853394,0.00000000,0.00000000,0.00000000,0.00000000,0.05909757,0.03760548,0.00255679,0.00000000,0.00015837,0.00000000,0.05365078,0.02192988,0.00000000,0.00000000,0.02047267,0.10765601,0.05948724,0.01070680,0.00000000,0.02627777,0.01178101,0.00047548,0.08883330,0.01405905,0.01277873,0.27296200,0.07354214,0.23446687,0.00000000,0.05713864,0.01047518,0.00789600,0.00100201,0.00000000,0.01923481,0.00000000,0.00000000,0.00000000,0.04687293,0.00000000,0.02062504,0.00000000,0.09508318,0.10061026,0.00074429,0.00819804,0.02007798,0.00000000,0.00444958,0.05182179,0.05672942,0.00000000,0.00000000,0.00405226,0.00000000,0.00000000,0.00676301,0.00806633,0.00071373,0.05417209,0.00477698,0.00000000,0.00000000,0.00000000,0.00000000,0.20748505,0.00000000,0.03260966,0.02091875,0.00000000,0.00000000,0.00000000,0.04093840,0.00000000,0.01675450,0.00000000,0.02245028,0.03485325,0.02636410,0.08493409,0.03832142,0.00058251,0.00541307,0.00363999,0.00000000,0.03177751,0.00447338,0.00433167,0.00000000,0.04462096,0.00000000,0.00271770,0.00377131,0.01029080,0.00000000,0.23184341,0.00000000,0.00658590,0.00000000,0.11967205,0.00000000,0.04665504,0.00000000,0.00403706,0.01412475,0.00000000,0.00000000,0.00051057,0.01354870,0.00000000,0.00000000,0.06705438,0.04050039,0.00891083,0.05007597,0.01857348,0.01103496,0.06024721,0.00815868,0.00000000,0.03371801,0.00710880,0.00000000,0.00000000,0.00007632,0.00541778,0.08801115,0.00000000,0.00000000,0.00000000,0.01164129,0.27026612,0.00000000,0.00146208,0.07694159,0.02912499,0.22392140,0.13132371,0.00018023,0.00000000,0.00000000,0.00295548,0.01909666,0.02740069,0.00479392,0.02705263,0.00000000,0.00209424,0.00543331,0.00827580,0.00000000,0.00189006,0.00006871,0.00000000,0.04731114,0.02409327,0.01178979,0.00051256,0.00800138,0.00795481,0.00599387,0.00000000,0.06100861,0.01051852,0.00000000,0.00364587,0.00000000,0.20692900,0.00000000,0.31673476,0.04537622,0.00000000,0.00058563,0.00000000,0.00124290,0.00000000,0.01119002,0.00000000,0.00000000,0.00498303,0.00157984,0.03339422,0.00000000,0.02549981,0.02562702,0.00000000,0.00000000,0.00051304,0.00000000,0.00893187,0.00000000,0.00055206,0.18945716,0.00911721,0.00000000,0.00807444,0.00000000,0.02521328,0.00000000,0.03018228,0.05775099,0.00000000,0.00000000,0.00000000,0.26402652,0.00000000,0.00000000,0.00000000,0.23537675,0.00000000,0.00010914,0.00000000,0.00165904,0.17550509,0.00027004,0.04250653,0.09746946,0.06054160,0.00707340,0.02218732,0.00000000,0.00233733,0.00000000,0.02040411,0.00000000,0.03999610,0.00655770,0.00000000,0.01952366,0.01460167,0.00000000,0.00947639,0.00083587,0.00279524,0.00000000,0.00696469,0.00000000,0.01056502,0.00000000,0.01965201,0.07500110,0.16231331,0.00166394,0.00869100,0.00682067,0.00000000,0.07234865,0.00020022,0.00000000,0.00000000,0.00000000,0.00000000,0.00704624,0.00323687,0.00000000,0.19754282,0.00000000,0.02684178,0.00000000,0.21890092,0.00000000,0.00000000,0.00000000,0.01395339,0.00139047,0.00000000,0.04092072,0.15180370,0.04694439,0.00000000,0.00202675,0.00000000,0.00758123,0.00000000,0.14795016,0.02908474,0.02982638,0.00000000,0.00000000,0.00046072,0.00000000,0.04410837,0.18970017,0.00000000,0.01152132,0.00000000,0.17346030,0.02137634,0.01196115,0.00035527,0.00920651,0.00440088,0.07266938,0.00116598,0.03099318,0.00000000,0.01118639,0.00000000,0.00000000,0.00000000,0.00000000,0.00140285,0.00000000,0.03231829,0.00000000,0.00000000,0.00000000,0.00362804,0.03482255,0.18675618,0.00000000,0.00000000,0.07026398,0.00058743,0.00812128,0.01286828,0.05114036,0.00000000,0.00904377,0.07866532,0.00000000,0.00000000,0.00000000,0.00000000,0.00596662,0.01132763,0.00000000,0.00000000,0.00000000,0.00000000,0.00589318,0.04401467,0.00000000,0.00000000,0.14568092,0.04941586,0.00000000,0.00000000,0.26138046,0.47383374,0.00000000,0.00000000,0.00032579,0.30231535,0.01081819,0.00000000,0.03022173,0.00032508,0.00000000,0.00000000,0.05246253,0.01207668,0.01822431,0.00000000,0.00628472,0.03284306,0.00000000,0.00381244,0.04593257,0.00000000,0.58081162,0.00000000,0.00000000,0.00000000,0.00000000,0.00217915,0.10145288,0.01054262,0.02120537,0.00819477,0.00000000,0.01000800,0.00884254,0.22679210,0.10292388,0.01550406,0.03215735,0.00000000,0.01801686,0.20205992,0.00234084,0.07282634,0.00466027,0.00000000,0.03064985,0.05191271,0.01673148,0.06031024,0.00037143,0.01081445,0.00515068,0.00000000,0.00000000,0.06835777,0.00175723,0.00320100,0.13389608,0.00000000,0.03078432,0.00000000,0.04255857,0.00000000,0.00000000,0.00830106,0.00000000,0.00000000,0.01361426,0.01485932,0.00873458,0.00565040,0.20866267,0.00000000,0.00000000,0.00000000,0.00877013,0.00477628,0.00000000,0.04003629,0.00000000,0.07560616,0.00000000,0.00000000,0.00000000,0.00015443,0.00242565,0.00661715,0.00572705,0.05298211,0.08040921,0.00000000,0.00000000,0.00000000,0.00219993,0.02846443,0.14901672,0.00054598,0.03731482,0.00000000,0.00000000,0.00000000,0.00118895,0.00159219,0.00000000,0.00000000,0.00000000,0.05207390,0.03836618,0.00225724,0.11382195,0.00201281,0.00000000,0.08718333,0.00000000,0.08606268,0.00000000,0.02053160,0.00139165,0.00000000,0.00000000,0.01410364,0.00000000,0.00000000,0.00000000,0.00000000,0.58125007,0.00370001,0.00000000,0.00026102,0.02152264,0.00000000,0.15433605,0.00545160,0.00227714,0.00000000,0.18896067,0.00000000,0.00000000,0.00000000,0.00000000,0.00000000,0.00277645,0.00185258,0.00000000,0.00354786,0.00575952,0.00000000,0.02242854,0.00000000,0.02025808,0.00378477,0.00000000,0.09416055,0.00000000,0.05666219,0.00642656,0.09965735,0.09876771,0.13616106,0.12173080,0.00812588,0.03395141,0.00801937,0.00000000,0.00000000,0.00831028,0.00000000,0.00000000,0.00219009,0.06201736,0.00000000,0.00000000,0.01884502,0.00299522,0.01638198,0.01538892,0.00000000,0.00000000,0.00050212,0.04861623,0.00000000,0.00534938,0.24187766,0.01526529,0.68298370,0.00000000,0.02908557,0.00000000,0.00000000,0.00000000,0.03685823,0.00438621,0.05124355,0.07460798,0.01171021,0.03661856,0.00000000,0.00215543,0.11799946,0.00000000,0.04690943,0.01962444,0.14263527,0.00242543,0.00703138,0.00655366,0.00792515,0.00000000,0.00275859,0.00177901,0.00000000,0.00000000,0.02190035,0.00000000,0.01659711,0.10910094,0.00599481,0.00417853,0.00000000,0.00000000,0.00000000,0.00923268,0.00000000,0.00851049,0.00378880,0.00000000,0.00109934,0.18083170,0.00177188,0.00000000,0.00763834,0.13056788,0.00000000,0.19421448,0.07719298,0.00000000,0.00000000,0.00000000,0.02548065,0.00000000,0.00095129,0.02079301,0.00000000,0.00593515,0.00000000,0.00000000,0.03003805,0.00812718,0.00000000,0.20096257,0.03973708,0.00000000,0.00000000,0.00000000,0.00354409,0.00000000,0.00000000,0.16428010,0.00000000,0.00000000,0.90827203,0.05760165,0.00000000,0.00000000,0.02475950,0.05781273,0.00000000,0.00000000,0.00000000,0.00512801,0.00000000,0.02312973,0.05535392,0.00552107,0.02462458,0.00000000,0.00000000,0.00000000,0.00000000,0.00000000,0.00000000,0.00762994,0.00302893,0.00000000,0.00906071,0.00000000,0.01872811,0.00000000,0.00000000,0.06442484,0.09740127,0.00963553,0.00000000,0.00055027,0.00030742,0.00336716,0.01874619,0.00791376,0.00000000,0.01794998,0.00000000,0.00000000,0.41813198,0.00045509,0.00000000,0.06855579,0.00000000,0.00000000,0.00419848,0.05909232,0.70480597,0.16427362,0.03294706,0.00708672,0.00118509,0.00000000,0.01852566,0.00000000,0.04616220,0.05256717,0.02396718,0.08445606,0.00000000,0.39510161,0.00000000,0.00000000,0.00739317,0.00316209,0.01942750,0.00000000,0.05187725,0.00429337,0.00636213,0.00000000,0.02371591,0.00190209,0.00000000,0.18885729,0.00000000,0.00000000,0.00000000,0.11005038,0.00401608,0.01754730,0.00088041,0.00000000,0.03867318,0.00000000,0.00000000,0.00000000,0.00000000,0.00000000,0.00000000,0.00208816,0.00280171,0.00000000,0.00479650,0.00000000,0.00482743,0.00000000,0.00000000,0.00487037,0.04394922,0.06939981,0.05043245,0.00000000,0.00138842,0.03025454,0.11735286,0.11497605,0.01392076,0.00000000,0.00164056,0.02605111,0.00000000,0.00000000,0.00000000,0.00862860,0.00000000,0.00000000,0.00000000,0.24711268,0.01357250,0.01420164,0.00000000,0.00714422,0.08150337,0.48256126,0.00409919,0.03596584,0.34013239,0.00143638,0.08953968,0.00000000,0.01953316,0.04287822,0.00000000,0.00044762,0.09254009,0.00000000,0.02897957,0.00293108,0.02318451,0.00769477,0.00571486,0.00000000,0.00132200,0.00000000,0.00000000,0.08933897,0.00912063,0.00000000,0.00000000,0.00322792,0.00000000,0.00815554,0.00000000,0.00000000,0.00000000,0.00000000,0.00067793,0.00000000,0.00557431,0.00000000,0.00334211,0.00000000,0.05476225,0.00000000,0.00000000,0.00150136,0.00052484,0.00000000,0.01394532,0.00157819,0.00102467,0.00000000,0.35261050,0.00000000,0.00000000,0.00000000,0.01283660,0.00000000,0.23001881,0.00721282,0.01038704,0.00038029,0.00186037,0.00490397,0.00000000,0.14921993,0.00000000,0.00338009,0.29193565,0.05785725,0.00647878,0.00000000,0.03762762,0.00124159,0.00000000,0.00000000,0.00000000,0.09495495,0.00000000,0.00023716,0.00000000,0.11892007,0.04740604,0.00019387,0.05126187,0.00000000,0.00000000,0.03157824,0.00242129,0.00000000,0.00232486,0.00446072,0.00000000,0.00000000,0.00000000,0.00000000,0.09391706,0.01450624,0.01641741,0.02167772,0.00000000,0.05597730,0.00000000,0.00000000,0.00000000,0.00000000,0.00000000,0.01404113,0.09758724,0.00000000,0.00000000,0.01883885,0.07458636,0.03179568,0.00143773,0.00000000,0.01369942,0.00000000,0.12008854,0.14014849,0.00000000,0.06399966,0.01188146,0.01917862,0.01242450,0.09331758,0.35774812,0.03790719,0.00000000,0.00000000,0.06860902,0.00456438,0.00596162,0.00000000,0.00000000,0.00756251,0.00000000,0.02175372,0.00000000,0.00000000,0.00000000,0.00000000,0.00000000,0.00000000,0.00000000,0.00000000,0.00000000,0.00000000,0.00156942,0.00169153,0.00530068,0.01633471,0.00000000,0.14814022,0.00000000,0.00000000,0.04513466,0.00000000,0.00000000,0.00000000,0.00000000,0.00000000,0.01594781,0.00000000,0.04640612,0.00000000,0.00909093,0.00000000,0.01161185,0.27210137,0.01243466,0.01273117,0.00447373,0.02667713,0.29979616,0.00226952,0.00057957,0.00000000,0.00000000,0.00504739,0.00321600,0.09183148,0.00428368,0.00117373,0.00000000,0.00000000,0.04599052,0.00438130,0.00017660,0.00000000,0.00828864,0.00000000,0.05458329,0.00143697,0.00199572,0.02645278,0.00000000,0.03789197,0.00000000,0.07486461,0.00000000,0.01320243,0.10356257,0.00233732,0.22041543,0.00160263,0.01051082,0.00000000,0.53152829,0.00000000,0.03227306,0.00000000,0.00265900,0.00000000,0.02642034,0.01495868,0.02455408,0.00000000,0.00133046,0.00000000,0.00000000,0.04493123,0.02309874,0.00000000,0.00000000,0.00000000,0.00344758,0.00000000,0.01486815,0.01190278,0.00516879,0.00000000,0.00000000,0.02679388,0.01266231,0.00000000,0.01217341,0.00000000,0.01197472,0.00586824,0.07261590,0.00000000,0.00512388,0.00000000,0.02153553,0.04635064,0.01269922,0.09098607,0.05358839,0.00336488,0.05509212,0.00000000,0.00000000,0.03095743,0.00000000,0.12180781,0.04065679,0.00166463,0.00392198,0.24721397,0.09494364,0.00530977,0.00000000,0.02049988,0.00000000,0.01976015,0.00007448,0.04093575,0.00000000,0.00449649,0.01665255,0.00110788,0.36624330,0.00000000,0.00057699,0.00678854,0.00000000,0.01532638,0.01013591,0.00000000,0.00000000,0.00000000,0.00000000,0.00000000,0.00000000,0.19694625,0.00425671,0.03449180,0.03553999,0.00000000,0.00058248,0.00000000,0.00104768,0.02897516,0.00000000,0.16548334,0.01662933,0.00000000,0.00000000,0.11819045,0.02291520,0.00579991,0.00000000,0.00000000,0.00101702,0.14393875,0.00000000,0.01228357,0.01578880,0.00258994,0.01111094,0.00000000,0.04350646,0.03952435,0.00000000,0.01796379,0.00000000,0.02030712,0.09763028,0.03954986,0.00673456,0.00000000,0.00957371,0.00000000,0.00408156,0.08240423,0.00098398,0.00000000,0.00000000,0.17745899,0.00000000,0.05154791,0.12282372,0.00000000,0.00000000,0.00000000,0.05498184,0.00000000,0.18083765,0.00000000,0.00000000,0.00000000,0.00873410,0.07900771,0.00219569,0.00000000,0.00000000,0.00870636,0.00000000,0.16373995,0.00000000,0.05777763,0.00040377,0.01868169,0.00696052,0.06908401,0.01007528,0.24839979,0.05056624,0.00000000,0.00000000,0.00260117,0.00978396,0.00000000,0.00115498,0.13940687,0.00000000,0.00000000,0.00000000,0.00055770,0.00000000,0.00000000,0.01862897,0.04744013,0.03668997,0.12782934,0.03286162,0.02022666,0.00000000,0.00000000,0.10330649,0.02836181,0.00000000,0.00000000,0.17291062,0.00008109,0.02679563,0.00000000,0.00000000,0.00000000,0.00000000,0.00000000,0.00000000,0.12862885,0.01476502,0.01191735,0.01067181,0.00000000,0.03419222,0.00000000,0.01808262,0.00000000,0.00000000,0.05502672,0.00382732,0.01256196,0.00000000,0.00000000,0.00000000,0.00451815,0.05201856,0.00000000,0.00512591,0.00000000,0.00017282,0.31653520,0.01085380,0.00000000,0.00000000,0.00235694,0.00000000,0.12137426,0.12635541,0.00588635,0.00019458,0.10966969,0.00000000,0.01692813,0.01759867,0.00000000,0.02429195,0.02304683,0.05710262,0.00908114,0.01804213,0.05182571,0.00700042,0.00000000,0.00060755,0.08474684,0.02345410,0.00000000,0.00602304,0.00855726,0.00000000,0.18029445,0.02086397,0.00000000,0.01823320,0.00000000,0.00000000,0.00000000,0.00984042,0.02442344,0.00000000,0.04546119,0.00315959,0.00000000,0.00000000,0.00000000,0.00000000,0.01749832,0.00797997,0.05571634,0.00000000,0.00000000,0.00000000,0.01060126,0.00000000,0.05932048,0.02645459,0.00302578,0.01608524,0.00267137,0.01450346,0.00000000,0.17757092,0.00000000,0.10203715,0.01029625,0.00736111,0.00000000,0.00000000,0.00000000,0.02411878,0.00343483,0.01720981,0.00239951,0.00143475,0.00000000,0.02930690,0.00108436,0.03562331,0.00076280,0.00000000,0.00000000,0.00963189,0.03163115,0.00000000,0.04181737,0.01203280,0.04128430,0.00130554,0.00000000,0.00000000,0.00000000,0.00510343,0.00000000,0.01068755,0.03884991,0.00000000,0.00341292,0.31519413,0.01481906,0.00000000,0.02485080,0.01783743,0.03713166,0.11855037,0.17918113,0.00000000,0.01673772,0.00000000,0.00000000,0.00074032,0.00000000,0.01410121,0.00000000,0.01260522,0.00000000,0.08430437,0.01330678,0.00000000,0.00000000,0.00004331,0.19347994,0.00000000,0.00000000,0.00841621,0.00000000,0.02835355,0.00000000,0.00000000,0.00000000,0.00000000,0.00000000,0.00000000,0.00000000,0.00000000,0.00000000,0.09468808,0.00745402,0.00000000,0.24481329,0.52127409,0.00206077,0.00000000,0.00000000,0.00160429,0.01332448,0.00000000,0.00452600,0.00000000,0.00576398,0.02674212,0.00197022,0.00003341,0.00000000,0.00816859,0.12538253,0.05788266,0.00000000,0.02865177,0.00000000,0.01476953,0.17975010,0.00180071,0.00345023,0.00000000,0.02532128,0.00000000,0.00000000,0.00139892,0.01496249,0.00000000,0.00000000,0.27869481,0.00000000,0.00568173,0.00342828,0.00961592,0.00006299,0.27964419,0.00339164,0.00665659,0.00000000,0.14261419,0.00000000,0.04259881,0.00000000,0.00000000,0.01757996,0.02329499,0.00723056,0.00000000,0.00338985,0.00773491,0.38864937,0.00000000,0.00000000,0.00000000,0.00000000,0.00000000,0.00000000,0.00000000,0.00000000,0.00350876,0.00000000,0.00000000,0.00000000,0.00000000,0.02003242,0.00177796,0.00000000,0.00463782,0.00000000,0.01680830,0.00000000,0.00065163,0.05800543,0.12970069,0.05406837,0.09267899,0.00532207,0.00118744,0.08658487,0.00016196,0.00000000,0.00000000,0.01421001,0.00012905,0.00000000,0.00388341,0.01680502,0.00989334,0.12487192,0.00000000,0.00000000,0.00463086,0.01001121,0.04570323,0.00000000,0.04711803,0.00000000,0.00401417,0.00000000,0.01056085,0.00000000,0.00073592,0.00000000,0.00000000,0.14172123,0.00010761,0.00000000,0.01256201,0.04724368,0.00000000,0.08966596,0.00000000,0.17284733,0.00000000,0.00000000,0.12457842,0.00153959,0.04556607,0.00000000,0.00289566,0.00442992,0.01213941,0.09593328,0.02050966,0.00617691,0.04283355,0.00296996,0.00510333,0.53100646,0.00063928,0.00000000,0.02126346,0.00000000,0.01385065,0.27512929,0.01837104,0.00374786,0.00000000,0.05011323,0.00000000,0.01982776,0.00000000,0.08600566,0.00000000,0.18345711,0.03323505,0.00000000,0.00000000,0.17648228,0.00000000,0.00000000,0.00000000,0.00000000,0.00203583,0.00000000,0.24244530,0.00159683,0.01453795,0.00357940,0.00000000,0.23820250,0.20587358,0.00000000,0.00830720,0.00000000,0.06854306,0.00656168,0.25864589,0.00000000,0.07889611,0.00406816,0.10740589,0.00189521,0.00000000,0.00000000,0.00000000,0.00047353,0.00827067,0.00000000,0.03778383,0.00972840,0.03281795,0.00000000,0.00000000,0.00153915,0.08534389,0.00000000,0.00000000,0.10993432,0.00576319,0.00657835,0.01267448,0.05133870,0.08126002,0.02494007,0.00000000,0.00767687,0.00000000,0.00486898,0.00389388,0.00000000,0.01039328,0.00000000,0.02774076,0.18322352,0.00133611,0.03157368,0.00000000,0.00000000,0.00840667,0.00000000,0.00000000,0.00000000,0.00477938,0.00007720,0.00435799,0.00705126,0.00000000,0.02164680,0.00000000,0.00000000,0.00000000,0.00000000,0.35291132,0.00000000,0.00193031,0.00000000,0.00000000,0.02185105,0.00706725,0.19169533,0.00000000,0.08037628,0.21096945,0.00799876,0.00217723,0.04766506,0.05647625,0.00002312,0.00357073,0.01065741,0.00163113,0.00123034,0.00147157,0.00043384,0.02209266,0.00000000,0.00000000,0.00000000,0.00033488,0.03476039,0.07510261,0.00645499,0.00000000,0.00000000,0.00000000,0.06907510,0.01308357,0.00000000,0.00000000,0.00000000,0.01071060,0.00000000,0.00000000,0.07881424,0.02146624,0.04077768,0.00000000,0.00000000,0.10082243,0.00499150,0.00000000,0.29861942,0.00000000,0.00000000,0.01714204,0.00000000,0.08263712,0.11611207,0.01045326,0.00000000,0.00000000,0.01803681,0.01485273,0.08660380,0.00000000,0.00282966,0.00000000,0.05328403,0.00000000,0.03079365,0.00000000,0.03107502,0.00000000,0.00000000,0.00000000,0.05797882,0.01852473,0.00329501,0.00128366,0.02312372,0.00094860,0.01453347,0.00000000,0.12230785,0.00189079,0.00000000,0.00000000,0.00255428,0.00092602,0.00176659,0.00000000,0.00000000,0.02025198,0.00000000,0.01199026,0.01019139,0.27503932,0.00000000,0.00000000,0.00000000,0.12177023,0.09111686,0.00000000,0.00000000,0.00797155,0.00000000,0.00322862,0.00894058,0.00088950,0.00000000,0.02445670,0.00000000,0.00097031,0.00000000,0.01988194,0.00000000,0.00000000,0.00000000,0.14361523,0.00000000,0.01402013,0.00000000,0.15083429,0.01430800,0.03317416,0.00014280,0.00000000,0.01124945,0.22726072,0.00000000,0.00000000,0.09269355,0.00000000,0.03555225,0.01923777,0.00000000,0.01242741,0.00000000,0.03211828,0.00000000,0.03241894,0.01904629,0.00000000,0.00000000,0.00968509,0.00000000,0.02595380,0.00767968,0.00000000,0.03176377,0.00000000,0.00000000,0.01467807,0.00047013,0.03413556,0.00000000,0.01130816,0.03479652,0.00290551,0.03645248,0.00000000,0.19102107,0.00092791,0.00206418,0.00000000,0.02698053,0.02788653,0.00894042,0.00000000,0.12677011,0.00878710,0.09145976,0.00000000,0.01253063,0.01011473,0.00000000,0.09288681,0.01646578,0.00000000,0.35243097,0.00000000,0.07109563,0.22788738,0.00000000,0.00000000,0.01351174,0.00000000,0.00000000,0.02749097,0.00000000,0.05611308,0.04176693,0.10509457,0.00000000,0.00000000,0.00419867,0.00559420,0.00000000,0.00371513,0.00006844,0.00000000,0.06240987,0.04155821,0.00000000,0.00000000,0.00000000,0.01416627,0.00197739,0.39112768,0.00680440,0.01886450,0.00170451,0.01037159,0.29619700,0.00798078,0.00000000,0.00002373,0.00000000,0.00709464,0.00183627,0.00475165,0.00405325,0.00000000,0.00000000,0.02125686,0.00783036,0.00000000,0.02423747,0.00318754,0.00000000,0.00191012,0.00000000,0.06026847,0.00000000,0.01297756,0.00233735,0.00000000,0.00000000,0.05604814,0.00000000,0.00000000,0.06973911,0.01300464,0.00000000,0.03756714,0.00000000,0.00000000,0.00000000,0.01723939
6099,data/pair/6099/RHEED/5 min AlSb.MOV,manifest_specified_rheed_path,22.960000,689,8,0.00317914,0.00091136,0.17995220,0.00000000,0.00000000,0.00000000,0.05343676,0.00000000,0.08613909,0.00000000,0.02611022,0.02033650,0.00000000,0.00000000,0.00094392,0.02159777,0.00035454,0.00185721,0.00000000,0.02175267,0.00000000,0.00000000,0.10681790,0.03004040,0.00000000,0.08560276,0.00000000,0.83525151,0.00000000,0.00000000,0.00000000,0.10311740,0.71092200,0.00250866,0.00307907,0.00537931,0.00123739,0.00000000,0.00000000,0.00079740,0.00000000,0.05236542,0.00735491,0.00000000,0.04393777,0.00000000,0.26682988,0.00178280,0.00000000,0.00000000,0.00000000,0.00000000,0.10645010,0.00000000,0.00270947,0.06726995,0.00000000,0.00441463,0.00000000,0.11190058,0.02839858,0.00000782,0.00000000,0.00020953,0.01623904,0.00000000,0.01651328,0.00082364,0.00967959,0.00000000,0.04771074,0.00003225,0.03699622,0.01074109,0.07320071,0.26748320,0.00867582,0.00000000,0.08776367,0.00000000,0.00690822,0.00784746,0.00931470,0.00307411,0.00000000,0.10836128,0.00000000,0.00067656,0.00000000,0.00000000,0.03562020,0.28703973,0.00000000,0.01597831,0.16306216,0.00000000,0.00014937,0.00000000,0.01535508,0.00000000,0.01949687,0.05148523,0.34788135,0.00000000,0.00000000,0.00252555,0.00000000,0.02167233,0.00000000,0.00000000,0.00160140,0.02301905,0.84240240,0.00218415,0.00000000,0.00000000,0.04347380,0.00142253,0.04100263,0.02999658,0.12529765,0.03586852,1.55875063,0.00000000,0.03347981,0.00443137,0.00000000,0.00000000,0.00195959,0.00000000,0.00000000,0.14831558,0.00000000,0.02248106,0.00085961,0.05958122,0.00000000,0.06478661,0.14547819,0.00367939,0.00000000,1.34275734,0.02224284,0.00022313,0.00000000,0.00267961,0.01569511,0.02552955,0.02212410,0.00000000,0.00190530,0.22217463,0.02084762,0.00029321,0.00942578,0.00000000,0.00000000,0.00000000,0.00000000,0.10468599,0.03092205,0.00887521,0.01304473,0.94386142,0.07685144,0.09862502,0.02773130,0.00000000,0.02870008,0.01101750,0.06474447,0.04172613,0.13271308,0.01527611,0.00000000,0.01209294,0.00018430,0.00508772,0.05596577,0.00000000,0.00000000,0.00318567,0.00125473,0.32976878,1.19398165,0.00000000,0.00000000,0.00000000,0.00000000,0.00460195,0.00000000,0.04377174,0.00000000,0.00839805,0.00266382,0.00336630,0.00143527,0.00207046,0.00000000,0.04152250,0.10660464,0.03635109,0.01599342,0.01088721,0.22432870,0.01784980,0.00000000,0.00139007,0.00000000,0.00000000,0.18975861,2.23526788,0.00392975,0.00000000,0.00621941,0.00560055,0.00000000,0.00000000,0.00000000,0.03780641,0.00000000,0.12843359,0.13672186,0.00000000,0.00284575,0.00683249,0.00000000,0.02962630,0.00000000,0.00040671,0.06493384,0.00000000,0.00012733,0.00000000,0.00066614,0.00000000,0.08677512,0.03748471,0.00000000,0.00391312,0.09903672,0.00000000,0.51723087,0.00001370,0.02925105,0.05297231,0.00444814,0.00000000,0.00142459,0.00373950,0.00000000,0.15157411,0.01044878,0.00000000,0.00157525,0.00234085,0.00000000,0.00005331,0.00019606,0.22504215,0.00000000,0.00000000,0.00000000,0.06886341,0.00000000,0.29996434,0.01595224,0.16073348,0.00025095,0.02289929,0.00663020,0.00480342,0.00000000,0.03931395,0.00074098,0.27236626,0.00000000,0.00000000,0.00000000,0.01401921,0.00107204,0.00053699,0.00000000,0.00284279,0.02939829,0.00000000,0.06768024,0.90994108,0.00000000,0.00827536,0.00663167,0.02353267,0.00109557,0.00000000,0.00052033,0.00101288,0.00000000,0.05254390,0.00000000,0.00000000,0.00455547,0.00552125,0.10210784,0.00673140,0.00000000,0.00000000,0.00000000,0.00000000,0.00000000,0.00000000,0.00000000,0.00000000,0.05172876,0.23366761,0.01580405,0.08464484,0.00000000,0.00000000,0.00445434,0.00000000,0.01265167,0.00061884,0.00120730,1.18017411,0.06937833,1.41865754,0.00000000,0.02864973,0.00187996,0.00207098,0.00362954,0.00000000,0.00024027,0.00000000,0.00000000,0.00062578,0.27733400,0.00000000,0.05601204,0.00000000,0.08830193,0.08311342,0.00102173,0.07383394,0.05196928,0.00833897,0.00000000,0.04706230,0.00213215,0.00000000,0.00000000,0.04561004,0.02086920,0.00000000,0.00072380,0.31072384,0.00004127,0.13123703,0.00022919,0.00000000,0.00000000,0.00000000,0.00109816,0.08227856,0.00118157,0.00992489,0.03758452,0.00000000,0.00000000,0.01132877,0.07044645,0.00000000,0.00431399,0.00026491,0.05590939,0.01805790,0.06372712,0.13426334,0.06164393,0.04305286,0.09689815,0.00012871,0.00000000,0.00048394,0.02209621,0.00019354,0.00000000,0.00156106,0.00000000,0.00000000,0.00483465,0.00752886,0.00000000,0.18145634,0.00000000,0.00130336,0.00000000,0.08849116,0.00007844,0.23926526,0.00000000,0.01681915,0.01757212,0.00000000,0.00000000,0.01387706,0.07632969,0.02335988,0.00253273,0.32456800,0.00612592,0.10127758,0.18527156,0.04703203,0.03913395,0.23868936,0.00120170,0.00223602,0.03441765,0.02945183,0.00000000,0.00000000,0.01180566,0.00000000,0.28702331,0.00000000,0.00000000,0.00000000,0.03345009,0.00540506,0.00000000,0.00000000,0.02134483,0.01325243,0.05586794,0.34184504,0.00000000,0.00000000,0.00000000,0.00398368,0.04636414,0.00053077,0.01156578,0.01428254,0.00240581,0.05935260,0.19009340,0.00007754,0.00000000,0.00000000,0.00000000,0.00043211,0.06567144,0.03394139,0.00000000,0.00000000,0.02295588,0.01022271,0.02521813,0.00000000,0.13473244,0.00000000,0.00134310,0.00805859,0.00000000,0.00029884,0.00000000,0.03537181,0.05608378,0.00000000,0.00000000,0.01517368,0.00000000,0.00000000,0.62180018,0.00737168,0.00000000,0.00025984,0.00019248,0.11242536,0.00000000,0.00074243,0.00631879,0.00000000,0.00000000,0.00505165,0.00283562,0.00409313,0.00000000,0.00188436,0.18082109,0.02209760,0.00000000,0.03049790,0.00000000,0.04121407,0.00000000,0.01255487,0.10728822,0.00000000,0.00000000,0.00000000,0.54109412,0.00000000,0.00000000,0.01081169,0.62745225,0.01857594,0.00000000,0.00000000,0.00862507,0.29908794,0.00000000,0.15361351,0.05298270,0.00000000,0.07716199,0.11357442,0.00000000,0.00503456,0.00000000,0.08338609,0.00221834,0.00646334,0.00000000,0.00000000,0.07191244,0.25308049,0.00034041,0.01344252,0.00974928,0.00000000,0.00000000,0.01990855,0.00000000,0.00885446,0.00000000,0.38957673,0.04975487,0.11810561,0.00186092,0.06227915,0.00000000,0.00000000,0.01021383,0.00586366,0.00186203,0.00000000,0.00000000,0.00000000,0.40226361,0.01684678,0.00000000,0.95904613,0.00000000,0.17780347,0.00647340,0.24856728,0.00000000,0.00000000,0.00000000,0.02712194,0.04770639,0.00036745,0.07438144,0.15185432,0.14511330,0.00000000,0.00027385,0.00000000,0.17607871,0.00000000,0.15539226,0.00000000,0.11456746,0.00000000,0.00000000,0.00000000,0.00264458,0.06553880,0.10695548,0.00000000,0.00000000,0.00068384,0.05005615,0.10286909,0.00059207,0.00012632,0.01885656,0.00016437,0.16338722,0.00000000,0.07536487,0.00786591,0.06457513,0.00044822,0.00000000,0.00000000,0.00241711,0.04473446,0.00257729,0.00726590,0.00000000,0.00000000,0.00000000,0.00433213,0.02590968,0.74338901,0.00000000,0.00000000,0.15401223,0.00000000,0.01278704,0.01327416,0.03395768,0.00000000,0.05282646,0.07701635,0.00000000,0.00000000,0.00002484,0.01120745,0.02035107,0.16006446,0.00000000,0.00023386,0.00000000,0.00000000,0.02682590,0.08617204,0.00024147,0.00072602,0.00978669,0.00026606,0.00000000,0.00000000,0.37682304,2.49162507,0.00366567,0.00000000,0.00169608,0.20411330,0.00114344,0.01814169,0.00000000,0.14617330,0.00000000,0.00000000,0.31159571,0.00458823,0.42995656,0.00000000,0.01921850,0.01668040,0.00000000,0.00108515,0.02689479,0.00000000,0.77185750,0.00278492,0.00000000,0.00000000,0.00000000,0.00000000,0.00528877,0.00000000,0.00000000,0.01174308,0.00036066,0.00000000,0.01565469,0.64071518,0.00702353,0.01651357,0.11163203,0.00000000,0.12300720,0.11971830,0.00697118,0.00000000,0.00155962,0.00017478,0.07416236,0.06090575,0.03873181,0.09259165,0.00112732,0.01113440,0.00000000,0.00000000,0.00071155,0.51039106,0.00679275,0.00292829,0.69789505,0.00000000,0.07364485,0.00000000,0.00000000,0.00207497,0.00649545,0.01834289,0.00398551,0.05600464,0.02103540,0.08799646,0.00496836,0.00000000,0.21325690,0.00000000,0.00000000,0.01495036,0.00000000,0.00416539,0.00000000,0.00000000,0.00000000,0.03377972,0.00000000,0.00111006,0.00000000,0.00304808,0.00000000,0.00000000,0.04717490,0.09367353,0.05716783,0.00000000,0.00000000,0.00254915,0.02271582,0.36948922,0.29111773,0.00183301,0.05535051,0.00000000,0.00000000,0.00563620,0.02198889,0.03250689,0.00000000,0.00000000,0.00000000,0.40674654,0.00000000,0.00000000,0.00000000,0.00000000,0.00079318,0.01535177,0.00000000,0.00164268,0.00117891,0.00136882,0.00000000,0.01835986,0.00000000,0.00000000,0.00357603,0.00014533,0.01099369,0.00001515,3.27147269,0.06903835,0.01129609,0.03884415,0.00426159,0.00000000,0.83821380,0.00053214,0.00011108,0.00000000,0.75568092,0.00000000,0.00000000,0.02001922,0.00152709,0.00000000,0.02075789,0.00013503,0.00000000,0.03734751,0.00054938,0.00096278,0.01303826,0.00000000,0.02417803,0.00083247,0.00000000,0.30779314,0.00023261,0.20846584,0.00272659,0.22787112,0.16465279,0.63191313,0.29456529,0.00242163,0.07325523,0.06673025,0.00000000,0.02530935,0.00125449,0.00000000,0.00009098,0.04392538,0.10356708,0.00000000,0.00045235,0.05594941,0.03748699,0.00000000,0.01027495,0.00000000,0.00000000,0.00000000,0.14709502,0.00000000,0.00859610,2.27544498,0.14695017,1.33547187,0.00000000,0.27603772,0.00000000,0.00000000,0.00000000,0.04360638,0.00968663,0.02505238,0.13667549,0.00107735,0.01466487,0.00000000,0.00437520,0.07562564,0.00000000,0.20849293,0.02176358,0.41911542,0.00148626,0.00647258,0.00000000,0.01998044,0.00000000,0.00006033,0.00836552,0.00000000,0.00000000,0.00588842,0.01736687,0.01963684,0.37444541,0.01056970,0.00000000,0.00242793,0.00000000,0.01454543,0.00148468,0.00000000,0.00000000,0.00000000,0.00000000,0.00477292,0.38834399,0.00000000,0.00000000,0.02579756,0.07007659,0.00000000,0.01086685,0.31586719,0.00897149,0.00000000,0.00000000,0.02388011,0.00037311,0.00000000,0.04186477,0.00000000,0.01240990,0.00000000,0.00000000,0.04061159,0.02378303,0.00574130,0.08742173,0.01001790,0.00094250,0.00467238,0.00000000,0.00000000,0.00057111,0.00000000,0.19971924,0.00000000,0.00000000,3.55955005,0.19510017,0.00000000,0.00000000,0.11483667,0.01486699,0.00000000,0.00000000,0.00112454,0.00282769,0.00000000,0.17664982,0.25748566,0.00787286,0.06358644,0.00000000,0.00000000,0.00000000,0.00000000,0.00059146,0.00027076,0.06470712,0.00000000,0.00000000,0.12325664,0.00000000,0.00104076,0.00000000,0.00000000,0.29224178,0.16014493,0.00005610,0.00122646,0.00222928,0.01711188,0.00000000,0.00000000,0.03323915,0.00000000,0.01243394,0.00000000,0.00000000,0.06268457,0.00000000,0.00000000,0.03720709,0.00000000,0.00000000,0.00000000,0.22158496,2.28090954,0.02424664,0.33015507,0.02865086,0.00061720,0.01243267,0.00290769,0.00000000,0.03097329,0.01881721,0.01400914,0.05947157,0.00446005,3.82205343,0.00748254,0.00799840,0.00000000,0.00127880,0.00000000,0.00000000,0.10086957,0.08945104,0.00144034,0.00000000,0.06168243,0.11545220,0.00000000,0.27074674,0.00000000,0.09421317,0.00000000,0.24957901,0.00803837,0.02737034,0.15474544,0.00000000,0.00339841,0.00000000,0.00000000,0.00000000,0.00000000,0.00000000,0.00000000,0.00253915,0.00033969,0.00008112,0.00369125,0.00000000,0.01324272,0.00144855,0.00131949,0.00000000,0.04871457,0.06332245,0.04019472,0.00000000,0.01560333,1.08014524,0.52255917,0.01555801,0.00000000,0.00000000,0.00433107,0.01570523,0.00000000,0.00000000,0.00077552,0.00016240,0.00000000,0.00000000,0.00000000,0.86161822,0.01937026,0.02953375,0.01300687,0.06690592,0.01934432,1.02228034,0.00039393,0.04431636,0.91145581,0.00356952,0.05584333,0.00000000,0.02931488,0.01104080,0.00139138,0.00118758,0.25660646,0.00000000,0.03289679,0.00000000,0.06929860,0.06106260,0.00000000,0.00000000,0.00126322,0.00057461,0.00000000,0.23617411,0.00000000,0.00000000,0.00000000,0.00000000,0.00000000,0.07595994,0.00000000,0.00000000,0.01697105,0.00000000,0.00000000,0.00000000,0.00066041,0.00000000,0.00000000,0.00000000,0.00000000,0.00000000,0.00000000,0.03127189,0.00000000,0.00465150,0.35592899,0.00060934,0.00056044,0.00000000,2.56651974,0.00000000,0.07818422,0.00000000,0.02181155,0.00000000,0.53643274,0.03033890,0.00292148,0.00000000,0.00000000,0.00962016,0.00000000,0.66053379,0.00000000,0.01183945,2.57142758,0.07888824,0.05510578,0.00307499,0.28079244,0.00098884,0.00000000,0.00000000,0.00000000,0.20922655,0.00232952,0.00000000,0.00000000,0.06276130,0.19947922,0.00000000,0.01496333,0.00000000,0.00000000,0.14343283,0.04117220,0.00000000,0.01622121,0.00146217,0.00004812,0.00000000,0.00451705,0.00000000,0.52345663,0.00434247,0.02351245,0.00000000,0.00000000,0.05900546,0.00000000,0.00078458,0.00000000,0.01464400,0.00000000,0.02477489,0.52452195,0.00000000,0.00000000,0.00000000,0.04669274,0.08322686,0.03757826,0.00000000,0.01507715,0.00000000,0.41917810,0.66590226,0.00000000,0.04451509,0.02931288,0.00320950,0.23872545,0.19855265,1.67905498,0.00540054,0.00007794,0.00000000,0.38135532,0.00299331,0.00172996,0.00000000,0.00568534,0.05798818,0.00000000,0.00236777,0.00000000,0.00000000,0.00584141,0.00000000,0.00000000,0.00000000,0.00000000,0.00000000,0.00081220,0.00000000,0.04602523,0.01700413,0.01697081,0.00286729,0.00083624,0.70845914,0.00000000,0.00000000,0.06780238,0.00000000,0.00000000,0.00000000,0.00000000,0.17775920,0.07296199,0.00104999,0.05277497,0.00135160,0.00484886,0.00000000,0.14109129,0.08702040,0.00370278,0.00687194,0.01058996,0.00000000,0.58338237,0.00065208,0.00172040,0.00000000,0.00009135,0.00000000,0.03326009,0.14792079,0.01635058,0.00684062,0.00020783,0.00000000,0.00000000,0.00168138,0.00009399,0.00000000,0.00490351,0.00000000,0.30104318,0.00000000,0.03239092,0.00000000,0.00000000,0.05990215,0.00000000,0.23230729,0.00000000,0.04899808,0.60573220,0.00507119,0.55234957,0.00158562,0.01288947,0.00000000,2.72626591,0.00000000,0.05281508,0.00395746,0.01145109,0.00000000,0.03446796,0.10207675,0.04857442,0.00006064,0.00033573,0.00000000,0.00000000,0.03068318,0.00000000,0.00000000,0.00000000,0.00000000,0.01768649,0.05016084,0.02377623,0.00309434,0.25271794,0.00000000,0.00000000,0.00140778,0.03112490,0.00152624,0.00000000,0.00000000,0.00013786,0.07324638,0.53287154,0.00363119,0.00129610,0.00000000,0.22512081,0.11774166,0.00893118,0.09888994,0.14362006,0.00000000,0.10434340,0.00202800,0.02066826,0.23174585,0.00000000,0.00727783,0.11543905,0.03571619,0.00000000,0.82447141,0.00000000,0.00009593,0.00162692,0.00339383,0.00114336,0.00032189,0.01209730,0.01281936,0.00000000,0.00006535,0.00000000,0.00360276,0.21865579,0.00000000,0.00000000,0.02232784,0.00225227,0.01258540,0.06156245,0.00000000,0.00000000,0.00671002,0.00325635,0.00000000,0.00800963,0.28605336,0.01037002,0.00302621,0.00512695,0.00000000,0.00198955,0.00000000,0.00037293,0.20392177,0.00000000,0.59432310,0.06244583,0.00000000,0.00000000,0.51063681,0.00075843,0.00000000,0.00020632,0.00000000,0.02645451,0.00257078,0.02123926,0.09755720,0.01076234,0.00392820,0.00464148,0.00000000,0.13655718,0.00349705,0.01565977,0.00000000,0.00000000,0.15875457,0.02050119,0.00449133,0.01019827,0.00238225,0.01493986,0.00000000,0.00000000,0.15396456,0.00162998,0.01171374,0.00000000,0.27929768,0.00434562,0.12906863,0.14535728,0.00000000,0.00000000,0.00000000,0.69418782,0.00000000,0.84070039,0.00000000,0.00432587,0.00000000,0.01439130,0.00119752,0.01357733,0.00000000,0.00000000,0.08985142,0.00436544,0.05300976,0.00000000,0.08580714,0.00000000,0.01641352,0.01333453,0.00381793,0.02272618,1.16518128,0.21733044,0.00000000,0.00000000,0.04324639,0.00079967,0.00028435,0.00104417,0.05577648,0.00000000,0.00000000,0.00000000,0.00000000,0.00000000,0.00000000,0.02798692,0.13001513,0.09746353,0.37424117,0.14921930,0.00956641,0.00000000,0.00000000,0.17695491,0.03028582,0.00288826,0.00000000,0.02975110,0.00000000,0.00740855,0.00148756,0.00059544,0.00038402,0.00000000,0.00000000,0.11357175,0.00179880,0.00485212,0.01040847,0.00968007,0.00000000,0.11355475,0.01801212,0.01509109,0.00000000,0.00000000,0.17398711,0.00000000,0.00000000,0.00114153,0.00000000,0.00000000,0.01537034,0.00241771,0.00837650,0.00000000,0.00006410,0.00000000,2.00300956,0.04281521,0.00683767,0.00000000,0.00000000,0.00020660,0.60061556,0.18646258,0.00056290,0.00014839,0.48642886,0.00482292,0.00005874,0.00217490,0.00082649,0.00001878,0.00624503,0.27855441,0.00703263,0.00053075,0.00143297,0.00000000,0.00061426,0.00000000,0.11758920,0.04494449,0.00000000,0.14418131,0.02580041,0.00221425,0.36168474,0.01374099,0.00000000,0.00347921,0.00000000,0.00015744,0.00000000,0.04064677,0.00105185,0.00000000,0.13226493,0.00150426,0.00007747,0.00000000,0.00000000,0.00000000,0.05779922,0.00589858,0.04054650,0.00000000,0.00000000,0.03296832,0.05386225,0.00000000,0.02005376,0.00121584,0.00040587,0.02229818,0.03836780,0.05655496,0.00000000,0.27671269,0.00000000,0.21576428,0.00000000,0.00169977,0.00000000,0.00270039,0.00178270,0.08555145,0.00000000,0.00247628,0.03682692,0.00072212,0.00000000,0.01196849,0.00000000,0.70695233,0.00000000,0.00000000,0.00000000,0.00728122,0.00000000,0.00000000,0.24778193,0.05814196,0.00006533,0.01857391,0.01323295,0.00000000,0.00080330,0.00000000,0.00183457,0.00172917,0.01533865,0.00000000,0.00000000,0.52416301,0.00000000,0.00000000,0.00000000,0.00640507,0.00199016,0.06915250,0.23718038,0.00000000,0.00545158,0.00201481,0.00064501,0.00087187,0.01047401,0.00198437,0.00000000,0.00407821,0.00000000,0.00624071,0.01386270,0.00000000,0.00000000,0.00895109,1.41448593,0.00000000,0.19081692,0.14528458,0.00000000,0.00000000,0.00000000,0.00000000,0.00000000,0.00461907,0.00000000,0.00000000,0.00036005,0.00000000,0.00806309,0.40350300,0.00111797,0.00037146,0.40205678,4.13356495,0.00677493,0.00018037,0.00000000,0.00346074,0.00452830,0.00000000,0.07983504,0.00441251,0.04856713,0.04845987,0.00001331,0.00000000,0.00000000,0.05108528,0.00521896,0.27588227,0.00000000,0.00000000,0.00000000,0.00000000,0.01199900,0.01107733,0.00865474,0.00000000,0.01799499,0.00000000,0.00049283,0.00701952,0.01687656,0.00000000,0.00000000,0.07231768,0.00047143,0.07402350,0.02725539,0.00098363,0.00371933,0.22130543,0.00000000,0.00075427,0.00000000,0.00089206,0.00000000,0.11840680,0.00000000,0.00000000,0.00000000,0.00015246,0.02825860,0.00000000,0.00000000,0.00585980,0.03818524,0.00000000,0.00000000,0.00000000,0.00019781,0.00000000,0.00000000,0.00000000,0.00000000,0.05247860,0.00000000,0.00000000,0.00000000,0.00000000,0.00347931,0.00211016,0.00170329,0.00899838,0.00000000,0.00804165,0.00000000,0.07741144,0.01220944,1.98436332,0.12882401,0.33081895,0.03590485,0.10105657,0.00918612,0.00000000,0.00000000,0.00009302,0.17892717,0.00000000,0.00084615,0.00063331,0.05170357,0.03230661,0.47248363,0.00000000,0.01097890,0.02156684,0.01405687,0.00000000,0.00000000,0.00065351,0.00000000,0.04879273,0.00000000,0.00000000,0.00133306,0.00905703,0.00000000,0.00000000,0.00000000,0.00122310,0.00000000,0.00000000,0.01558168,0.00000000,0.01034042,0.00000000,0.12160563,0.00000000,0.00056531,0.00273329,0.00000000,0.12603097,0.00000000,0.01133299,0.10085981,0.00000000,0.05333393,0.00542014,0.00534476,0.13936637,0.00000000,0.00000000,3.05767083,0.00000000,0.00315302,0.00074725,0.00000000,0.00057931,0.52135438,0.03518656,0.00870570,0.00286795,0.02949450,0.00264687,0.08382417,0.00000000,0.02411439,0.00000000,0.61263514,0.09087265,0.00000000,0.00118750,0.30266708,0.00000000,0.00000000,0.00000000,0.00000000,0.02620532,0.00087176,0.77388209,0.00143199,0.07623815,0.00003824,0.00000000,0.84199971,0.19185184,0.00000000,0.00000000,0.00000000,0.06374355,0.00468639,0.81685519,0.03561505,0.26880917,0.00006331,0.00000000,0.00000000,0.00055943,0.00052358,0.01897845,0.00390905,0.00045152,0.00000000,0.23860003,0.00074889,0.07612412,0.00000000,0.00000000,0.00000000,0.01904718,0.00000000,0.00000000,0.03459312,0.01841414,0.01552927,0.03330105,0.00106212,0.18796985,0.00000000,0.00000000,0.00230848,0.00240078,0.00000000,0.02287291,0.00000000,0.01853283,0.01719659,0.01893629,0.34226614,0.00150505,0.11560927,0.00000000,0.00000000,0.03711668,0.00000000,0.00000000,0.00000000,0.00000000,0.04534686,0.00000000,0.00817753,0.00057590,0.02081045,0.00000000,0.00000000,0.00000000,0.00146394,2.59195495,0.00000000,0.00466902,0.00231445,0.00059200,0.12102020,0.00100734,0.75728410,0.00000000,0.02868913,0.24842620,0.01707497,0.00031156,0.20736045,0.08053371,0.00986727,0.00124571,0.33347186,0.00000000,0.00714264,0.00000000,0.00945959,0.02196239,0.01189226,0.00000000,0.00000000,0.00000000,0.00737723,0.06648894,0.03109218,0.00000000,0.00065652,0.00000000,0.06444433,0.00980006,0.00000000,0.00016184,0.00517863,0.02795728,0.00048800,0.00000000,0.26225987,0.05280850,0.01556967,0.00000000,0.00000000,0.42155743,0.07241851,0.00000000,1.52162206,0.00070379,0.00000000,0.19357064,0.00000000,0.00000000,0.51300240,0.00063447,0.00000000,0.00000000,0.23412596,0.00000000,0.08672352,0.00000000,0.00969525,0.00000000,0.01573345,0.00000000,0.15387902,0.00334450,0.03992186,0.00817519,0.00000000,0.00000000,0.01645068,0.00450670,0.00053230,0.00099587,0.05696249,0.00375111,0.00104335,0.00000000,0.00748546,0.09754131,0.01664018,0.00000000,0.03511347,0.00000000,0.00034676,0.00000000,0.00000000,0.10046774,0.00000000,0.07058395,0.07622603,2.50662899,0.00000000,0.00000000,0.00000000,0.19345027,0.07903950,0.00000000,0.07518569,0.01270928,0.00000000,0.00272356,0.00000000,0.02695047,0.00000000,0.00551693,0.00037117,0.00000000,0.00285928,0.07622078,0.00000000,0.00000000,0.00000000,0.17751133,0.00000000,0.00441357,0.00000000,0.47305220,0.13416934,0.04413408,0.00000000,0.00153714,0.00000000,0.03407523,0.00000000,0.00000000,0.09231861,0.00007677,0.00909926,0.00106319,0.02996503,0.07394285,0.00775643,0.00766444,0.00800483,0.00000000,0.00826352,0.00000000,0.01041238,0.08407629,0.00000000,0.15209030,0.00319628,0.10105015,0.00016443,0.00009522,0.00000000,0.00869753,0.02994834,0.06270091,0.00000000,0.01009543,0.00646541,0.00000000,0.09952791,0.00000000,0.47495902,0.03796360,0.00000000,0.00193131,0.00046334,0.04854412,0.00179641,0.00000000,0.03564284,0.00000000,0.50690764,0.00000000,0.00605120,0.03042477,0.01719265,0.00000000,0.01742986,0.00000000,1.31247449,0.00000000,0.86471444,0.55101496,0.00000000,0.00000000,0.00046030,0.00000000,0.03476053,0.00543690,0.00000000,0.04518754,0.05381818,0.30418494,0.00000000,0.00081363,0.05475763,0.00517749,0.00324848,0.00000000,0.00113287,0.00063279,0.32267767,0.01235930,0.00000000,0.00000000,0.00000000,0.04992878,0.00000000,2.23605943,0.00215432,0.12337423,0.00855372,0.00000000,0.96986228,0.04861207,0.00000000,0.00000000,0.00183868,0.00000000,0.02147875,0.00000000,0.00117950,0.00000000,0.00000000,0.05810338,0.05447479,0.00212622,0.00153182,0.00000000,0.00000000,0.00046472,0.00000000,0.04448432,0.00000000,0.00000000,0.01069850,0.09535983,0.01346168,0.27138439,0.00023990,0.00000000,0.26361290,0.01037520,0.00000000,0.04156892,0.00000000,0.00523908,0.00000000,0.03092567,0.00796635,0.00241124,0.12363798,0.00000000,0.00000000,0.00000000,0.04067020,0.00000000,0.05627237,0.00000000,0.02697627,0.03465094,0.00000000,0.00000000,0.00162467,0.01636667,0.00085611,0.00296589,0.00000000,0.02000226,0.00000000,0.00000000,0.07337863,0.01597736,0.00000000,0.06500725,0.00000000,0.20465639,0.00000000,0.00000000,0.00000000,0.07417040,0.12398787,0.00343306,0.00814646,0.01179545,0.00327383,0.00000000,0.00000000,0.00210973,0.00000000,0.02563033,0.01635456,0.00000000,0.02763075,0.00000000,0.24902335,0.00433757,0.00000000,0.00000000,0.00000000,0.00000000,0.05611230,0.00000000,0.00315559,0.03647330,0.00000000,0.00678047,0.00000000,0.05118243,0.02904212,0.00002069,0.00000000,0.00046283,0.01430163,0.00000000,0.01583606,0.00152670,0.01174157,0.00000000,0.07840788,0.00008532,0.05072623,0.01264953,0.04608562,0.04664535,0.00914680,0.00000000,0.04366204,0.00000000,0.01092129,0.02076243,0.00883107,0.00407996,0.00000000,0.08413826,0.00000000,0.00149604,0.00000000,0.00000000,0.04304148,0.10170300,0.00000000,0.01469221,0.10211911,0.00000000,0.00039519,0.00000000,0.01662992,0.00000000,0.01150246,0.01849770,0.20443182,0.00000000,0.00000000,0.00271172,0.00000000,0.01912857,0.00000000,0.00000000,0.00283242,0.04062285,0.38158646,0.00453022,0.00000000,0.00000000,0.05674301,0.00151312,0.03116552,0.01356887,0.06060958,0.01894704,0.75736171,0.00000000,0.02459033,0.00576591,0.00000000,0.00000000,0.00224768,0.00000000,0.00000000,0.09772609,0.00000000,0.02139270,0.00227431,0.07248554,0.00000000,0.04745352,0.05379607,0.00973476,0.00000000,0.23791194,0.02939556,0.00059034,0.00000000,0.00453628,0.01650847,0.01384052,0.02164204,0.00000000,0.00504095,0.12685481,0.01583803,0.00077576,0.01166606,0.00000000,0.00000000,0.00000000,0.00000000,0.07977592,0.03068601,0.00831511,0.01479680,0.13133192,0.02882344,0.08406773,0.03243579,0.00000000,0.01925877,0.02374846,0.03905604,0.03417883,0.05935345,0.02142530,0.00000000,0.01979873,0.00048761,0.00858887,0.05806769,0.00000000,0.00000000,0.00501956,0.00331970,0.09083214,0.17544772,0.00000000,0.00000000,0.00000000,0.00000000,0.00622574,0.00000000,0.03426126,0.00000000,0.01449331,0.00468245,0.00474561,0.00248078,0.00471271,0.00000000,0.03103174,0.24324982,0.04105016,0.02654737,0.01634203,0.13669102,0.01629367,0.00000000,0.00356899,0.00000000,0.00000000,0.10283367,0.21995081,0.00522886,0.00000000,0.00988945,0.01474417,0.00000000,0.00000000,0.00000000,0.02643695,0.00000000,0.04790689,0.10465911,0.00000000,0.00364977,0.00620428,0.00000000,0.01779951,0.00000000,0.00107605,0.02889298,0.00000000,0.00033687,0.00000000,0.00176244,0.00000000,0.03529051,0.03312997,0.00000000,0.00534423,0.06715239,0.00000000,0.09160109,0.00003624,0.01276138,0.05525778,0.00455175,0.00000000,0.00210960,0.00989379,0.00000000,0.12609164,0.01688739,0.00000000,0.00292435,0.00570032,0.00000000,0.00014106,0.00051873,0.11047254,0.00000000,0.00000000,0.00000000,0.03830320,0.00000000,0.06791846,0.01221567,0.08830600,0.00066395,0.04022291,0.00663604,0.00769980,0.00000000,0.03884670,0.00171166,0.13091329,0.00000000,0.00000000,0.00000000,0.02779249,0.00190478,0.00093121,0.00000000,0.00527544,0.02879361,0.00000000,0.03942218,0.13648283,0.00000000,0.01216602,0.01017812,0.04015178,0.00289859,0.00000000,0.00094846,0.00267983,0.00000000,0.02127327,0.00000000,0.00000000,0.00801090,0.00792553,0.09965649,0.00637996,0.00000000,0.00000000,0.00000000,0.00000000,0.00000000,0.00000000,0.00000000,0.00000000,0.01810868,0.14974101,0.02948491,0.07522552,0.00000000,0.00000000,0.00571771,0.00000000,0.01690022,0.00163729,0.00319422,0.19361724,0.03276449,0.19287451,0.00000000,0.01601355,0.00203099,0.00547930,0.00889001,0.00000000,0.00063570,0.00000000,0.00000000,0.00165566,0.01823449,0.00000000,0.04803683,0.00000000,0.12855704,0.05695714,0.00270325,0.03379973,0.03187835,0.01736362,0.00000000,0.05933291,0.00298980,0.00000000,0.00000000,0.02887120,0.02572801,0.00000000,0.00191500,0.15464157,0.00010920,0.15888871,0.00060639,0.00000000,0.00000000,0.00000000,0.00191333,0.06647909,0.00312615,0.02371870,0.04199420,0.00000000,0.00000000,0.01529784,0.03694623,0.00000000,0.01141373,0.00049050,0.02306451,0.02287675,0.05867187,0.14584096,0.03940803,0.03953883,0.07726477,0.00034052,0.00000000,0.00128040,0.03033946,0.00051206,0.00000000,0.00413017,0.00000000,0.00000000,0.00611625,0.00933534,0.00000000,0.21706127,0.00000000,0.00250458,0.00000000,0.06152728,0.00020753,0.05393296,0.00000000,0.01124829,0.02671828,0.00000000,0.00000000,0.01194018,0.03214029,0.01845936,0.00543604,0.08853151,0.00646724,0.05255060,0.15699176,0.03870235,0.01178673,0.04985932,0.00317940,0.00431173,0.02445316,0.03574678,0.00000000,0.00000000,0.01891253,0.00000000,0.21741761,0.00000000,0.00000000,0.00000000,0.03738903,0.00962160,0.00000000,0.00000000,0.01730393,0.00884883,0.04097204,0.13138455,0.00000000,0.00000000,0.00000000,0.00712224,0.02439417,0.00140428,0.00632865,0.00718723,0.00417959,0.03840824,0.12622210,0.00016740,0.00000000,0.00000000,0.00000000,0.00114326,0.03660373,0.01325572,0.00000000,0.00000000,0.01294911,0.00923846,0.03284341,0.00000000,0.05005074,0.00000000,0.00355350,0.00993719,0.00000000,0.00079066,0.00000000,0.06211707,0.03280692,0.00000000,0.00000000,0.02105921,0.00000000,0.00000000,0.11819813,0.00836194,0.00000000,0.00068746,0.00037780,0.04231364,0.00000000,0.00196429,0.00895381,0.00000000,0.00000000,0.00900684,0.00608583,0.00443926,0.00000000,0.00214095,0.09101122,0.01352523,0.00000000,0.03031633,0.00000000,0.04987317,0.00000000,0.01189650,0.04516800,0.00000000,0.00000000,0.00000000,0.21585812,0.00000000,0.00000000,0.01219673,0.17666696,0.01694945,0.00000000,0.00000000,0.00977281,0.14440978,0.00000000,0.08832940,0.06998873,0.00000000,0.04612087,0.04114612,0.00000000,0.00597337,0.00000000,0.03503647,0.00412511,0.00866900,0.00000000,0.00000000,0.03169035,0.11763422,0.00090064,0.02342157,0.00901340,0.00000000,0.00000000,0.01454664,0.00000000,0.00721305,0.00000000,0.11541490,0.05525874,0.09983837,0.00492354,0.03243945,0.00000000,0.00000000,0.01799946,0.00579206,0.00478070,0.00000000,0.00000000,0.00000000,0.10163753,0.03086284,0.00000000,0.57948577,0.00000000,0.06358443,0.00890729,0.12791096,0.00000000,0.00000000,0.00000000,0.02404066,0.02879264,0.00097218,0.07821778,0.04543922,0.07616568,0.00000000,0.00072453,0.00000000,0.09498116,0.00000000,0.05664409,0.00000000,0.04236348,0.00000000,0.00000000,0.00000000,0.00557382,0.06910802,0.05903251,0.00000000,0.00000000,0.00180926,0.06648099,0.06042357,0.00145857,0.00033422,0.01384286,0.00043489,0.06085053,0.00000000,0.11790815,0.00884321,0.04026067,0.00111036,0.00000000,0.00000000,0.00639506,0.03627690,0.00503146,0.00960470,0.00000000,0.00000000,0.00000000,0.00703443,0.02290942,0.24707228,0.00000000,0.00000000,0.18295422,0.00000000,0.00977130,0.01717896,0.01372308,0.00000000,0.02351927,0.01241718,0.00000000,0.00000000,0.00006572,0.02908629,0.01683737,0.15822600,0.00000000,0.00061874,0.00000000,0.00000000,0.03341996,0.05364618,0.00063887,0.00192088,0.02161510,0.00070392,0.00000000,0.00000000,0.11555241,0.20044862,0.00969845,0.00000000,0.00300683,0.12687773,0.00232502,0.01102240,0.00000000,0.07348173,0.00000000,0.00000000,0.06784270,0.00489319,0.12004865,0.00000000,0.02861143,0.02331396,0.00000000,0.00287104,0.03121209,0.00000000,0.26861429,0.00300850,0.00000000,0.00000000,0.00000000,0.00000000,0.00864501,0.00000000,0.00000000,0.00930088,0.00064085,0.00000000,0.01997323,0.24321985,0.01026303,0.00966227,0.04917694,0.00000000,0.05042191,0.09697565,0.01337522,0.00000000,0.00412636,0.00046242,0.04188328,0.05267980,0.03195503,0.06718972,0.00221807,0.00841353,0.00000000,0.00000000,0.00188259,0.08733720,0.00766646,0.00648214,0.17650339,0.00000000,0.04352172,0.00000000,0.00000000,0.00548985,0.01381579,0.02194969,0.00833787,0.05465201,0.01631981,0.04300505,0.00706225,0.00000000,0.14198725,0.00000000,0.00000000,0.01775943,0.00000000,0.00632341,0.00000000,0.00000000,0.00000000,0.02344998,0.00000000,0.00293694,0.00000000,0.00512966,0.00000000,0.00000000,0.03191202,0.02323327,0.06003714,0.00000000,0.00000000,0.00315775,0.02011143,0.07799146,0.14749677,0.00339157,0.05216205,0.00000000,0.00000000,0.00737115,0.01194685,0.03497439,0.00000000,0.00000000,0.00000000,0.15760092,0.00000000,0.00000000,0.00000000,0.00000000,0.00209855,0.01076084,0.00000000,0.00434613,0.00231844,0.00237134,0.00000000,0.02044818,0.00000000,0.00000000,0.00611738,0.00038450,0.01873039,0.00004009,0.77202660,0.04099480,0.01434969,0.02139675,0.00609883,0.00000000,0.17013729,0.00078684,0.00027903,0.00000000,0.13538152,0.00000000,0.00000000,0.01700963,0.00404030,0.00000000,0.01695092,0.00035726,0.00000000,0.03228694,0.00092596,0.00159235,0.01189255,0.00000000,0.01693830,0.00196851,0.00000000,0.17602006,0.00061543,0.15229568,0.00520700,0.12949671,0.16418789,0.08446996,0.11245377,0.00409059,0.06547134,0.06043612,0.00000000,0.03918029,0.00183904,0.00000000,0.00024070,0.03466434,0.01793470,0.00000000,0.00119682,0.01347946,0.02772687,0.00000000,0.01207768,0.00000000,0.00000000,0.00000000,0.05156755,0.00000000,0.01050900,0.12441317,0.28399521,0.36797282,0.00000000,0.05884761,0.00000000,0.00000000,0.00000000,0.03007807,0.01301770,0.03344049,0.10192484,0.00224409,0.02340274,0.00000000,0.00634162,0.10267761,0.00000000,0.10280374,0.04775179,0.15727434,0.00391867,0.01326211,0.00000000,0.02443585,0.00000000,0.00015963,0.00771488,0.00000000,0.00000000,0.00950210,0.00943000,0.01210555,0.05888538,0.00804872,0.00000000,0.00445397,0.00000000,0.01001196,0.00300995,0.00000000,0.00000000,0.00000000,0.00000000,0.01262795,0.16073139,0.00000000,0.00000000,0.01969845,0.06903619,0.00000000,0.01445460,0.12510258,0.01159727,0.00000000,0.00000000,0.02031052,0.00072580,0.00000000,0.02646038,0.00000000,0.01661339,0.00000000,0.00000000,0.03475114,0.02585451,0.00956927,0.04877620,0.01083945,0.00249361,0.00996176,0.00000000,0.00000000,0.00143619,0.00000000,0.08569721,0.00000000,0.00000000,0.49249595,0.07210714,0.00000000,0.00000000,0.02412824,0.01206407,0.00000000,0.00000000,0.00297526,0.00399730,0.00000000,0.04018777,0.07081597,0.00818596,0.04823242,0.00000000,0.00000000,0.00000000,0.00000000,0.00149539,0.00071636,0.03351815,0.00000000,0.00000000,0.06454889,0.00000000,0.00169425,0.00000000,0.00000000,0.08270310,0.09829136,0.00014844,0.00239445,0.00504918,0.01515249,0.00000000,0.00000000,0.04004223,0.00000000,0.02036555,0.00000000,0.00000000,0.06944371,0.00000000,0.00000000,0.05444257,0.00000000,0.00000000,0.00000000,0.09916990,0.47637713,0.02689707,0.08134828,0.03973729,0.00122024,0.01289081,0.00408313,0.00000000,0.05801882,0.02518432,0.01283367,0.03738464,0.00518084,0.57193112,0.01289547,0.01351047,0.00000000,0.00286846,0.00000000,0.00000000,0.06904504,0.04933226,0.00249486,0.00000000,0.02882547,0.08154700,0.00000000,0.12815116,0.00000000,0.06453042,0.00000000,0.09790138,0.01376216,0.01689390,0.10846035,0.00000000,0.00755387,0.00000000,0.00000000,0.00000000,0.00000000,0.00000000,0.00000000,0.00671796,0.00089874,0.00021463,0.00568880,0.00000000,0.00921227,0.00298497,0.00189098,0.00000000,0.04486750,0.02398295,0.05538077,0.00000000,0.01379981,0.33394563,0.12116855,0.01211076,0.00000000,0.00000000,0.00462823,0.01346546,0.00000000,0.00000000,0.00141217,0.00042967,0.00000000,0.00000000,0.00000000,0.33140457,0.01803791,0.02397475,0.00910432,0.03373787,0.02753937,0.23886280,0.00096247,0.02922233,0.20327954,0.00761293,0.09135644,0.00000000,0.02572422,0.02527445,0.00250761,0.00314205,0.12357301,0.00000000,0.01811839,0.00000000,0.04288522,0.04201801,0.00000000,0.00000000,0.00334217,0.00152028,0.00000000,0.07525562,0.00000000,0.00000000,0.00000000,0.00000000,0.00000000,0.04506702,0.00000000,0.00000000,0.01999965,0.00000000,0.00000000,0.00000000,0.00094686,0.00000000,0.00000000,0.00000000,0.00000000,0.00000000,0.00000000,0.02546523,0.00000000,0.00827574,0.13002352,0.00161217,0.00148278,0.00000000,0.20294756,0.00000000,0.04706834,0.00000000,0.01622757,0.00000000,0.17570058,0.01997849,0.00602380,0.00000000,0.00000000,0.01151356,0.00000000,0.24082403,0.00000000,0.02242659,0.62212729,0.07590394,0.03088668,0.00813566,0.14877973,0.00186066,0.00000000,0.00000000,0.00000000,0.10089424,0.00516316,0.00000000,0.00000000,0.03024742,0.15554313,0.00000000,0.02781665,0.00000000,0.00000000,0.09378751,0.02279023,0.00000000,0.01387808,0.00332030,0.00012732,0.00000000,0.01195099,0.00000000,0.11336102,0.01048553,0.01583478,0.00000000,0.00000000,0.02771042,0.00000000,0.00207581,0.00000000,0.01808226,0.00000000,0.02555299,0.12940028,0.00000000,0.00000000,0.00000000,0.06073821,0.06187685,0.03422808,0.00000000,0.02159975,0.00000000,0.12723739,0.17138723,0.00000000,0.02395614,0.04498576,0.00466435,0.10869031,0.10733741,0.40224215,0.00583294,0.00020621,0.00000000,0.06979005,0.00525108,0.00406873,0.00000000,0.01263924,0.02972001,0.00000000,0.00382712,0.00000000,0.00000000,0.00749564,0.00000000,0.00000000,0.00000000,0.00000000,0.00000000,0.00214888,0.00000000,0.03224352,0.02890646,0.02119671,0.00298358,0.00171316,0.34881440,0.00000000,0.00000000,0.06811637,0.00000000,0.00000000,0.00000000,0.00000000,0.04061976,0.04664456,0.00186347,0.03836316,0.00357599,0.00551282,0.00000000,0.12123559,0.08276892,0.00515643,0.01818145,0.01758193,0.00000000,0.07665530,0.00168800,0.00252192,0.00000000,0.00024169,0.00000000,0.03167473,0.05594750,0.01679937,0.00736551,0.00054987,0.00000000,0.00000000,0.00263650,0.00024867,0.00000000,0.00706821,0.00000000,0.11005040,0.00000000,0.03383213,0.00000000,0.00000000,0.04871834,0.00000000,0.15748186,0.00000000,0.03086101,0.13231938,0.00922581,0.10746710,0.00359791,0.01563272,0.00000000,0.28667128,0.00000000,0.03225366,0.00482282,0.01424784,0.00000000,0.02265183,0.05510848,0.09036398,0.00016043,0.00088825,0.00000000,0.00000000,0.02818630,0.00000000,0.00000000,0.00000000,0.00000000,0.01710937,0.03230688,0.00601064,0.00818687,0.04158989,0.00000000,0.00000000,0.00306518,0.02153629,0.00265612,0.00000000,0.00000000,0.00036475,0.04381903,0.09259632,0.00951981,0.00303145,0.00000000,0.13466047,0.06628956,0.01131897,0.09824951,0.13035209,0.00000000,0.07178860,0.00536557,0.03501737,0.10395084,0.00000000,0.01644016,0.03737400,0.02128118,0.00000000,0.31335649,0.00000000,0.00025381,0.00384284,0.00363142,0.00279155,0.00055804,0.01933937,0.01017312,0.00000000,0.00017289,0.00000000,0.00953201,0.12134441,0.00000000,0.00000000,0.02183830,0.00441854,0.01297108,0.03987159,0.00000000,0.00000000,0.00847499,0.00443100,0.00000000,0.00862684,0.13934775,0.01136332,0.00698363,0.00606704,0.00000000,0.00344651,0.00000000,0.00098668,0.08403880,0.00000000,0.15176345,0.04010453,0.00000000,0.00000000,0.32471871,0.00200662,0.00000000,0.00037298,0.00000000,0.01372233,0.00399489,0.03506686,0.03452936,0.01598390,0.01039304,0.00588590,0.00000000,0.06672607,0.00681723,0.02577250,0.00000000,0.00000000,0.07864520,0.00826253,0.00391886,0.01397494,0.00394085,0.01448319,0.00000000,0.00000000,0.08834790,0.00286367,0.01563851,0.00000000,0.16666029,0.01149744,0.04766000,0.09468226,0.00000000,0.00000000,0.00000000,0.10253964,0.00000000,0.35553274,0.00000000,0.00570787,0.00000000,0.01868504,0.00255071,0.03592224,0.00000000,0.00000000,0.05669340,0.00360616,0.03633228,0.00000000,0.04217171,0.00000000,0.01469297,0.00966464,0.01010129,0.02422280,0.28883502,0.16491926,0.00000000,0.00000000,0.03278751,0.00211574,0.00061563,0.00276262,0.05958517,0.00000000,0.00000000,0.00000000,0.00000000,0.00000000,0.00000000,0.02936165,0.04166097,0.03998930,0.12376937,0.03887415,0.01569796,0.00000000,0.00000000,0.14603052,0.04926251,0.00495724,0.00000000,0.03940224,0.00000000,0.00672004,0.00300429,0.00118738,0.00101603,0.00000000,0.00000000,0.06047061,0.00407347,0.00866653,0.02753823,0.01270645,0.00000000,0.04701757,0.01837346,0.01945110,0.00000000,0.00000000,0.13821553,0.00000000,0.00000000,0.00302019,0.00000000,0.00000000,0.01496781,0.00428359,0.01225580,0.00000000,0.00016959,0.00000000,0.34508798,0.03935570,0.00570710,0.00000000,0.00000000,0.00035862,0.21926354,0.11405092,0.00148929,0.00039259,0.16826168,0.00375480,0.00015540,0.00575424,0.00218668,0.00004968,0.01652279,0.07169185,0.01406493,0.00140423,0.00268271,0.00000000,0.00162517,0.00000000,0.05407188,0.04264466,0.00000000,0.11352163,0.02388945,0.00408589,0.08257200,0.00942530,0.00000000,0.00920514,0.00000000,0.00041654,0.00000000,0.02944785,0.00149107,0.00000000,0.09422001,0.00227809,0.00020497,0.00000000,0.00000000,0.00000000,0.02984818,0.00635612,0.04718545,0.00000000,0.00000000,0.01811483,0.02026714,0.00000000,0.01832715,0.00311327,0.00107382,0.02197734,0.02668266,0.02905142,0.00000000,0.17049022,0.00000000,0.07748477,0.00000000,0.00300707,0.00000000,0.00411661,0.00471657,0.06519487,0.00000000,0.00436134,0.03772574,0.00132139,0.00000000,0.00600877,0.00000000,0.23179360,0.00000000,0.00000000,0.00000000,0.00658662,0.00000000,0.00000000,0.14043096,0.03371947,0.00017285,0.02083099,0.01467939,0.00000000,0.00212534,0.00000000,0.00319177,0.00457495,0.02233948,0.00000000,0.00000000,0.26454708,0.00000000,0.00000000,0.00000000,0.01515782,0.00257016,0.08845991,0.10833663,0.00000000,0.01411941,0.00286705,0.00170653,0.00178087,0.00907855,0.00525016,0.00000000,0.00422617,0.00000000,0.01118154,0.01548994,0.00000000,0.00000000,0.01001195,0.26879796,0.00000000,0.06559762,0.04753399,0.00000000,0.00000000,0.00000000,0.00000000,0.00000000,0.01222090,0.00000000,0.00000000,0.00095261,0.00000000,0.01856158,0.16917396,0.00295788,0.00078147,0.16888291,0.18725291,0.01256753,0.00047722,0.00000000,0.00892382,0.01198075,0.00000000,0.06907488,0.00484314,0.02361674,0.02600065,0.00003522,0.00000000,0.00000000,0.05481837,0.01018000,0.07296869,0.00000000,0.00000000,0.00000000,0.00000000,0.01445523,0.01292651,0.00982540,0.00000000,0.02076987,0.00000000,0.00130391,0.01527498,0.01284284,0.00000000,0.00000000,0.13016903,0.00124227,0.03203423,0.01464932,0.00260245,0.00934281,0.11486730,0.00000000,0.00199562,0.00000000,0.00233469,0.00000000,0.04351061,0.00000000,0.00000000,0.00000000,0.00040337,0.02303760,0.00000000,0.00000000,0.01442982,0.03869230,0.00000000,0.00000000,0.00000000,0.00052337,0.00000000,0.00000000,0.00000000,0.00000000,0.05149747,0.00000000,0.00000000,0.00000000,0.00000000,0.00619496,0.00558295,0.00450647,0.00777785,0.00000000,0.02127620,0.00000000,0.04368044,0.01002474,0.28655165,0.03640709,0.21137156,0.02749540,0.05216048,0.01166475,0.00000000,0.00000000,0.00024611,0.07654869,0.00000000,0.00147175,0.00167557,0.03941704,0.02025821,0.12835513,0.00000000,0.01596415,0.01602046,0.02254599,0.00000000,0.00000000,0.00118832,0.00000000,0.02288159,0.00000000,0.00000000,0.00352695,0.01019281,0.00000000,0.00000000,0.00000000,0.00312102,0.00000000,0.00000000,0.01629258,0.00000000,0.01378551,0.00000000,0.08013306,0.00000000,0.00149567,0.00723160,0.00000000,0.07424963,0.00000000,0.00973294,0.02424522,0.00000000,0.03282852,0.01072046,0.01414090,0.05974853,0.00000000,0.00000000,0.55728257,0.00000000,0.00711809,0.00130919,0.00000000,0.00153271,0.21494740,0.02989220,0.00859173,0.00566438,0.01437080,0.00461825,0.07648680,0.00000000,0.02298662,0.00000000,0.21310332,0.05667298,0.00000000,0.00314182,0.13532460,0.00000000,0.00000000,0.00000000,0.00000000,0.01995109,0.00230646,0.12096068,0.00378870,0.05140717,0.00010117,0.00000000,0.23603393,0.10352350,0.00000000,0.00000000,0.00000000,0.03174584,0.00439275,0.26964331,0.02174352,0.11237162,0.00016749,0.00000000,0.00000000,0.00148011,0.00138527,0.01933087,0.00853122,0.00119462,0.00000000,0.07017025,0.00198137,0.03703991,0.00000000,0.00000000,0.00000000,0.04792474,0.00000000,0.00000000,0.03881141,0.02587764,0.01250547,0.02692075,0.00213654,0.04148464,0.00000000,0.00000000,0.00610765,0.00527451,0.00000000,0.03440528,0.00000000,0.01223426,0.02526495,0.01731320,0.20532945,0.00197357,0.05527167,0.00000000,0.00000000,0.04780313,0.00000000,0.00000000,0.00000000,0.00000000,0.02626829,0.00000000,0.01157442,0.00152370,0.02004842,0.00000000,0.00000000,0.00000000,0.00387323,0.31532395,0.00000000,0.00702367,0.00256337,0.00116857,0.03199324,0.00242002,0.24971364,0.00000000,0.04182010,0.15646325,0.01919026,0.00082430,0.08819655,0.04017694,0.01074324,0.00329583,0.11974984,0.00000000,0.00878692,0.00000000,0.01706449,0.01990519,0.02299065,0.00000000,0.00000000,0.00000000,0.01081144,0.07550504,0.03009251,0.00000000,0.00173700,0.00000000,0.03103319,0.00699153,0.00000000,0.00042818,0.00885822,0.01788634,0.00129113,0.00000000,0.10403034,0.02522659,0.01225224,0.00000000,0.00000000,0.12615561,0.03797437,0.00000000,0.19932459,0.00121945,0.00000000,0.07240426,0.00000000,0.00000000,0.07529368,0.00110299,0.00000000,0.00000000,0.08425517,0.00000000,0.05909789,0.00000000,0.01852892,0.00000000,0.03433701,0.00000000,0.10092925,0.00752787,0.02595085,0.00765835,0.00000000,0.00000000,0.01824369,0.01038107,0.00122384,0.00263482,0.04696520,0.00650665,0.00276046,0.00000000,0.01848057,0.04673231,0.01922588,0.00000000,0.02828293,0.00000000,0.00091745,0.00000000,0.00000000,0.06398143,0.00000000,0.04436538,0.10333446,0.26293600,0.00000000,0.00000000,0.00000000,0.06879058,0.03109910,0.00000000,0.04463029,0.01722809,0.00000000,0.00446006,0.00000000,0.01580922,0.00000000,0.00993472,0.00098203,0.00000000,0.00756495,0.02029667,0.00000000,0.00000000,0.00000000,0.07184765,0.00000000,0.00583198,0.00000000,0.19772227,0.04054548,0.03923804,0.00000000,0.00277555,0.00000000,0.01151247,0.00000000,0.00000000,0.07061233,0.00020312,0.01483620,0.00281293,0.01580816,0.03132224,0.00726028,0.01440168,0.01332708,0.00000000,0.02186321,0.00000000,0.01380638,0.03412078,0.00000000,0.13039821,0.00524383,0.03919378,0.00043505,0.00025192,0.00000000,0.01226818,0.01734348,0.05081126,0.00000000,0.02474884,0.01110857,0.00000000,0.04354145,0.00000000,0.25063097,0.02519749,0.00000000,0.00473073,0.00080446,0.04007040,0.00369666,0.00000000,0.02548242,0.00000000,0.20188662,0.00000000,0.00866752,0.03632367,0.01232094,0.00000000,0.02163342,0.00000000,0.30856144,0.00000000,0.08642876,0.10994291,0.00000000,0.00000000,0.00121784,0.00000000,0.02764178,0.01350394,0.00000000,0.04301517,0.01899427,0.25000998,0.00000000,0.00215266,0.02959379,0.00505619,0.00498749,0.00000000,0.00196703,0.00167421,0.15815631,0.01145908,0.00000000,0.00000000,0.00000000,0.01687528,0.00000000,0.29418126,0.00301197,0.10118599,0.01693705,0.00000000,0.15544036,0.02882068,0.00000000,0.00000000,0.00306992,0.00000000,0.04647816,0.00000000,0.00251861,0.00000000,0.00000000,0.04405145,0.04299541,0.00486190,0.00298801,0.00000000,0.00000000,0.00092602,0.00000000,0.03026413,0.00000000,0.00000000,0.01480927,0.05587827,0.01358178,0.07191986,0.00063472,0.00000000,0.12192880,0.01211541,0.00000000,0.03909174,0.00000000,0.00586409,0.00000000,0.03120569
6101,data/pair/6101/RHEED/30 min GaSb-1.MOV,manifest_specified_rheed_path,30.130000,903,8,0.01366596,0.02210534,0.22030038,0.00000000,0.00006433,0.00020436,0.01324739,0.00051346,0.02527682,0.00217253,0.01922573,0.03176414,0.00000000,0.00160372,0.12670183,0.06665763,0.00001623,0.00069048,0.00000000,0.00031157,0.00000000,0.00000000,0.02135610,0.00106802,0.00121192,0.00442243,0.00252648,0.40280589,0.00000000,0.00250130,0.05587299,0.09342158,0.81858540,0.00038979,0.00000000,0.20047177,0.00000000,0.00000000,0.06119536,0.00000000,0.00000000,0.03111941,0.06160754,0.00000000,0.07256617,0.00000000,0.16904694,0.00000000,0.00000000,0.00006511,0.00000000,0.00197759,0.08569402,0.00000000,0.00337953,0.03070563,0.00000000,0.01118406,0.00000000,0.12407321,0.53236634,0.00000000,0.00000000,0.00320645,0.00000000,0.00000000,0.01348946,0.01755452,0.00021090,0.00057570,0.00183648,0.00000000,0.05456384,0.00000000,0.00000000,0.34077394,0.00612754,0.00000000,0.11943929,0.00177396,0.00466803,0.03229817,0.02560211,0.00000000,0.00000000,0.42608744,0.00000000,0.00218396,0.00132874,0.00223500,0.10474953,0.18513712,0.08951695,0.00219717,0.15632068,0.00000000,0.01486259,0.00267192,0.10483938,0.00000000,0.00000000,0.11390772,0.42020968,0.00000000,0.00000000,0.00000000,0.00000000,0.06672167,0.00000000,0.00000000,0.00021617,0.00145626,0.32613125,0.68206704,0.00000000,0.00159801,0.01370891,0.00646316,0.12667717,0.01486866,0.00138208,0.20654318,2.05547237,0.00000000,0.00000000,0.00075706,0.00969351,0.00000000,0.00115736,0.00000000,0.00000000,0.36359903,0.00000000,0.01103331,0.00000000,0.00000000,0.00000000,0.07345012,0.37360668,0.00654215,0.00000000,0.33666635,0.00231747,0.00000000,0.00648101,0.02072076,0.00000000,0.06863388,0.02105321,0.00000000,0.00000000,0.15477996,0.00000000,0.00047876,0.00240734,0.00035883,0.00000000,0.00759081,0.00000000,0.20865037,0.02891036,0.00000000,0.32537943,1.74740624,0.17039734,0.03301637,0.08886462,0.00109527,0.06956707,0.01345580,0.03944233,0.01308460,0.07751442,0.00264001,0.00000000,0.01372563,0.00000000,0.00052959,0.00992670,0.00000000,0.00000000,0.01502028,0.00000000,0.39246681,0.19959769,0.00329568,0.05154814,0.00000000,0.00000000,0.00859214,0.03187146,0.05468575,0.00000000,0.00508530,0.00674450,0.00273305,0.00000000,0.00000000,0.00000000,0.03726122,0.06519908,0.08624570,0.03268841,0.02365417,0.54118067,0.38773113,0.00023281,0.01786615,0.00000000,0.00000000,0.44012424,0.99311078,0.00370941,0.00000000,0.08600567,0.06282880,0.00202032,0.00811109,0.00621838,0.15526082,0.00000000,0.01085201,0.12412781,0.03510371,0.00000000,0.00145238,0.00000000,0.00630772,0.00000000,0.00027027,0.25009009,0.00544446,0.00691798,0.00000000,0.00000000,0.00000000,0.05118294,0.00655083,0.00022826,0.02800003,0.02616908,0.00000000,0.47308969,0.00000000,0.00000000,0.02598540,0.00364195,0.00000000,0.00329107,0.00000000,0.00019600,0.03436445,0.00000000,0.00519338,0.05529170,0.00000000,0.00000000,0.00776608,0.00282560,0.15264937,0.00038414,0.00000000,0.00415958,0.74408019,0.00000000,0.05664284,0.04492541,0.67079294,0.00931761,0.05667593,0.01639279,0.00001838,0.00120282,0.01705608,0.00798880,0.10633649,0.00000000,0.00000000,0.00000000,0.00580032,0.00000000,0.00401063,0.00000000,0.00014559,0.00000000,0.00000000,0.18725280,0.36059082,0.00000000,0.01973291,0.02370789,0.00064002,0.00000000,0.00000000,0.00097104,0.00057613,0.00000000,0.00637870,0.00000000,0.00023168,0.00000000,0.00000000,0.25361320,0.10589047,0.00000000,0.01955894,0.00000000,0.00052840,0.00967880,0.04821734,0.00000000,0.00252806,0.05358232,0.98573506,0.00275389,0.01356577,0.00000000,0.00000000,0.00007399,0.00090852,0.02670690,0.05103705,0.00040676,1.59103203,0.37408033,1.44636619,0.15244590,0.01515136,0.00164776,0.02631420,0.00925617,0.00000000,0.04251833,0.00000000,0.00000000,0.00016058,0.10877834,0.00057247,0.02287855,0.00004703,1.03140032,0.03313607,0.00000000,0.06083309,0.02271006,0.00822610,0.00764992,0.00970076,0.11654561,0.00000000,0.00291039,0.06389161,0.00095237,0.00000000,0.00204729,0.06586728,0.00000000,0.12258526,0.00000000,0.00000000,0.00000000,0.00000000,0.02283759,0.32784680,0.00067194,0.00000000,0.03507655,0.03331051,0.00000000,0.09617951,0.10861873,0.00000000,0.00095493,0.00000000,0.00071928,0.17033508,0.00307343,0.01883694,0.01863014,0.00000000,0.03894167,0.00000000,0.01230515,0.00347887,0.00000000,0.00008100,0.00000000,0.02860674,0.00000000,0.00000000,0.03525427,0.00007224,0.00000000,0.34353009,0.00000000,0.03288147,0.00000000,0.00780092,0.00419757,0.27224162,0.00000000,0.01130381,0.08532581,0.00024085,0.00000000,0.01247406,0.12882082,0.00000000,0.00138862,0.23402926,0.00000000,0.00373421,0.98623413,0.04224327,0.00496124,0.20098357,0.00074380,0.00000000,0.11755847,0.21986085,0.00000000,0.00000000,0.03058410,0.00013769,0.03902557,0.00108570,0.00000000,0.00000000,0.02564619,0.27348539,0.00000000,0.03950206,0.07638197,0.00119282,0.69148040,0.12369103,0.00510880,0.00000000,0.01228889,0.00940690,0.01003273,0.04374699,0.00321666,0.00933054,0.00000000,0.05838482,0.00276737,0.00000000,0.00000000,0.00000000,0.00000000,0.00007620,0.06199449,0.02737376,0.01270130,0.00000000,0.00564264,0.04362412,0.00533230,0.00000000,0.04703660,0.00000000,0.00100316,0.00353023,0.00000000,0.00000000,0.00000000,0.49026114,0.01401835,0.00505581,0.01934106,0.00312608,0.00000000,0.00330522,0.01044875,0.02623978,0.00000000,0.01218849,0.00144805,0.13651693,0.00000000,0.00000000,0.00361912,0.00000000,0.00000000,0.00000000,0.00097998,0.00051233,0.00000000,0.00403872,1.20958662,0.00000000,0.00000000,0.17782453,0.00000000,0.05367212,0.00000000,0.00370422,0.27764553,0.00054410,0.00000000,0.00000000,0.47542953,0.00000000,0.00000000,0.00090397,1.23473620,0.00404922,0.00000000,0.00000000,0.00034200,0.43545544,0.00075732,0.04418704,0.00000000,0.00027637,0.00389649,0.02028787,0.02206861,0.00154497,0.00000000,0.01438870,0.00000000,0.01905882,0.00143205,0.00757791,0.03039512,0.27700031,0.00000000,0.13146780,0.01632359,0.00000000,0.00000000,0.03205099,0.04240955,0.00282885,0.00000000,0.07012814,0.61906534,0.12360941,0.00000000,0.00000000,0.00000000,0.00000000,0.18060990,0.00000000,0.00000000,0.00000000,0.00000000,0.00000000,0.18343171,0.01446608,0.00000000,0.23223272,0.00000000,0.00215454,0.00000000,0.55022901,0.00000000,0.00000000,0.00173341,0.01810499,0.00724250,0.00000000,0.09850319,0.19745886,0.40016380,0.00043964,0.00772775,0.00000000,0.03846531,0.00000000,0.47876388,0.05023792,0.28687814,0.00863350,0.00000000,0.00942195,0.00000000,0.13146476,1.32778215,0.00000000,0.03082056,0.00000000,0.26026785,0.00530239,0.01613766,0.00000000,0.00508248,0.00000000,0.04102610,0.00000000,0.06901117,0.00114082,0.01749580,0.02809747,0.00184504,0.00000000,0.00034637,0.00313121,0.00000000,0.00000000,0.00000000,0.00000000,0.00000000,0.00305639,0.13493095,0.46425217,0.01924724,0.00000000,0.01354326,0.00338091,0.01181276,0.02184148,0.03309330,0.00000000,0.01201532,0.06959727,0.00000000,0.00000000,0.00000000,0.00097856,0.00727586,0.01642543,0.00000000,0.01214271,0.00000000,0.00338860,0.00477659,0.02338171,0.00000000,0.00090192,0.33323559,0.00148805,0.25934166,0.00082761,0.45110574,2.05340648,0.00000000,0.00000000,0.00288360,0.05026960,0.03477349,0.00306049,0.00841556,0.00000000,0.00023804,0.00000000,0.04474148,0.14106777,0.13203210,0.00000000,0.01198319,0.11732552,0.00856791,0.00151604,0.12908268,0.00000000,1.90240836,0.00000000,0.00133799,0.00049090,0.00040356,0.00335386,0.05795461,0.00207331,0.01014468,0.00233149,0.00000000,0.00117844,0.00670938,2.01991749,0.02736875,0.01169926,0.25872988,0.00000000,0.12408511,0.97610831,0.00000000,0.00568995,0.00000000,0.00144684,0.02584472,0.03274280,0.13583921,0.04978987,0.00000000,0.00664467,0.00030805,0.00029843,0.01645766,0.17602536,0.00008630,0.00000000,0.26378697,0.00000000,0.05100798,0.00000000,0.05286775,0.00016806,0.00000000,0.00167012,0.00209777,0.00118570,0.00482008,0.05823165,0.00466677,0.00173749,0.36290437,0.00000000,0.00012017,0.01767477,0.00000000,0.00982413,0.00199181,0.01113509,0.00000000,0.56751990,0.00000000,0.00425950,0.00015489,0.00120483,0.00000000,0.00379511,0.00475497,0.01880283,0.03050444,0.00032067,0.00132194,0.02629982,0.00153790,0.06813095,0.25334811,0.00000000,0.04755172,0.00000000,0.00040173,0.00000000,0.00323323,0.05052069,0.00000000,0.00000000,0.00708125,0.01846343,0.00054469,0.00000000,0.00000000,0.00004809,0.00000000,0.00528104,0.00000000,0.31976449,0.00000000,0.00636204,0.00000000,0.00000000,0.00000000,0.00238730,0.00291046,0.00000000,0.11736739,0.00152775,1.48956156,0.12279587,0.00000000,0.00064676,0.00042317,0.00000000,0.30253285,0.00197704,0.00577127,0.00046770,1.92732286,0.00000000,0.00261249,0.00000000,0.01256709,0.00000000,0.01525889,0.00000000,0.02713466,0.00843008,0.00000000,0.00086830,0.03954832,0.00124750,0.18444833,0.00000000,0.00000000,0.19560885,0.00183768,0.01925781,0.01014118,0.17905146,0.19908156,0.41320729,0.79513562,0.00047336,0.08109735,0.02068465,0.00418039,0.03014950,0.04261778,0.00000000,0.00114549,0.04580383,0.09083643,0.00000000,0.00000000,0.00574217,0.01949673,0.00251715,0.06764670,0.00051439,0.00000000,0.00224877,0.02869818,0.00000000,0.25803402,2.33532834,0.09593635,0.75093508,0.00000000,0.09238802,0.00472677,0.00000000,0.00000000,0.03355587,0.01854863,0.10165776,0.02925484,0.24066415,0.20177315,0.00000000,0.00146765,0.15484089,0.00111144,0.16997007,0.02017509,0.30843127,0.00000000,0.05515671,0.00060246,0.00640566,0.00000000,0.00000000,0.00167015,0.00495458,0.00000000,0.00298293,0.00148073,0.05073556,0.41855052,0.00227405,0.38274643,0.00000000,0.00329432,0.00068014,0.00051547,0.00000000,0.00000000,0.00218104,0.00000000,0.00129937,0.24907112,0.00042146,0.01120005,0.00736219,0.36747029,0.00153564,0.05608566,0.31119594,0.01046727,0.00000000,0.00000000,0.01863983,0.00018528,0.02361381,0.62241268,0.00000000,0.00425663,0.00000000,0.00000000,0.00920677,0.05100920,0.00262171,0.32750911,0.00140940,0.00000000,0.00337897,0.00000000,0.26347086,0.00000000,0.00301621,0.17739129,0.00000000,0.00000000,2.79342890,0.22362338,0.19552873,0.00123057,0.07489102,0.08828469,0.01623778,0.00318087,0.00000000,0.03085690,0.00000000,0.07354470,0.14957729,0.00648072,0.18285221,0.00000000,0.07606109,0.00501517,0.00000000,0.00007225,0.00000000,0.02118045,0.00100316,0.00011958,0.10016436,0.00689936,0.00192979,0.00000000,0.00068851,0.61081415,0.17826973,0.00950341,0.03539721,0.03071240,0.00819839,0.00000000,0.00532106,0.00230794,0.00000000,0.00905261,0.00000000,0.00000000,0.60487366,0.00000000,0.00478696,0.00092403,0.00000000,0.00000000,0.00001294,0.26592481,1.31259274,0.52042019,0.07291126,0.05403445,0.01320173,0.00000000,0.01146536,0.00000000,0.30999625,0.05890511,0.06765290,0.06278409,0.02487867,6.07788754,0.02024931,0.28005415,0.00125209,0.02746764,0.03509617,0.00000000,0.24574213,0.00277062,0.00000000,0.00000000,0.04894621,0.06890562,0.00000000,0.48996487,0.00000000,0.00960625,0.02666329,0.49513075,0.01734519,0.04162649,0.07420391,0.00000000,0.00484959,0.00000000,0.00000000,0.00000000,0.00000000,0.00000000,0.00000000,0.02413157,0.00322655,0.00027473,0.03634198,0.00000000,0.00010900,0.00059592,0.00357398,0.02533044,0.01211045,0.00868433,0.04690129,0.00000000,0.00106394,0.05905031,0.48028350,0.00245810,0.00905451,0.00000000,0.01040834,0.05413796,0.00000000,0.00022177,0.00000000,0.06779848,0.00000000,0.00134739,0.00000000,1.04570925,0.00119164,0.03293478,0.00000000,0.02027319,0.50019521,1.37552083,0.00148803,0.11923270,0.43447268,0.06847714,0.17457224,0.00000000,0.03911794,0.68073791,0.00000000,0.03623285,0.13963151,0.00000000,0.24010715,0.00000000,0.01660873,0.01118407,0.00000000,0.00000000,0.00000000,0.00103975,0.00000000,0.08429164,0.00646582,0.05433875,0.00000000,0.00001448,0.00035067,0.06922404,0.00000000,0.00000000,0.00137730,0.00000000,0.00000000,0.00000000,0.01008407,0.00000000,0.02709818,0.00000000,0.05207108,0.00000000,0.00000000,0.02048184,0.00000000,0.00316700,0.08449706,0.00122968,0.00000000,0.00000000,2.43289900,0.00000000,0.00097426,0.00000000,0.00467749,0.00000000,0.02681193,0.00370415,0.00601641,0.00000000,0.00055964,0.03883711,0.00000000,2.00917649,0.01444058,0.00069613,2.99942827,0.08882215,0.00712998,0.03675105,0.07539123,0.02340267,0.00000000,0.00000000,0.08552352,0.08300834,0.00000000,0.00000000,0.00000000,0.01461030,0.02021117,0.00000000,0.00000000,0.00000000,0.00000000,0.21949603,0.02105499,0.00429657,0.00724327,0.00435025,0.00000000,0.00000000,0.00000000,0.00070265,0.06589061,0.00229193,0.00152514,0.58781081,0.00207375,0.02401347,0.00000000,0.00000000,0.00000000,0.05741541,0.00000000,0.00570895,0.15914696,0.00356572,0.00000000,0.00000000,0.16103001,0.09014990,0.00075600,0.00075950,0.03639560,0.00082102,0.49601021,0.39775282,0.00000000,0.09036796,0.04238315,0.04026359,0.00566866,0.38800955,1.78232896,0.00528267,0.00004431,0.00000000,0.74511749,0.00045909,0.01473112,0.00003413,0.00029711,0.01518522,0.00000000,0.03239576,0.00000000,0.00000000,0.00000000,0.00000000,0.00001940,0.00000000,0.00000000,0.01878450,0.01816492,0.00717012,0.03073275,0.09934450,0.00034116,0.00000000,0.01422328,0.06309383,0.00000000,0.00000000,0.05710924,0.00473231,0.00000000,0.00000000,0.00000000,0.04995866,0.02846940,0.00106764,0.00910339,0.00000000,0.00000000,0.00153006,0.00033282,0.24316913,0.00000000,0.00632418,0.01235774,0.05068881,1.41981232,0.00087882,0.00000000,0.00079872,0.00440717,0.00576822,0.00000000,0.25016284,0.01083292,0.00085597,0.00000000,0.00000000,0.00457564,0.01099425,0.00124583,0.00000000,0.00462064,0.00000000,0.05348293,0.00235570,0.00434357,0.01021054,0.00170983,0.02533662,0.00000000,0.51146179,0.00000000,0.03406594,0.45347160,0.00111189,0.36598128,0.00215547,0.04603789,0.00000000,2.27444696,0.00011446,0.00800139,0.00333867,0.00914929,0.00000000,0.08468466,0.04404549,0.00185214,0.00000000,0.00094783,0.00000000,0.00000000,0.07856048,0.00987811,0.00124536,0.00262794,0.00092999,0.00019910,0.00000000,0.00000000,0.13481848,0.28916141,0.00040280,0.00064987,0.00000000,0.10890990,0.00025070,0.00418270,0.00000000,0.32243985,0.47551686,0.68771660,0.00000000,0.03660842,0.00128037,0.03073245,0.04837916,0.00048830,0.00100529,0.07835647,0.00691457,0.14316705,0.09195430,0.00000000,0.03008084,0.00000000,0.11681699,0.02831718,0.03656717,0.00040980,0.51094663,0.00127584,0.00000000,0.00000000,0.01991823,0.01862295,0.00387102,0.01718589,0.01334467,0.00000000,0.00000000,0.01052655,0.00207886,0.47670496,0.00712280,0.00000000,0.00000000,0.01250668,0.00000000,0.07566100,0.00000000,0.00000000,0.00066762,0.01001039,0.00000000,0.01382745,0.09407359,0.00065264,0.07999221,0.34558135,0.00000000,0.01553392,0.00000000,0.00000000,0.03318858,0.00000000,0.06469623,0.10324536,0.00000000,0.00000000,3.88733768,0.00476367,0.00000000,0.00694796,0.00000000,0.00589760,0.06838376,0.00161595,0.12433399,0.05196711,0.02676270,0.00081486,0.00000000,0.10030147,0.09279685,0.00031395,0.00329452,0.00000000,0.06642416,0.02618662,0.00875013,0.03412979,0.00000000,0.02320964,0.00000000,0.01309493,0.06707238,0.00000000,0.00000000,0.00000000,0.15062197,0.00000000,0.13582441,0.37367821,0.00000000,0.00000000,0.00000000,0.46293494,0.00000000,1.34329367,0.00066133,0.00000000,0.00119417,0.00247609,0.07940459,0.00036212,0.00000000,0.04903763,0.00408488,0.01338529,0.03555043,0.00000000,0.19950767,0.00000000,0.00142239,0.03825571,0.04918296,0.00000000,0.68087292,0.27875379,0.00000000,0.00000000,0.00105838,0.00000000,0.00019651,0.00000000,0.03393593,0.00000000,0.00000000,0.00000000,0.00000000,0.00122459,0.02215730,0.13079882,0.18874496,0.16391307,0.01859629,0.12990904,0.02209995,0.00000000,0.00000000,0.56564361,0.71719337,0.00000000,0.00000000,0.33543041,0.00000000,0.32936502,0.00000000,0.00000000,0.00000000,0.00000000,0.00000000,0.01314249,0.30214930,0.00475515,0.09666569,0.02044589,0.00326267,0.06270111,0.00445527,0.06359825,0.00000000,0.00000000,0.18077902,0.00000000,0.00000000,0.00187954,0.00000000,0.00091024,0.02289697,0.18956864,0.00809377,0.00115009,0.00000000,0.00013885,2.36865354,0.00000000,0.00486350,0.00000000,0.01620122,0.00000000,0.20853756,0.07744400,0.03060946,0.00000000,0.19291595,0.01104914,0.00577753,0.45939445,0.00000000,0.02854769,0.00000000,0.10119552,0.00331288,0.00079479,0.00550733,0.00034686,0.00000000,0.00000000,0.23293298,0.08885283,0.00000000,0.01034604,0.08492149,0.00000000,0.08891822,0.04749782,0.00000000,0.00728139,0.00000000,0.00000000,0.00000000,0.00556851,0.00822355,0.00000000,0.04294558,0.10642897,0.00059967,0.00000000,0.12768687,0.00000000,0.01301170,0.00028926,0.01962453,0.00000000,0.00000000,0.03936987,0.01274469,0.00000000,0.09918503,0.40243605,0.00000000,0.07765073,0.00000000,0.01358908,0.00000000,0.29808679,0.00000000,0.02679986,0.03381879,0.00000000,0.00253194,0.00045615,0.00000000,0.00158763,0.00005966,0.00343801,0.01029032,0.00000000,0.00000000,0.00435938,0.00228043,0.05860525,0.00000000,0.00000000,0.00000000,0.00899634,0.00338215,0.00654489,0.30655903,0.00606428,0.02264345,0.00217641,0.00000000,0.00000000,0.00000000,0.00000000,0.00000000,0.00203331,0.02425708,0.00000000,0.00000000,0.56322551,0.00982702,0.00000000,0.00000000,0.03694990,0.00095268,0.02019186,0.28725946,0.00000000,0.01766832,0.00521528,0.00043924,0.02577180,0.00086753,0.07560150,0.00076090,0.01048283,0.00000000,0.04613936,0.02257441,0.00000000,0.00000000,0.00000000,0.55237478,0.00000000,0.00095506,0.08677584,0.00000000,0.04522463,0.00000000,0.00000000,0.00000000,0.00000000,0.00000000,0.00000000,0.00000000,0.00000000,0.00096373,0.07812334,0.08970390,0.00000000,0.93070275,2.37947249,0.00064034,0.00000000,0.00000000,0.00127834,0.01859177,0.00000000,0.00421885,0.00015481,0.00135214,0.06234165,0.00000000,0.00055295,0.00000000,0.05298529,0.39433667,0.05695440,0.00090892,0.00647241,0.00000000,0.01635705,1.09065259,0.15248634,0.00053538,0.00010204,0.01165372,0.00008897,0.00510442,0.00477741,0.01582854,0.00037689,0.00000000,0.04662583,0.00257387,0.05692982,0.00170116,0.00000000,0.01181896,0.40473652,0.00097257,0.00000000,0.00000000,0.09198332,0.00303793,0.05615276,0.00000000,0.00000000,0.02148194,0.00158985,0.02410737,0.00140259,0.00000000,0.02999303,0.28053665,0.00000000,0.00000000,0.00000000,0.00045289,0.00000000,0.00000000,0.00000000,0.00000000,0.00000000,0.00000000,0.00000000,0.00000000,0.00000000,0.00939326,0.00151116,0.11162484,0.02195925,0.00000000,0.00515456,0.00001564,0.00561112,0.10156243,1.69361472,0.03042493,0.94382936,0.03103867,0.00000000,0.08479311,0.00000000,0.00028319,0.00000000,0.03348237,0.00000000,0.00902544,0.00071279,0.03777593,0.01894786,0.06542470,0.00000000,0.00224246,0.00422623,0.04549083,0.00119788,0.00000000,0.07611544,0.00000000,0.01979168,0.00000000,0.10083662,0.00386343,0.00955202,0.00000000,0.00031989,0.01010790,0.00036791,0.00681660,0.02324785,0.01730599,0.00000000,0.07681213,0.00000000,0.64866495,0.00000000,0.00000000,0.06749032,0.00000000,0.38981599,0.00000000,0.00245862,0.00339338,0.04888823,0.02678485,0.00044627,0.00000000,0.10833914,0.00000000,0.00000000,2.48861623,0.00000000,0.00671753,0.04137480,0.00837887,0.02222001,1.57060063,0.01435082,0.00506102,0.00009611,1.08272111,0.00000000,0.00908943,0.00000000,0.22911221,0.00000000,0.04551747,0.00719090,0.00000000,0.00000000,0.51570094,0.00000000,0.00000000,0.00000000,0.00000000,0.02471676,0.00196503,0.34442785,0.00334111,0.26823592,0.00000000,0.00031947,0.88975954,0.12727693,0.00000000,0.00092064,0.00000000,0.00911405,0.00007687,0.28428864,0.00884714,0.12131745,0.00243109,0.00000000,0.00423850,0.00070657,0.00000000,0.02921183,0.00523622,0.00000000,0.02094956,0.14177063,0.00753138,0.01304267,0.00234255,0.00000000,0.00830904,0.00044921,0.00000000,0.02446390,0.28432694,0.00000000,0.00091554,0.09133206,0.07407341,0.33609468,0.01056420,0.00000000,0.00247325,0.01975009,0.00000000,0.19380794,0.00000000,0.00000000,0.00500209,0.03312218,0.08240859,0.00022834,0.18945031,0.00146847,0.00000000,0.07008037,0.00000000,0.00000000,0.00000000,0.00000000,0.01407862,0.00000000,0.01445162,0.00275334,0.03156078,0.00015846,0.00000000,0.00000000,0.00000000,2.28255248,0.00011165,0.07075001,0.00053332,0.00039644,0.07768443,0.00115917,0.31137273,0.00000000,0.02425415,0.44160625,0.16229989,0.03870964,0.14141865,0.12699927,0.00013175,0.00175610,0.05391478,0.00000000,0.02188874,0.00001691,0.00069127,0.02940875,0.00397095,0.00002653,0.00000000,0.00059500,0.07520171,0.05188905,0.05971770,0.00000000,0.00337419,0.00000000,0.05858815,0.01232787,0.00000000,0.00220019,0.06085514,0.02293267,0.00000000,0.00535147,0.18109936,0.00407369,0.02496392,0.00000000,0.00000000,0.15623814,0.00395695,0.00295851,1.09204483,0.05630891,0.00000000,0.12836024,0.00000000,0.57511532,0.29152715,0.00000000,0.00000000,0.00000000,0.04077976,0.00020516,0.12096573,0.00080703,0.04552941,0.00000000,0.16038094,0.00000000,0.07151173,0.00000000,0.02373434,0.03457584,0.00000000,0.00000000,0.01082718,0.00682163,0.00802571,0.00095139,0.01048257,0.00000000,0.01345321,0.00000000,0.00024230,0.02476196,0.01747266,0.00000000,0.05341863,0.00000000,0.00292562,0.00000000,0.00000000,0.11250100,0.00000000,0.10663824,0.23272486,2.20701861,0.00000000,0.00144064,0.00000000,0.05886994,0.19325693,0.00000000,0.00372602,0.00509364,0.00000000,0.01510932,0.00000000,0.01238479,0.00000000,0.07099004,0.00000000,0.00515509,0.00364912,0.00613845,0.00000000,0.00132958,0.00000000,0.19904611,0.00000000,0.33381724,0.00274068,0.47664636,0.02644806,0.10001353,0.00046543,0.00320426,0.07056735,0.05320027,0.00000000,0.00000000,0.10451148,0.00037406,0.05286290,0.12608409,0.00116270,0.07956074,0.00319944,0.07441837,0.00000000,0.00246459,0.00000000,0.00000000,0.03166062,0.00276180,0.00000000,0.58300304,0.00741995,0.00079224,0.02332113,0.00000000,0.00062535,0.04903672,0.00111534,0.09266388,0.04416500,0.07037324,0.00498564,0.00036885,0.01669068,0.00066755,0.11939848,0.04953440,0.00000000,0.02209084,0.00037019,0.63496423,0.00672742,0.00000000,0.07674742,0.00417362,0.25179201,0.00000000,0.01033854,0.01895701,0.04208259,0.36594722,0.02002204,0.00000000,1.08512735,0.00000000,0.15675612,1.00849724,0.00096808,0.00000000,0.00525420,0.00000000,0.00283436,0.02495931,0.00000000,0.05952157,0.30418530,0.00181569,0.00026580,0.00215232,0.03130472,0.00097510,0.00000000,0.00147078,0.00000000,0.00772886,0.20991664,0.02608206,0.00015086,0.00000000,0.00000000,0.02706121,0.00599322,3.35149789,0.06337727,0.03112767,0.00894858,0.00068617,0.39959404,0.02293966,0.00000000,0.00000000,0.00000000,0.00000000,0.00296473,0.00179229,0.00000000,0.00000000,0.00087727,0.06046468,0.01044046,0.01311273,0.16080274,0.00306916,0.00000000,0.00054613,0.00000000,0.24393135,0.00738276,0.00136434,0.00175998,0.05275343,0.00000000,0.08699779,0.00000000,0.00000000,0.05980425,0.08023024,0.00000000,0.01188832,0.00000000,0.00814999,0.00214727,0.00289841,0.01347862,0.04024731,0.09354678,0.00000000,0.00017021,0.00054070,0.03504932,0.00135849,0.02976076,0.00574797,0.01639405,0.03888851,0.00000000,0.00240146,0.12347277,0.04543626,0.00004294,0.00182684,0.00000000,0.00044419,0.00000000,0.00000000,0.03624708,0.00181374,0.00320644,0.00711600,0.00668444,0.13305400,0.00000000,0.00661781,0.06749183,0.08694632,0.20745742,0.00103128,0.00000000,0.27850035,0.00000000,0.00000000,0.11761045,0.00000000,0.00000000,0.06767379,0.10759235,0.00000000,0.04943383,0.00000000,0.10309529,0.00000000,0.00000000,0.00017227,0.00000000,0.00268526,0.03620090,0.00000000,0.00762263,0.03184738,0.00000000,0.02008830,0.00000000,0.11897834,0.25321022,0.00000000,0.00000000,0.00591319,0.00000000,0.00000000,0.02225751,0.02426667,0.00055799,0.00152316,0.00324041,0.00000000,0.06816156,0.00000000,0.00000000,0.21475099,0.01621195,0.00000000,0.08317355,0.00469345,0.00662838,0.05077225,0.03972834,0.00000000,0.00000000,0.24687175,0.00000000,0.00468683,0.00225020,0.00591326,0.08058381,0.12377176,0.08405969,0.00382718,0.10285110,0.00000000,0.02412204,0.00463615,0.10211104,0.00000000,0.00000000,0.11471763,0.27905586,0.00000000,0.00000000,0.00000000,0.00000000,0.05634403,0.00000000,0.00000000,0.00057193,0.00290141,0.13729016,0.21133745,0.00000000,0.00286154,0.01951772,0.01631549,0.11729625,0.01981249,0.00365665,0.14461535,0.70097393,0.00000000,0.00000000,0.00139650,0.01366079,0.00000000,0.00306209,0.00000000,0.00000000,0.17335118,0.00000000,0.02235387,0.00000000,0.00000000,0.00000000,0.07470665,0.15112385,0.00912223,0.00000000,0.29161096,0.00383231,0.00000000,0.00712917,0.01477170,0.00000000,0.05635092,0.02727447,0.00000000,0.00000000,0.09227268,0.00000000,0.00126669,0.00353545,0.00094938,0.00000000,0.01005492,0.00000000,0.12624964,0.02830009,0.00000000,0.46940818,0.53342783,0.14888042,0.04834670,0.07706020,0.00289782,0.04449896,0.01954173,0.02981296,0.02482979,0.07384817,0.00466649,0.00000000,0.01855604,0.00000000,0.00140117,0.02528826,0.00000000,0.00000000,0.02099961,0.00000000,0.21422140,0.07491804,0.00440163,0.06088577,0.00000000,0.00000000,0.01782587,0.04381057,0.05602665,0.00000000,0.00683735,0.01252297,0.00723098,0.00000000,0.00000000,0.00000000,0.04258326,0.07968499,0.10384182,0.03500162,0.01836930,0.15273461,0.13361715,0.00061596,0.01825814,0.00000000,0.00000000,0.37888372,0.44096678,0.00473611,0.00000000,0.12734766,0.05420327,0.00362233,0.00732547,0.01074266,0.11277305,0.00000000,0.01381219,0.06084356,0.05442012,0.00000000,0.00285367,0.00000000,0.00489282,0.00000000,0.00071507,0.09724286,0.00731805,0.01006227,0.00000000,0.00000000,0.00000000,0.02626770,0.00733672,0.00060392,0.03082514,0.01867999,0.00000000,0.13011137,0.00000000,0.00000000,0.02226132,0.00510547,0.00000000,0.00413064,0.00000000,0.00051856,0.03146284,0.00000000,0.00818657,0.08341794,0.00000000,0.00000000,0.01130646,0.00747584,0.09431148,0.00066668,0.00000000,0.00733060,0.32927755,0.00000000,0.03352675,0.03143656,0.27964878,0.01670838,0.07488979,0.01535341,0.00004862,0.00318236,0.01390832,0.01519154,0.07988743,0.00000000,0.00000000,0.00000000,0.00867013,0.00000000,0.00513010,0.00000000,0.00038521,0.00000000,0.00000000,0.11593138,0.13788822,0.00000000,0.01474718,0.03066492,0.00169333,0.00000000,0.00000000,0.00216295,0.00152430,0.00000000,0.01229051,0.00000000,0.00061297,0.00000000,0.00000000,0.12725943,0.10970295,0.00000000,0.03516179,0.00000000,0.00129345,0.01684374,0.09624129,0.00000000,0.00668862,0.05519033,0.46102244,0.00584459,0.01744030,0.00000000,0.00000000,0.00013038,0.00240371,0.01894560,0.05668761,0.00073723,0.46549511,0.22352839,0.31414980,0.15648492,0.01810213,0.00435955,0.01650665,0.01396758,0.00000000,0.03605208,0.00000000,0.00000000,0.00042487,0.04920229,0.00106660,0.05928003,0.00012443,0.29087114,0.05153847,0.00000000,0.07286485,0.02947453,0.01401640,0.01402147,0.01119102,0.25444078,0.00000000,0.00401480,0.08968595,0.00251974,0.00000000,0.00387050,0.06126691,0.00000000,0.10350846,0.00000000,0.00000000,0.00000000,0.00000000,0.03637788,0.23287395,0.00177779,0.00000000,0.05061786,0.04991075,0.00000000,0.06833960,0.02784677,0.00000000,0.00252650,0.00000000,0.00144051,0.10364807,0.00701102,0.03120567,0.02384646,0.00000000,0.05143737,0.00000000,0.02814105,0.00460338,0.00000000,0.00021431,0.00000000,0.03048703,0.00000000,0.00000000,0.03523714,0.00019112,0.00000000,0.13882896,0.00000000,0.06517112,0.00000000,0.01561835,0.00822681,0.17321134,0.00000000,0.01194696,0.06756592,0.00063722,0.00000000,0.01646088,0.07146904,0.00000000,0.00205061,0.09633532,0.00000000,0.00505733,0.74155694,0.03909380,0.00878488,0.12726964,0.00136174,0.00000000,0.07063588,0.30223724,0.00000000,0.00000000,0.06033565,0.00036429,0.03703645,0.00287249,0.00000000,0.00000000,0.04823896,0.20178786,0.00000000,0.03506928,0.04854427,0.00253695,0.22831956,0.07768194,0.00922603,0.00000000,0.01402260,0.01043663,0.01248005,0.04402063,0.00551911,0.00646056,0.00000000,0.11592938,0.00732177,0.00000000,0.00000000,0.00000000,0.00000000,0.00020159,0.05850936,0.00963277,0.01664419,0.00000000,0.00654806,0.03039817,0.00815571,0.00000000,0.03476910,0.00000000,0.00265410,0.00481687,0.00000000,0.00000000,0.00000000,0.38544846,0.01990187,0.01337642,0.05117162,0.00827082,0.00000000,0.00874480,0.01397789,0.03162551,0.00000000,0.02765495,0.00246072,0.11243101,0.00000000,0.00000000,0.00339811,0.00000000,0.00000000,0.00000000,0.00259279,0.00135551,0.00000000,0.01068544,0.34782684,0.00000000,0.00000000,0.11839925,0.00000000,0.03112803,0.00000000,0.00418701,0.18564162,0.00143956,0.00000000,0.00000000,0.27848724,0.00000000,0.00000000,0.00189396,0.20435095,0.00744658,0.00000000,0.00000000,0.00090484,0.23190632,0.00149712,0.06179622,0.00000000,0.00073122,0.00580624,0.02777700,0.05838806,0.00218721,0.00000000,0.00855668,0.00000000,0.02528497,0.00376764,0.01535639,0.03077277,0.25794208,0.00000000,0.09426920,0.03144905,0.00000000,0.00000000,0.03847042,0.05496823,0.00642205,0.00000000,0.04394009,0.64050990,0.11326998,0.00000000,0.00000000,0.00000000,0.00000000,0.18096514,0.00000000,0.00000000,0.00000000,0.00000000,0.00000000,0.11444082,0.03185808,0.00000000,0.16888270,0.00000000,0.00413667,0.00000000,0.16431254,0.00000000,0.00000000,0.00458617,0.01628238,0.00888303,0.00000000,0.10843937,0.07583931,0.34703872,0.00116318,0.01020032,0.00000000,0.02460555,0.00000000,0.37240049,0.08555878,0.33282012,0.01503481,0.00000000,0.01213605,0.00000000,0.06754628,0.61861616,0.00000000,0.03413464,0.00000000,0.24770175,0.00864941,0.02123284,0.00000000,0.01344697,0.00000000,0.03148905,0.00000000,0.05477197,0.00301832,0.01444372,0.06137600,0.00488152,0.00000000,0.00091641,0.00800931,0.00000000,0.00000000,0.00000000,0.00000000,0.00000000,0.00578494,0.07667094,0.24109384,0.03200052,0.00000000,0.02482251,0.00673372,0.01873268,0.03196425,0.05205766,0.00000000,0.01776156,0.08313186,0.00000000,0.00000000,0.00000000,0.00258902,0.01915565,0.02150624,0.00000000,0.03182455,0.00000000,0.00463501,0.00616559,0.04387342,0.00000000,0.00238625,0.12151144,0.00367673,0.46751466,0.00218965,0.37885571,1.24049437,0.00000000,0.00000000,0.00409376,0.05737871,0.02922011,0.00611350,0.02226547,0.00000000,0.00062980,0.00000000,0.05094648,0.17609417,0.20840725,0.00000000,0.01875914,0.06479990,0.01589272,0.00301950,0.07680798,0.00000000,0.53694296,0.00000000,0.00353999,0.00129879,0.00106772,0.00399128,0.06590167,0.00270553,0.02206593,0.00328818,0.00000000,0.00206238,0.00905644,0.81339926,0.02843642,0.02057085,0.15447487,0.00000000,0.10696936,0.63818264,0.00000000,0.00722164,0.00000000,0.00382798,0.02622123,0.03970180,0.18229899,0.04604683,0.00000000,0.00774593,0.00055183,0.00078958,0.02916385,0.06919947,0.00022833,0.00000000,0.17647228,0.00000000,0.05871382,0.00000000,0.10907310,0.00044465,0.00000000,0.00441872,0.00397332,0.00313707,0.00845436,0.03407998,0.00696593,0.00459698,0.21574010,0.00000000,0.00031793,0.03272318,0.00000000,0.01562877,0.00526983,0.02778011,0.00000000,0.23874725,0.00000000,0.00554170,0.00040979,0.00232209,0.00000000,0.00923264,0.01029918,0.01679509,0.03714713,0.00084842,0.00225485,0.03804242,0.00283414,0.04764586,0.12140821,0.00000000,0.04629166,0.00000000,0.00106287,0.00000000,0.00566693,0.06024460,0.00000000,0.00000000,0.01873521,0.02522600,0.00105529,0.00000000,0.00000000,0.00012722,0.00000000,0.00672885,0.00000000,0.30852079,0.00000000,0.01146954,0.00000000,0.00000000,0.00000000,0.00415621,0.00770035,0.00000000,0.28535682,0.00275360,0.50069940,0.13424845,0.00000000,0.00112151,0.00085334,0.00000000,0.19559835,0.00441056,0.01260579,0.00123742,0.94499260,0.00000000,0.00454033,0.00000000,0.03213993,0.00000000,0.01197360,0.00000000,0.02605182,0.02015066,0.00000000,0.00126709,0.03022556,0.00187505,0.14102294,0.00000000,0.00000000,0.13770178,0.00486204,0.03095408,0.01251889,0.08085697,0.17923538,0.14094530,0.15018724,0.00125240,0.06600701,0.01551421,0.01106026,0.06057904,0.03916195,0.00000000,0.00188737,0.03529160,0.07040452,0.00000000,0.00000000,0.00877550,0.01646180,0.00538090,0.05950156,0.00136095,0.00000000,0.00412409,0.03150288,0.00000000,0.16321810,0.43287903,0.15879662,0.43209067,0.00000000,0.04748074,0.00484004,0.00000000,0.00000000,0.04890757,0.02764132,0.06333130,0.04320391,0.22111717,0.11508184,0.00000000,0.00305701,0.10325813,0.00214545,0.13183992,0.02548615,0.23369457,0.00000000,0.06737231,0.00159396,0.00715053,0.00000000,0.00000000,0.00343337,0.01310860,0.00000000,0.00519504,0.00269815,0.08323006,0.18492234,0.00426312,0.50873971,0.00000000,0.00668759,0.00179948,0.00085450,0.00000000,0.00000000,0.00364918,0.00000000,0.00342787,0.22104031,0.00111508,0.02322049,0.01497726,0.34159464,0.00406293,0.07183255,0.15546943,0.01309205,0.00000000,0.00000000,0.02171838,0.00049022,0.01996405,0.10865693,0.00000000,0.00818846,0.00000000,0.00000000,0.01264121,0.09071480,0.00602031,0.19433764,0.00372892,0.00000000,0.00603246,0.00000000,0.16294201,0.00000000,0.00500738,0.13015833,0.00000000,0.00000000,0.85478687,0.08255924,0.22884622,0.00325577,0.06481736,0.03734897,0.01913785,0.00599427,0.00000000,0.03123010,0.00000000,0.08279222,0.13552654,0.01229492,0.17351113,0.00000000,0.09220050,0.00701979,0.00000000,0.00019114,0.00000000,0.04901757,0.00265411,0.00031637,0.04024344,0.01574381,0.00356676,0.00000000,0.00182162,0.29370189,0.10494954,0.01537383,0.03313093,0.06712585,0.01421090,0.00000000,0.01407819,0.00342332,0.00000000,0.00863997,0.00000000,0.00000000,0.39397606,0.00000000,0.01124052,0.00244475,0.00000000,0.00000000,0.00003424,0.25483021,1.20017540,0.46960741,0.09077992,0.08496937,0.01722144,0.00000000,0.00997556,0.00000000,0.17919846,0.05267740,0.05277992,0.07640341,0.04012468,0.50520885,0.03799174,0.43053290,0.00331273,0.04017646,0.06632598,0.00000000,0.17253539,0.00420818,0.00000000,0.00000000,0.04785987,0.09041186,0.00000000,0.35397220,0.00000000,0.02541575,0.03114576,0.57229459,0.02547004,0.05269591,0.05547279,0.00000000,0.00922999,0.00000000,0.00000000,0.00000000,0.00000000,0.00000000,0.00000000,0.02217419,0.00824186,0.00072687,0.03030727,0.00000000,0.00028838,0.00094286,0.00710409,0.06068541,0.01925456,0.01037009,0.03375630,0.00000000,0.00184459,0.04012122,0.28508353,0.00362031,0.02265284,0.00000000,0.01418892,0.03281186,0.00000000,0.00058675,0.00000000,0.05921105,0.00000000,0.00248212,0.00000000,0.65020001,0.00264920,0.02395192,0.00000000,0.01929463,0.19957829,0.36511812,0.00357311,0.17781335,0.17311971,0.08366351,0.27767181,0.00000000,0.06350543,0.37705821,0.00000000,0.04330395,0.09452917,0.00000000,0.14903790,0.00000000,0.01399841,0.01553892,0.00000000,0.00000000,0.00000000,0.00196063,0.00000000,0.03408442,0.00947163,0.02854917,0.00000000,0.00003832,0.00092779,0.07412166,0.00000000,0.00000000,0.00350633,0.00000000,0.00000000,0.00000000,0.01592678,0.00000000,0.04250584,0.00000000,0.04340359,0.00000000,0.00000000,0.02175995,0.00000000,0.00431737,0.05987587,0.00325344,0.00000000,0.00000000,1.17293513,0.00000000,0.00257765,0.00000000,0.00573173,0.00000000,0.02566580,0.00816624,0.00508262,0.00000000,0.00148068,0.04002935,0.00000000,0.56078523,0.03544080,0.00184178,0.51275241,0.10283613,0.01681152,0.04919362,0.07421616,0.06191764,0.00000000,0.00000000,0.06943084,0.13279924,0.00000000,0.00000000,0.00000000,0.01369330,0.02249182,0.00000000,0.00000000,0.00000000,0.00000000,0.20166445,0.03824379,0.00773398,0.00844114,0.00963334,0.00000000,0.00000000,0.00000000,0.00185905,0.05722924,0.00351103,0.00358192,0.12950832,0.00504559,0.01708524,0.00000000,0.00000000,0.00000000,0.08444054,0.00000000,0.00681544,0.21783188,0.00473533,0.00000000,0.00000000,0.15937768,0.10555951,0.00134998,0.00200946,0.04495764,0.00217223,0.28577989,0.17799819,0.00000000,0.07848779,0.04263719,0.06068323,0.00712443,0.18996379,0.29211560,0.00909689,0.00011724,0.00000000,0.14983813,0.00121464,0.03660090,0.00009030,0.00061093,0.03119134,0.00000000,0.03625295,0.00000000,0.00000000,0.00000000,0.00000000,0.00005131,0.00000000,0.00000000,0.03088730,0.03617369,0.00946283,0.02639818,0.10111517,0.00090263,0.00000000,0.02037287,0.10090515,0.00000000,0.00000000,0.05218902,0.00822515,0.00000000,0.00000000,0.00000000,0.03713757,0.05114370,0.00245744,0.01262842,0.00000000,0.00000000,0.00268568,0.00088057,0.16843019,0.00000000,0.01129158,0.01221303,0.05454790,0.28098571,0.00206084,0.00000000,0.00144350,0.00990982,0.01507172,0.00000000,0.13187619,0.01677982,0.00226467,0.00000000,0.00000000,0.01130999,0.01186657,0.00329615,0.00000000,0.00914704,0.00000000,0.03399195,0.00437736,0.00725984,0.01292672,0.00433714,0.02671454,0.00000000,0.34326330,0.00000000,0.03955710,0.43226355,0.00192721,0.18992122,0.00299796,0.03958780,0.00000000,0.63918453,0.00030284,0.01169429,0.00684575,0.01003865,0.00000000,0.05966382,0.08193933,0.00460153,0.00000000,0.00117892,0.00000000,0.00000000,0.06388835,0.02613501,0.00329490,0.00695286,0.00165542,0.00038095,0.00000000,0.00000000,0.07713725,0.09655738,0.00106570,0.00171940,0.00000000,0.07578787,0.00043747,0.01106637,0.00000000,0.31193575,0.33046514,0.25566879,0.00000000,0.03889047,0.00338753,0.04748269,0.04945691,0.00129192,0.00265974,0.06186548,0.01069446,0.09410960,0.08683065,0.00000000,0.01941621,0.00000000,0.12802225,0.02097926,0.06401574,0.00108422,0.35627863,0.00337556,0.00000000,0.00000000,0.02440396,0.02986904,0.00769044,0.02530955,0.01732524,0.00000000,0.00000000,0.01895603,0.00550014,0.24930145,0.01884515,0.00000000,0.00000000,0.01292759,0.00000000,0.05204236,0.00000000,0.00000000,0.00127467,0.01614877,0.00000000,0.01338806,0.09650306,0.00172672,0.06733790,0.46317327,0.00000000,0.02601841,0.00000000,0.00000000,0.02126604,0.00000000,0.06134732,0.05435770,0.00000000,0.00000000,0.86933577,0.00895108,0.00000000,0.01054258,0.00000000,0.00998808,0.09435330,0.00319456,0.09558635,0.06870992,0.02096061,0.00161036,0.00000000,0.07159637,0.06082833,0.00083063,0.00688813,0.00000000,0.02108984,0.03687983,0.00942040,0.06203133,0.00000000,0.04336119,0.00000000,0.02305922,0.04548972,0.00000000,0.00000000,0.00000000,0.26186222,0.00000000,0.05223255,0.11093883,0.00000000,0.00000000,0.00000000,0.36485896,0.00000000,0.61309785,0.00174971,0.00000000,0.00315949,0.00358422,0.06210037,0.00077409,0.00000000,0.02400514,0.00703194,0.01651189,0.04285232,0.00000000,0.31879798,0.00000000,0.00376329,0.06344144,0.02537850,0.00000000,0.19828717,0.28737426,0.00000000,0.00000000,0.00256938,0.00000000,0.00051991,0.00000000,0.04502794,0.00000000,0.00000000,0.00000000,0.00000000,0.00246755,0.04759449,0.05648953,0.09557592,0.08174981,0.02981197,0.10711332,0.02842439,0.00000000,0.00000000,0.41798660,0.57070261,0.00000000,0.00000000,0.26269197,0.00000000,0.36455151,0.00000000,0.00000000,0.00000000,0.00000000,0.00000000,0.01331510,0.21599291,0.01258095,0.13481341,0.01630749,0.00711623,0.06016076,0.00575707,0.06021912,0.00000000,0.00000000,0.27681103,0.00000000,0.00000000,0.00302142,0.00000000,0.00172801,0.02494903,0.20266594,0.01397295,0.00304285,0.00000000,0.00036735,0.96337152,0.00000000,0.01286761,0.00000000,0.02878710,0.00000000,0.07087608,0.05934478,0.02809929,0.00000000,0.10114694,0.00803348,0.01179460,0.26541063,0.00000000,0.03995555,0.00000000,0.09186190,0.00531447,0.00202898,0.00914730,0.00079708,0.00000000,0.00000000,0.13730867,0.07562853,0.00000000,0.02565040,0.06243187,0.00000000,0.07526428,0.06144803,0.00000000,0.01341336,0.00000000,0.00000000,0.00000000,0.00668915,0.01445952,0.00000000,0.04255616,0.09011179,0.00158657,0.00000000,0.16051753,0.00000000,0.01267214,0.00070958,0.02731965,0.00000000,0.00000000,0.04898488,0.01242718,0.00000000,0.11212150,0.37972447,0.00000000,0.17751721,0.00000000,0.01365721,0.00000000,0.11844282,0.00000000,0.05346650,0.05697253,0.00000000,0.00669889,0.00116741,0.00000000,0.00320606,0.00015784,0.00909611,0.01302429,0.00000000,0.00000000,0.00555156,0.00277097,0.04057684,0.00000000,0.00000000,0.00000000,0.01028540,0.00600595,0.01436192,0.19624828,0.00692759,0.01531657,0.00406952,0.00000000,0.00000000,0.00000000,0.00000000,0.00000000,0.00353185,0.02645868,0.00000000,0.00000000,0.43436250,0.02108416,0.00000000,0.00000000,0.03913957,0.00167598,0.02779130,0.19318235,0.00000000,0.02515552,0.01379833,0.00116212,0.04907894,0.00229528,0.13965262,0.00201315,0.01743489,0.00000000,0.09041815,0.02706078,0.00000000,0.00000000,0.00000000,0.25373098,0.00000000,0.00252686,0.11110307,0.00000000,0.06359006,0.00000000,0.00000000,0.00000000,0.00000000,0.00000000,0.00000000,0.00000000,0.00000000,0.00219867,0.05860347,0.09595788,0.00000000,0.33780232,0.53937739,0.00124418,0.00000000,0.00000000,0.00202121,0.03006295,0.00000000,0.00757953,0.00040959,0.00264136,0.06270210,0.00000000,0.00114831,0.00000000,0.05887536,0.15573037,0.04814206,0.00240478,0.01138225,0.00000000,0.02003163,0.39491066,0.19624904,0.00141649,0.00026996,0.01132835,0.00023539,0.01350501,0.00614286,0.03189513,0.00099716,0.00000000,0.05389229,0.00626973,0.05064239,0.00228865,0.00000000,0.01197937,0.19762973,0.00180543,0.00000000,0.00000000,0.11111061,0.00496167,0.07488866,0.00000000,0.00000000,0.03106120,0.00289166,0.02137885,0.00371091,0.00000000,0.05805030,0.13885893,0.00000000,0.00000000,0.00000000,0.00087178,0.00000000,0.00000000,0.00000000,0.00000000,0.00000000,0.00000000,0.00000000,0.00000000,0.00000000,0.01334786,0.00399814,0.15515904,0.01458932,0.00000000,0.00559154,0.00004138,0.00459961,0.07807902,0.55174822,0.03120097,0.23948950,0.03812349,0.00000000,0.09872466,0.00000000,0.00074926,0.00000000,0.06182678,0.00000000,0.01542486,0.00188585,0.03469200,0.01861060,0.05761523,0.00000000,0.00465036,0.00914076,0.03989678,0.00316930,0.00000000,0.05802681,0.00000000,0.01724268,0.00000000,0.09339315,0.01022167,0.01675325,0.00000000,0.00084635,0.01131530,0.00097341,0.01102254,0.03386753,0.01899085,0.00000000,0.07654746,0.00000000,0.48681787,0.00000000,0.00000000,0.05175513,0.00000000,0.12519646,0.00000000,0.00441398,0.00367059,0.06045391,0.02304100,0.00118071,0.00000000,0.08324448,0.00000000,0.00000000,0.52654970,0.00000000,0.01367969,0.03714385,0.01002290,0.05520305,0.37980342,0.01125976,0.00538987,0.00025428,0.41644913,0.00000000,0.01058857,0.00000000,0.20455967,0.00000000,0.02539400,0.00942902,0.00000000,0.00000000,0.43854144,0.00000000,0.00000000,0.00000000,0.00000000,0.03950904,0.00519897,0.24692582,0.00613151,0.09659289,0.00000000,0.00084523,0.21518175,0.09683802,0.00000000,0.00243578,0.00000000,0.01184470,0.00020339,0.22270788,0.00841920,0.09722238,0.00550278,0.00000000,0.01121401,0.00126646,0.00000000,0.03577824,0.01073156,0.00000000,0.03762251,0.11280099,0.00791443,0.01560907,0.00314399,0.00000000,0.01475386,0.00118850,0.00000000,0.06378328,0.28507677,0.00000000,0.00163349,0.08629315,0.07881477,0.12177641,0.01758795,0.00000000,0.00654359,0.02303134,0.00000000,0.15461473,0.00000000,0.00000000,0.00863407,0.03585044,0.06003047,0.00060412,0.14567155,0.00388521,0.00000000,0.04594626,0.00000000,0.00000000,0.00000000,0.00000000,0.01315575,0.00000000,0.01918450,0.00728465,0.04922932,0.00041925,0.00000000,0.00000000,0.00000000,0.37910670,0.00029539,0.06998562,0.00099903,0.00104889,0.10046695,0.00226549,0.08684408,0.00000000,0.05159187,0.32480749,0.09426753,0.04254390,0.10832590,0.10770696,0.00034857,0.00368827,0.04758607,0.00000000,0.03057376,0.00004475,0.00182894,0.06829669,0.00530274,0.00007020,0.00000000,0.00157422,0.03762571,0.06117972,0.07555350,0.00000000,0.00589675,0.00000000,0.05364471,0.01020485,0.00000000,0.00291931,0.08738063,0.02868274,0.00000000,0.01250991,0.06926858,0.00440535,0.03597707,0.00000000,0.00000000,0.09860998,0.00734001,0.00562815,0.25529277,0.08952045,0.00000000,0.07957198,0.00000000,0.34417021,0.10357923,0.00000000,0.00000000,0.00000000,0.07113796,0.00054282,0.07800610,0.00213520,0.05288888,0.00000000,0.13141668,0.00000000,0.07841043,0.00000000,0.02716989,0.07880662,0.00000000,0.00000000,0.00749369,0.01022948,0.01084585,0.00169337,0.02669916,0.00000000,0.01928844,0.00000000,0.00064106,0.02325914,0.02093132,0.00000000,0.09234648,0.00000000,0.00774047,0.00000000,0.00000000,0.16106659,0.00000000,0.15783700,0.25087550,0.29996353,0.00000000,0.00381157,0.00000000,0.05062822,0.29240873,0.00000000,0.00699795,0.00572239,0.00000000,0.02082378,0.00000000,0.01363086,0.00000000,0.06280597,0.00000000,0.00974663,0.00739460,0.00931364,0.00000000,0.00271327,0.00000000,0.19355144,0.00000000,0.25865212,0.00725116,0.25714591,0.01520563,0.09915233,0.00123142,0.00611509,0.15309262,0.04896616,0.00000000,0.00000000,0.10626433,0.00098967,0.05100624,0.09965755,0.00307621,0.10721054,0.00483966,0.08955371,0.00000000,0.00377034,0.00000000,0.00000000,0.02672022,0.00372697,0.00000000,0.25228485,0.01963134,0.00138103,0.02946199,0.00000000,0.00165453,0.05886475,0.00204059,0.06811947,0.07760400,0.05669196,0.01319076,0.00097589,0.01849386,0.00176617,0.08196326,0.04239975,0.00000000,0.01949257,0.00097943,0.21534902,0.01476469,0.00000000,0.11396169,0.00773851,0.10043057,0.00000000,0.02081285,0.01566834,0.07301667,0.19580416,0.02291097,0.00000000,0.57075727,0.00000000,0.04701855,0.43162438,0.00256131,0.00000000,0.00548400,0.00000000,0.00389789,0.01723729,0.00000000,0.05068333,0.16351995,0.00480385,0.00070324,0.00569451,0.03354548,0.00257986,0.00000000,0.00389132,0.00000000,0.01339179,0.08915312,0.02322537,0.00039913,0.00000000,0.00000000,0.02717055,0.01153707,0.56040424,0.08574631,0.04330882,0.01173155,0.00181545,0.23918548,0.02890529,0.00000000,0.00000000,0.00000000,0.00000000,0.00515052,0.00347520,0.00000000,0.00000000,0.00158085,0.06554909,0.01583840,0.02537937,0.12612993,0.00812023,0.00000000,0.00144493,0.00000000,0.21470894,0.01953295,0.00186107,0.00428407,0.04899740,0.00000000,0.03796581,0.00000000,0.00000000,0.06712060,0.07053737,0.00000000,0.01363043,0.00000000,0.01503980,0.00568115,0.00489049
